node, assignment, time2inf_trt
0,ne_ni,46.46748204079593
1,ne_ni,48.60280081903066
2,ne_ni,39.91572615387721
3,ne_ni,79.79032103258392
4,ne_ni,1000
5,ne_ni,46.947687105193495
6,ne_ni,47.0345149417644
7,ne_ni,70.09306136231844
8,ne_ni,34.23822665840421
9,ne_ni,83.38761544864431
10,ne_ni,72.8103109623877
11,ne_ni,51.796913442976255
12,ne_ni,98.24563362303071
13,ne_ni,70.97861765154735
14,ne_ni,13.639072041572172
15,ne_ni,58.566714252685934
16,ne_ni,1000
17,ne_ni,55.32070227044707
18,ne_ni,69.16888212625138
19,ne_ni,1000
20,ne_ni,65.21710475875291
21,ne_ni,52.92555074162734
22,ne_ni,103.49087184341373
23,ne_ni,75.30973742199618
24,ne_ni,122.47111138443387
25,ne_ni,1000
26,ne_ni,38.694212030388805
27,ne_ni,1000
28,ne_ni,1000
29,ne_ni,1000
30,e,1000
31,ne_ni,103.49273648059139
32,ne_ni,1000
33,ne_ni,1000
34,ne_ni,83.38711909427242
35,ne_ni,1000
36,ne_ni,135.4397991341306
37,ne_ni,107.31089247982226
38,e,1000
39,ne_ni,1000
40,ne_ni,97.25621455490666
41,ne_ni,90.0738302267829
42,ne_ni,49.42501768295106
43,ne_ni,25.350676989598178
44,ne_ni,59.17747897095695
45,ne_ni,1000
46,ne_ni,73.88524585655564
47,ne_ni,133.1923024050546
48,ne_ni,1000
49,ne_ni,106.5426445032892
50,ne_ni,105.83543767705181
51,ne_ni,1000
52,ne_ni,54.0907639342911
53,ne_ni,1000
54,ne_ni,1000
55,ne_ni,101.12978463390732
56,ne_ni,65.69582499590025
57,ne_ni,19.883855986622343
58,ne_ni,1000
59,ne_ni,41.6713934331151
60,ne_ni,1000
61,e,64.45823334423581
62,ne_ni,17.771725604336893
63,ne_ni,108.20123063115508
64,ne_ni,120.45036360023748
65,ne_ni,62.26130072299711
66,ne_ni,90.29865004710874
67,ne_ni,1000
68,ne_ni,78.25107847874281
69,ne_ni,61.256346078565635
70,ne_ni,94.07408412207715
71,ne_ni,88.12892769892878
72,ne_ni,49.734205605924245
73,ne_ni,88.28615817312105
74,ne_ni,53.93768854960709
75,ne_ni,1000
76,ne_ni,88.99101880330792
77,ne_ni,86.20088949237531
78,ne_ni,56.118058565148985
79,ne_ni,61.80902868930924
80,ne_ni,137.5104114494949
81,ne_ni,1000
82,ne_ni,1000
83,ne_ni,78.5097460502745
84,ne_ni,50.26571771273954
85,ne_ni,34.850252475390555
86,ne_ni,36.258969536447516
87,ne_ni,18.039859057419648
88,ne_ni,63.35028957463805
89,ne_ni,92.4813421152562
90,ne_ni,92.38563163806106
91,ne_ni,50.18491385098263
92,ne_ni,57.8138200710211
93,e,1000
94,ne_ni,89.28513909746984
95,ne_ni,65.82196806057732
96,ne_ni,63.178263794679246
97,ne_ni,61.20764254264892
98,ne_ni,114.43127930701846
99,e,1000
100,ne_ni,30.459597751878135
101,ne_ni,70.24403750497724
102,ne_ni,106.19270882260986
103,ne_ni,75.02843642870273
104,ne_ni,1000
105,ne_ni,51.7667105155348
106,ne_ni,57.23623633305429
107,ne_ni,73.89028186492835
108,ne_ni,24.458290512065552
109,ne_ni,51.59032602903578
110,ne_ni,52.7021690057935
111,ne_ni,1000
112,ne_ni,1000
113,ne_ni,115.10725726412485
114,ne_ni,77.42287967714553
115,ne_ni,72.95725314957379
116,ne_ni,1000
117,ne_ni,121.2447186107241
118,ne_ni,90.88287812214864
119,ne_ni,58.21636476279852
120,ne_ni,44.00685939455341
121,ne_ni,1000
122,ne_ni,1000
123,e,32.189822554740275
124,ne_ni,101.0273008975917
125,ne_ni,1000
126,ne_ni,73.18369560351817
127,ne_ni,82.05837768454542
128,ne_ni,1000
129,ne_ni,72.30996015501206
130,ne_ni,77.57854298378379
131,ne_ni,85.78828945702175
132,ne_ni,91.73950034595042
133,ne_ni,33.39603570176111
134,ne_ni,1000
135,ne_ni,1000
136,ne_ni,29.97739429615935
137,ne_ni,92.71718559515843
138,ne_ni,84.98527884217054
139,ne_ni,89.70206196835377
140,ne_ni,45.039193443304626
141,ne_ni,70.85476912314029
142,ne_ni,62.72492627686737
143,ne_ni,72.34709144730911
144,ne_ni,54.35528636809707
145,ne_ni,52.753100934831885
146,ne_ni,49.659678068039376
147,ne_ni,105.23665267225518
148,ne_ni,69.97579008966076
149,ne_ni,31.81426396808919
150,ne_ni,72.09362255767344
151,ne_ni,103.12434411568523
152,ne_ni,89.85214985496341
153,e,120.11488002096466
154,ne_ni,70.7391488127236
155,ne_ni,75.38047399973675
156,ne_ni,54.10982615926415
157,ne_ni,60.13432439624141
158,ne_ni,1000
159,ne_ni,75.0382914093871
160,ne_ni,84.4938733820113
161,ne_ni,56.39803518571735
162,ne_ni,1000
163,ne_ni,54.097283732173636
164,ne_ni,66.13021856550873
165,e,1000
166,ne_ni,82.43793889949002
167,ne_ni,123.92971555546193
168,ne_ni,44.01211009532847
169,ne_ni,45.499660816608106
170,ne_ni,108.15417275594626
171,ne_ni,1000
172,ne_ni,122.56371819331478
173,ne_ni,80.51099415686151
174,ne_ni,98.68652801914695
175,ne_ni,89.98342623495134
176,ne_ni,37.1135148581468
177,ne_ni,1000
178,ne_ni,102.7107665738784
179,ne_ni,104.36857851346535
180,ne_ni,45.484347336636716
181,ne_ni,98.49936901484242
182,ne_ni,52.527949662034565
183,ne_ni,75.31099526104968
184,ne_ni,64.20980864095232
185,ne_ni,72.864264999396
186,ne_ni,66.80633215230483
187,ne_ni,25.15909651876107
188,e,78.97767136553632
189,ne_ni,40.74237309858214
190,ne_ni,1000
191,e,1000
192,ne_ni,43.52556944494323
193,ne_ni,78.7285053829216
194,ne_ni,43.2722017732355
195,ne_ni,70.7501316260952
196,ne_ni,96.30785706904697
197,ne_ni,61.496045949175915
198,ne_ni,60.01266297848144
199,ne_ni,62.61957527359803
200,ne_ni,1000
201,ne_ni,88.06059151266298
202,ne_ni,115.85366172334055
203,ne_ni,110.44375064539334
204,ne_ni,93.4620561375677
205,ne_ni,1000
206,ne_ni,1000
207,ne_ni,70.07304029328782
208,ne_ni,1000
209,ne_ni,1000
210,ne_ni,1000
211,ne_ni,1000
212,ne_ni,60.64076544381797
213,ne_ni,55.90351985622173
214,ne_ni,0
215,ne_ni,15.742778276687273
216,ne_ni,89.5110308949008
217,ne_ni,71.02311103316832
218,ne_ni,54.8190981568877
219,ne_ni,1000
220,ne_ni,1000
221,ne_ni,68.03635386055281
222,e,1000
223,ne_ni,20.834007034640816
224,ne_ni,76.86124370309386
225,ne_ni,83.83955486086403
226,ne_ni,92.56446627076232
227,ne_ni,1000
228,ne_ni,101.37523213018635
229,ne_ni,67.30449214806755
230,ne_ni,1000
231,e,69.2669307530161
232,e,1000
233,ne_ni,106.72028638283356
234,ne_ni,81.66595245787424
235,ne_ni,98.12419511129093
236,ne_ni,79.39687433486156
237,ne_ni,43.87214790197046
238,ne_ni,22.317863763143613
239,ne_ni,38.744665372492555
240,ne_ni,94.522120075641
241,ne_ni,101.46207720130857
242,ne_ni,62.69744867628272
243,ne_ni,53.77895138396311
244,e,1000
245,ne_ni,60.51759300108098
246,ne_ni,96.36935855911076
247,ne_ni,72.28542420010244
248,ne_ni,113.0198508968707
249,ne_ni,83.21879843849003
250,ne_ni,59.83324157965955
251,ne_ni,1000
252,ne_ni,103.98849658745054
253,ne_ni,63.72601006941989
254,ne_ni,79.96195603788225
255,ne_ni,64.73891918641928
256,ne_ni,47.830742128118175
257,ne_ni,73.23993622612234
258,ne_ni,95.44980976565022
259,ne_ni,1000
260,ne_ni,73.35297206300451
261,ne_ni,42.497298365600905
262,ne_ni,68.8521860217866
263,ne_ni,69.02014625795276
264,ne_ni,1000
265,ne_ni,39.103552328841516
266,ne_ni,80.00132619367702
267,e,1000
268,ne_ni,1000
269,ne_ni,52.4714161463818
270,ne_ni,80.81908354200816
271,ne_ni,101.31090044452696
272,ne_ni,1000
273,ne_ni,1000
274,ne_ni,66.36374233810754
275,ne_ni,50.34246227128591
276,ne_ni,82.54892829665616
277,ne_ni,1000
278,e,1000
279,ne_ni,63.045131977074576
280,ne_ni,1000
281,ne_ni,1000
282,ne_ni,87.48802261613868
283,ne_ni,85.51010021117813
284,ne_ni,79.78928245203286
285,ne_ni,48.70642570649209
286,ne_ni,1000
287,ne_ni,58.039282597605464
288,ne_ni,56.49909645323635
289,ne_ni,75.17497445499669
290,ne_ni,98.31984319790946
291,ne_ni,1000
292,e,1000
293,ne_ni,48.818755551159605
294,ne_ni,1000
295,ne_ni,72.71367165898056
296,ne_ni,33.36807419634708
297,ne_ni,108.88282126065896
298,ne_ni,99.095560975808
299,ne_ni,38.13812180355755
300,ne_ni,51.09667899914347
301,ne_ni,1000
302,ne_ni,134.16797099615172
303,ne_ni,51.88660987274333
304,ne_ni,149.48903989725036
305,ne_ni,71.45431745652596
306,ne_ni,89.4989420288861
307,ne_ni,103.65122759871933
308,ne_ni,94.8585745152388
309,ne_ni,62.88450278731307
310,ne_ni,97.93370032012447
311,ne_ni,72.01476954473962
312,e,79.0822256214576
313,ne_ni,57.73176267578445
314,ne_ni,83.9131707838402
315,ne_ni,51.80244481617059
316,ne_ni,59.03162641683928
317,ne_ni,52.512945517461915
318,ne_ni,78.79667740685278
319,ne_ni,82.88582092794977
320,ne_ni,78.86198826735233
321,ne_ni,97.39584130223791
322,ne_ni,110.1467793381033
323,e,20.975334605286452
324,ne_ni,108.38968203709828
325,ne_ni,65.28343725156697
326,ne_ni,96.42289467303067
327,ne_ni,1000
328,ne_ni,34.50157909324115
329,ne_ni,1000
330,ne_ni,1000
331,e,75.36430997580143
332,ne_ni,1000
333,ne_ni,73.5836398032414
334,ne_ni,122.2440671366119
335,ne_ni,58.088399206652646
336,ne_ni,1000
337,ne_ni,52.959795019497115
338,ne_ni,33.93690774151784
339,ne_ni,75.31160825502847
340,ne_ni,60.7465084284761
341,ne_ni,66.38014455940178
342,ne_ni,52.81560620157845
343,ne_ni,1000
344,ne_ni,79.28764460510564
345,ne_ni,19.690030739839816
346,ne_ni,81.31081953595961
347,ne_ni,114.60526218350896
348,ne_ni,88.58668674835728
349,ne_ni,1000
350,ne_ni,85.39711854918191
351,ne_ni,77.11823922337125
352,ne_ni,1000
353,ne_ni,87.10434862304965
354,ne_ni,65.39653205318675
355,ne_ni,54.240734822694385
356,ne_ni,91.89455916430724
357,ne_ni,72.43564967868976
358,ne_ni,1000
359,ne_ni,81.08676465097092
360,e,78.32703135991527
361,ne_ni,105.57626936994068
362,ne_ni,27.376204514665893
363,ne_ni,36.96987433782535
364,ne_ni,1000
365,e,1000
366,ne_ni,73.77080334320418
367,ne_ni,121.91949650964905
368,ne_ni,57.1303947828249
369,ne_ni,51.967099004744156
370,ne_ni,1000
371,ne_ni,86.865703994036
372,ne_ni,90.39076890743048
373,ne_ni,114.5636633497362
374,ne_ni,1000
375,ne_ni,1000
376,ne_ni,73.68633127386285
377,ne_ni,96.13019729887772
378,ne_ni,30.23706414774023
379,ne_ni,1000
380,ne_ni,80.87529770763194
381,ne_ni,1000
382,ne_ni,1000
383,e,56.16421566725926
384,e,1000
385,ne_ni,109.5852527723386
386,ne_ni,86.51377434783275
387,ne_ni,1000
388,ne_ni,79.41606430811142
389,ne_ni,1000
390,ne_ni,1000
391,ne_ni,81.60359398239362
392,ne_ni,57.14292627413361
393,ne_ni,72.11349011346864
394,ne_ni,77.75305545355357
395,ne_ni,107.54564030420407
396,ne_ni,80.45316219351835
397,ne_ni,76.32801547843279
398,ne_ni,1000
399,ne_ni,60.203898764315916
400,ne_ni,1000
401,ne_ni,84.12119076197047
402,e,97.36692289356127
403,ne_ni,1000
404,ne_ni,94.37022859408593
405,ne_ni,9.062910821617931
406,ne_ni,101.8479134084514
407,ne_ni,109.9656317423496
408,ne_ni,88.21578551624363
409,ne_ni,1000
410,ne_ni,1000
411,ne_ni,38.20377304549477
412,ne_ni,40.85042522902388
413,ne_ni,87.37469507794535
414,ne_ni,1000
415,ne_ni,1000
416,ne_ni,85.1462549300581
417,ne_ni,62.56715340647925
418,ne_ni,60.565073312938864
419,ne_ni,47.24842703685823
420,ne_ni,52.21969752640612
421,ne_ni,104.74531980380486
422,ne_ni,73.56283588725884
423,ne_ni,64.83111695677384
424,ne_ni,1000
425,ne_ni,82.95439666851527
426,ne_ni,96.4346879307734
427,ne_ni,68.53111054580226
428,ne_ni,36.44247306654667
429,ne_ni,115.43864232933291
430,ne_ni,53.68558766703059
431,ne_ni,104.72838152393012
432,ne_ni,1000
433,e,77.823999428264
434,ne_ni,1000
435,ne_ni,24.681332093000183
436,ne_ni,66.96340614139586
437,ne_ni,82.04282929087667
438,ne_ni,60.61807429384351
439,ne_ni,77.88778131751178
440,ne_ni,58.84170013216348
441,ne_ni,70.52998623963431
442,ne_ni,117.96285986475878
443,ne_ni,13.128814489776367
444,ne_ni,56.23526421211135
445,ne_ni,60.50301755275497
446,ne_ni,124.19663396249614
447,ne_ni,41.361838626784646
448,ne_ni,1000
449,ne_ni,118.97076265666128
450,ne_ni,44.5391942834409
451,ne_ni,10.509559298503596
452,ne_ni,75.71713909836328
453,ne_ni,1000
454,ne_ni,99.58605574597316
455,ne_ni,72.24491884260226
456,ne_ni,1000
457,ne_ni,45.88682206816509
458,ne_ni,65.29562877624475
459,ne_ni,58.755289570662754
460,ne_ni,69.44977187871116
461,ne_ni,73.56786212680434
462,ne_ni,73.7368682777818
463,ne_ni,48.834755352810625
464,ne_ni,49.59673942588903
465,ne_ni,1000
466,ne_ni,44.33080523279315
467,ne_ni,74.6360423897261
468,ne_ni,61.66196421624177
469,ne_ni,91.34750690760582
470,ne_ni,99.63016333909465
471,ne_ni,123.15785128591162
472,ne_ni,64.82699500441261
473,ne_ni,44.34521447030268
474,ne_ni,1000
475,ne_ni,124.94654456159878
476,ne_ni,77.8996912756386
477,ne_ni,1000
478,ne_ni,40.868896665054
479,ne_ni,46.64617793763168
480,ne_ni,36.66542789201068
481,ne_ni,62.50848918713283
482,ne_ni,109.64142214151393
483,ne_ni,1000
484,ne_ni,84.63673533897483
485,ne_ni,90.68879515648817
486,ne_ni,44.68850908692522
487,ne_ni,52.30968062058274
488,ne_ni,85.83700370099666
489,ne_ni,1000
490,ne_ni,106.6044114678571
491,ne_ni,86.11038696717615
492,ne_ni,51.91868054332954
493,ne_ni,59.76154951754797
494,ne_ni,1000
495,ne_ni,121.50752507104214
496,ne_ni,1000
497,ne_ni,68.5032133909469
498,ne_ni,1000
499,ne_ni,76.1945320973945
500,ne_ni,1000
501,ne_ni,1000
502,ne_ni,27.910531379239462
503,ne_ni,74.7434504962203
504,e,53.23529851009654
505,e,130.38136876219195
506,ne_ni,1000
507,ne_ni,96.9903781547571
508,ne_ni,1000
509,ne_ni,105.59060526624442
510,ne_ni,46.96608373144834
511,ne_ni,41.76174550887517
512,ne_ni,64.0407377032319
513,ne_ni,28.145646192456528
514,ne_ni,93.90103075807039
515,ne_ni,62.38644099103868
516,ne_ni,121.62673029422783
517,ne_ni,1000
518,ne_ni,1000
519,ne_ni,122.18836251745094
520,ne_ni,35.515389744177305
521,ne_ni,75.3360392841824
522,ne_ni,1000
523,ne_ni,84.32515031599323
524,ne_ni,97.10471248903741
525,ne_ni,1000
526,ne_ni,89.32400777246151
527,ne_ni,70.78978427960739
528,ne_ni,1000
529,ne_ni,1000
530,e,1000
531,ne_ni,91.71489528078109
532,ne_ni,1000
533,ne_ni,52.89681429227825
534,ne_ni,59.22439229259209
535,ne_ni,22.735622604317218
536,ne_ni,81.73767397882557
537,ne_ni,51.34435817220449
538,ne_ni,30.198919660406467
539,ne_ni,98.75222203261897
540,ne_ni,1000
541,ne_ni,81.58821425959253
542,ne_ni,1000
543,ne_ni,1000
544,ne_ni,1000
545,ne_ni,81.39006583519843
546,ne_ni,3.280723735327803
547,ne_ni,1000
548,ne_ni,81.02186790041863
549,ne_ni,23.395327635969654
550,ne_ni,133.50232148154197
551,ne_ni,65.5265379090132
552,ne_ni,67.8419450797409
553,ne_ni,80.85781966551868
554,ne_ni,33.69986508365111
555,ne_ni,46.72004347979446
556,ne_ni,12.600067628939913
557,ne_ni,62.42170397261959
558,ne_ni,64.09410320353325
559,e,1000
560,ne_ni,62.61828586331263
561,ne_ni,124.92118891466399
562,ne_ni,1000
563,ne_ni,86.54595973176559
564,ne_ni,89.23955370572871
565,ne_ni,57.005530225426206
566,ne_ni,1000
567,ne_ni,42.46537954353106
568,ne_ni,91.1742106980133
569,ne_ni,76.61948869947524
570,ne_ni,1000
571,ne_ni,68.68873350077924
572,ne_ni,1000
573,ne_ni,1000
574,ne_ni,1000
575,ne_ni,1000
576,ne_ni,1000
577,ne_ni,83.78752008895056
578,ne_ni,95.90472430125392
579,ne_ni,1000
580,ne_ni,61.1841665624012
581,ne_ni,59.95869792794582
582,ne_ni,75.63317153492456
583,ne_ni,80.80592145254475
584,ne_ni,94.75857432787839
585,ne_ni,1000
586,ne_ni,97.63992187242081
587,ne_ni,118.26021376274339
588,ne_ni,103.5473425997828
589,ne_ni,69.21153000293315
590,ne_ni,86.49989967362806
591,e,1000
592,ne_ni,116.58200665058064
593,ne_ni,89.11668378920335
594,ne_ni,67.54178948934229
595,ne_ni,59.55792297915804
596,ne_ni,76.7495225622311
597,ne_ni,1000
598,ne_ni,97.46119095043315
599,ne_ni,135.54428621328657
600,ne_ni,50.90622387003489
601,ne_ni,89.3757743164072
602,ne_ni,58.4924028610759
603,ne_ni,89.9558760614512
604,ne_ni,1000
605,ne_ni,56.82812362094383
606,ne_ni,1000
607,ne_ni,1000
608,ne_ni,50.47707978219471
609,ne_ni,1000
610,ne_ni,49.566129120141554
611,ne_ni,55.890740247977924
612,ne_ni,57.6324985128209
613,ne_ni,70.77489161580033
614,ne_ni,111.87617342676215
615,ne_ni,69.87397962442604
616,ne_ni,1000
617,ne_ni,1000
618,ne_ni,105.26540509879518
619,ne_ni,56.98679058717067
620,ne_ni,56.14494875641627
621,ne_ni,34.87545074931146
622,ne_ni,57.26693924425629
623,ne_ni,64.06688364203639
624,ne_ni,60.27839874171373
625,ne_ni,50.14799322666749
626,ne_ni,45.17675391744697
627,ne_ni,32.98601976706764
628,ne_ni,42.66547875211924
629,ne_ni,1000
630,ne_ni,88.77458326130322
631,ne_ni,43.516084316734386
632,ne_ni,61.7443987807033
633,ne_ni,106.86148254008542
634,ne_ni,104.54168362302644
635,ne_ni,107.59201100891529
636,ne_ni,1000
637,ne_ni,76.54350795895417
638,ne_ni,78.25745693895102
639,ne_ni,1000
640,e,72.63810939807024
641,ne_ni,94.00881820104539
642,e,1000
643,ne_ni,90.17659121663502
644,ne_ni,1000
645,e,1000
646,ne_ni,71.47727661462663
647,ne_ni,81.3314504758397
648,ne_ni,73.8786949358996
649,ne_ni,64.40248087959183
650,ne_ni,1000
651,ne_ni,117.45913064974322
652,ne_ni,82.86615993176864
653,ne_ni,102.1969715597645
654,ne_ni,75.41704989772606
655,ne_ni,1000
656,ne_ni,66.15513018502325
657,ne_ni,79.17116318836753
658,ne_ni,32.52424379285994
659,e,1000
660,ne_ni,1000
661,ne_ni,50.585150177303994
662,ne_ni,74.69694070849646
663,ne_ni,1000
664,ne_ni,81.93309972741022
665,ne_ni,1000
666,ne_ni,1000
667,ne_ni,51.289107402078486
668,ne_ni,80.95498147896699
669,ne_ni,1000
670,ne_ni,1000
671,ne_ni,1000
672,ne_ni,67.23910295958555
673,ne_ni,132.45615853071033
674,ne_ni,65.14413551725114
675,ne_ni,99.79149556002375
676,ne_ni,14.57765843691528
677,ne_ni,1000
678,ne_ni,1000
679,ne_ni,82.7620789834985
680,ne_ni,84.7881974508991
681,ne_ni,59.75680015400986
682,ne_ni,42.65178837620896
683,e,1000
684,ne_ni,1000
685,ne_ni,101.24128657766057
686,ne_ni,1000
687,ne_ni,75.38275904716234
688,ne_ni,92.47607615273277
689,ne_ni,68.23724020121114
690,ne_ni,80.07675607721748
691,ne_ni,88.44711327845808
692,ne_ni,24.58270646433566
693,ne_ni,81.11523468287253
694,ne_ni,106.60598376653468
695,ne_ni,38.90548640489087
696,ne_ni,41.98041183152876
697,ne_ni,102.66671862527018
698,ne_ni,45.924114033221294
699,ne_ni,65.03047396476327
700,e,1000
701,ne_ni,1000
702,ne_ni,72.25407657472758
703,ne_ni,80.0399454350322
704,ne_ni,43.49293465321276
705,ne_ni,1000
706,ne_ni,103.69034855867217
707,ne_ni,70.5800237984122
708,ne_ni,54.31512486969057
709,ne_ni,83.26742438599825
710,ne_ni,105.38371809160925
711,ne_ni,89.11843884438886
712,ne_ni,107.60940402583309
713,ne_ni,13.237859555834117
714,ne_ni,107.42559246058339
715,ne_ni,39.69858322914034
716,ne_ni,75.95651747556512
717,ne_ni,125.45602530104317
718,ne_ni,1000
719,ne_ni,44.85440041903921
720,ne_ni,36.50348885412258
721,ne_ni,71.80111268528378
722,ne_ni,77.76349482531974
723,ne_ni,62.829116098063984
724,ne_ni,17.38700500991351
725,ne_ni,60.92672501464321
726,ne_ni,94.68286390170874
727,ne_ni,1000
728,ne_ni,92.8638271995076
729,ne_ni,46.270180704608336
730,ne_ni,43.596228100072025
731,ne_ni,1000
732,ne_ni,86.46798540115232
733,ne_ni,1000
734,ne_ni,98.38201312540461
735,ne_ni,19.113222235617993
736,ne_ni,81.80323332873016
737,ne_ni,103.81408548649414
738,ne_ni,82.4744450430996
739,ne_ni,92.28657237042768
740,e,117.22939935504667
741,ne_ni,1000
742,e,1000
743,ne_ni,73.59263915622438
744,ne_ni,31.70922801864714
745,ne_ni,114.42100976401473
746,ne_ni,35.8605668279184
747,ne_ni,1000
748,ne_ni,41.119010816318784
749,ne_ni,80.76630217424615
750,ne_ni,63.45811210113838
751,e,70.07076715560984
752,ne_ni,93.93608910218975
753,ne_ni,86.72756119931194
754,ne_ni,109.47919688211127
755,e,70.87495908334124
756,ne_ni,70.35410883756272
757,ne_ni,69.91627369498396
758,ne_ni,28.871060008641265
759,ne_ni,71.14014922402296
760,ne_ni,25.11845880895038
761,e,1000
762,ne_ni,68.22141878314511
763,ne_ni,59.15252688459431
764,ne_ni,74.14265159199049
765,ne_ni,73.89000609483892
766,ne_ni,106.60969238256934
767,ne_ni,41.008483780671405
768,ne_ni,30.205229022019083
769,ne_ni,100.33826710372246
770,ne_ni,80.69805112372522
771,ne_ni,60.420183543560505
772,e,1000
773,ne_ni,1000
774,ne_ni,1000
775,ne_ni,85.34139356069647
776,ne_ni,1000
777,ne_ni,99.48112021755131
778,e,1000
779,ne_ni,70.61449419558532
780,ne_ni,1000
781,ne_ni,107.23529576960681
782,e,1000
783,ne_ni,16.63448747323693
784,ne_ni,108.49585836797394
785,ne_ni,93.06745830818483
786,ne_ni,104.53411917326129
787,ne_ni,1000
788,ne_ni,64.81422928960188
789,ne_ni,1000
790,ne_ni,59.42053909694172
791,ne_ni,47.77044966249432
792,ne_ni,86.80904628812871
793,ne_ni,115.02314200316376
794,ne_ni,55.00674306988534
795,ne_ni,1000
796,ne_ni,27.764449385978157
797,ne_ni,1000
798,ne_ni,75.93252579337023
799,ne_ni,115.30631052264826
800,ne_ni,42.33838854812814
801,ne_ni,102.26638177619716
802,ne_ni,44.210749826025605
803,ne_ni,0
804,ne_ni,94.4527917704512
805,ne_ni,49.55630244762682
806,ne_ni,44.18458818205822
807,ne_ni,73.89142469109102
808,ne_ni,39.45258063643617
809,ne_ni,48.903989189805316
810,ne_ni,58.92182442000168
811,ne_ni,101.34897264166676
812,ne_ni,1000
813,ne_ni,84.93170652355278
814,ne_ni,87.26699024768139
815,ne_ni,1000
816,ne_ni,61.77485999543441
817,ne_ni,60.61632128792666
818,ne_ni,92.87551086782895
819,ne_ni,86.62758204635259
820,ne_ni,1000
821,ne_ni,98.15704678007756
822,ne_ni,66.04044718120964
823,ne_ni,72.4858719635598
824,ne_ni,19.872005055825255
825,ne_ni,57.70468107441855
826,ne_ni,1000
827,ne_ni,69.13802864892357
828,ne_ni,68.36112757559448
829,ne_ni,92.35770580174727
830,ne_ni,65.06301774907097
831,ne_ni,1000
832,ne_ni,95.56531692865484
833,ne_ni,1000
834,ne_ni,119.37918097132466
835,ne_ni,48.995244417599956
836,ne_ni,92.35313844861295
837,ne_ni,85.7720590302367
838,ne_ni,79.39029312801041
839,ne_ni,58.8507883490841
840,ne_ni,83.97633422446054
841,ne_ni,75.87345084676589
842,ne_ni,86.3498766813425
843,ne_ni,1000
844,ne_ni,115.66410638150586
845,ne_ni,25.62767770684451
846,ne_ni,102.31304463844705
847,ne_ni,68.97796044429984
848,ne_ni,92.3167817623158
849,ne_ni,80.14025159775159
850,ne_ni,63.57428062786022
851,ne_ni,26.88556814754353
852,ne_ni,63.06242014166662
853,ne_ni,86.90463360323288
854,ne_ni,53.81533299672463
855,ne_ni,36.125091328725354
856,ne_ni,134.8285900524353
857,ne_ni,90.36138874512805
858,ne_ni,49.70278387229754
859,ne_ni,63.37363730369719
860,ne_ni,48.288750964883526
861,ne_ni,149.7060030416668
862,ne_ni,111.43271877256264
863,ne_ni,62.20704919908716
864,ne_ni,79.10659972186373
865,ne_ni,1000
866,ne_ni,1000
867,ne_ni,39.50410606430243
868,ne_ni,57.5905497698175
869,ne_ni,54.07562193709454
870,ne_ni,1000
871,ne_ni,1000
872,ne_ni,63.08786386012665
873,ne_ni,99.9249931657003
874,ne_ni,1000
875,ne_ni,45.544430952298825
876,ne_ni,74.98103881210578
877,ne_ni,1000
878,ne_ni,1000
879,ne_ni,62.71103257095322
880,ne_ni,60.76263248209199
881,ne_ni,69.39553949003721
882,ne_ni,1000
883,ne_ni,88.52071025200787
884,ne_ni,1000
885,ne_ni,36.92946116210891
886,ne_ni,148.4033753564241
887,ne_ni,46.01600356143611
888,ne_ni,92.95159833256044
889,ne_ni,34.233597159570564
890,ne_ni,97.59660196233433
891,ne_ni,60.33233522986657
892,ne_ni,1000
893,ne_ni,91.44139705861305
894,ne_ni,58.92728340570038
895,ne_ni,15.759883902021015
896,ne_ni,56.361621478328296
897,ne_ni,46.91736243791183
898,ne_ni,1000
899,ne_ni,86.73705359203635
900,ne_ni,78.81210565174041
901,ne_ni,0
902,e,1000
903,ne_ni,57.366118195754986
904,ne_ni,1000
905,ne_ni,1000
906,ne_ni,71.15142407426296
907,ne_ni,58.50939649747052
908,ne_ni,86.2247883969326
909,ne_ni,70.34424694744213
910,ne_ni,87.95697409069203
911,ne_ni,1000
912,ne_ni,45.85957929820229
913,ne_ni,1000
914,ne_ni,89.25558372942373
915,ne_ni,68.42071295980713
916,ne_ni,71.5355754489159
917,ne_ni,131.33479549118573
918,ne_ni,1000
919,e,119.54863120382618
920,ne_ni,54.4658962505221
921,ne_ni,1000
922,ne_ni,107.99332151137361
923,ne_ni,1000
924,ne_ni,43.795551469976644
925,ne_ni,93.05807474791756
926,ne_ni,62.71537320091622
927,ne_ni,54.043325996083404
928,ne_ni,1000
929,e,1000
930,ne_ni,83.91253614902932
931,ne_ni,93.8864944588852
932,ne_ni,96.9294581724617
933,ne_ni,33.75637421465541
934,ne_ni,1000
935,ne_ni,64.7011627659661
936,ne_ni,80.84907241898563
937,ne_ni,71.80575014614836
938,ne_ni,23.80541780860214
939,ne_ni,60.79565919820831
940,ne_ni,1000
941,ne_ni,63.9202453598885
942,ne_ni,76.32930946223006
943,ne_ni,97.9077622100553
944,ne_ni,1000
945,ne_ni,135.38973221403353
946,ne_ni,1000
947,e,114.57769631093055
948,ne_ni,48.144109823314864
949,ne_ni,70.79929832733605
950,ne_ni,48.029189108010144
951,ne_ni,61.07135302260128
952,ne_ni,67.2144741676962
953,ne_ni,80.0181959287772
954,ne_ni,105.26455698061329
955,e,1000
956,ne_ni,82.18471929343495
957,ne_ni,1000
958,ne_ni,99.092118460621
959,ne_ni,13.377686266785595
960,ne_ni,87.95123668933648
961,ne_ni,80.36281932374624
962,ne_ni,27.304426490760775
963,ne_ni,39.27300798114648
964,ne_ni,61.10791124294362
965,ne_ni,107.79044006624976
966,ne_ni,92.86225760579617
967,ne_ni,1000
968,ne_ni,64.0183752029357
969,ne_ni,1000
970,ne_ni,1000
971,ne_ni,64.53108719149817
972,ne_ni,76.13070377562994
973,ne_ni,69.19250268521769
974,ne_ni,92.99412076548985
975,ne_ni,1000
976,ne_ni,1000
977,ne_ni,1000
978,ne_ni,62.398113794320054
979,ne_ni,0
980,ne_ni,70.3987659342666
981,ne_ni,73.99046688280092
982,ne_ni,94.60435872724064
983,ne_ni,80.99358380928743
984,ne_ni,1000
985,ne_ni,1000
986,ne_ni,76.59784474688034
987,ne_ni,47.69001231891441
988,ne_ni,68.05884223441147
989,ne_ni,74.82181259382885
990,ne_ni,1000
991,ne_ni,1000
992,ne_ni,116.81672917228714
993,ne_ni,88.87844054817613
994,ne_ni,25.212854971181653
995,ne_ni,1000
996,ne_ni,85.07375337419082
997,ne_ni,1000
998,ne_ni,62.04655976148474
999,ne_ni,70.77524358649201
