node, assignment, time2inf, time2death
0,na,-1,0
1,na,-1,0
2,na,-1,0
3,na,-1,0
4,c,1.1987483820270546,1.1987483820270546
5,c,1.1987483820270546,1.1987483820270546
6,c,1.1987483820270546,1.1987483820270546
7,c,1.1987483820270546,1.1987483820270546
8,t,1.1987483820270546,1.1987483820270546
9,c,1.1987483820270546,1.1987483820270546
10,t,1.1987483820270546,1.1987483820270546
11,c,1.1987483820270546,1.1987483820270546
12,c,1.1987483820270546,1.1987483820270546
13,c,1.1987483820270546,1.1987483820270546
14,c,1.1987483820270546,1.1987483820270546
15,c,1.1987483820270546,1.1987483820270546
16,c,1.1987483820270546,1.1987483820270546
17,c,1.1987483820270546,1.1987483820270546
18,c,1.1987483820270546,1.1987483820270546
19,c,1.1987483820270546,1.1987483820270546
20,c,1.1987483820270546,1.1987483820270546
21,t,1.1987483820270546,1.1987483820270546
22,c,1.1987483820270546,1.1987483820270546
23,t,1.1987483820270546,1.1987483820270546
24,t,1.1987483820270546,1.1987483820270546
25,t,1.1987483820270546,1.1987483820270546
26,c,1.1987483820270546,1.1987483820270546
27,t,1.1987483820270546,1.1987483820270546
28,c,1.1987483820270546,1.1987483820270546
29,c,1.1987483820270546,1.1987483820270546
30,c,1.1987483820270546,1.1987483820270546
31,c,1.1987483820270546,1.1987483820270546
32,c,1.1987483820270546,1.1987483820270546
33,t,1.1987483820270546,1.1987483820270546
34,t,1.1987483820270546,1.1987483820270546
35,c,1.1987483820270546,1.1987483820270546
36,c,1.1987483820270546,1.1987483820270546
37,c,1.1987483820270546,1.1987483820270546
38,c,1.1987483820270546,1.1987483820270546
39,c,1.1987483820270546,1.1987483820270546
40,c,1.1987483820270546,1.1987483820270546
41,c,1.1987483820270546,1.1987483820270546
42,c,1.1987483820270546,1.1987483820270546
43,c,1.1987483820270546,1.1987483820270546
44,c,1.1987483820270546,1.1987483820270546
45,c,1.1987483820270546,1.1987483820270546
46,c,1.1987483820270546,1.1987483820270546
47,t,1.1987483820270546,1.1987483820270546
48,c,1.1987483820270546,1.1987483820270546
49,c,1.1987483820270546,1.1987483820270546
50,t,1.1987483820270546,1.1987483820270546
51,c,1.1987483820270546,1.1987483820270546
52,c,1.1987483820270546,1.1987483820270546
53,c,1.1987483820270546,1.1987483820270546
54,c,1.1987483820270546,1.1987483820270546
55,c,1.1987483820270546,1.1987483820270546
56,c,1.1987483820270546,1.1987483820270546
57,t,1.1987483820270546,1.1987483820270546
58,c,1.1987483820270546,1.1987483820270546
59,t,1.1987483820270546,1.1987483820270546
60,c,1.1987483820270546,1.1987483820270546
61,c,1.1987483820270546,1.1987483820270546
62,t,1.1987483820270546,1.1987483820270546
63,c,1.1987483820270546,1.1987483820270546
64,c,1.1987483820270546,1.1987483820270546
65,c,1.1987483820270546,1.1987483820270546
66,c,1.1987483820270546,1.1987483820270546
67,c,1.1987483820270546,1.1987483820270546
68,c,1.1987483820270546,1.1987483820270546
69,c,1.1987483820270546,1.1987483820270546
70,c,1.1987483820270546,1.1987483820270546
71,c,1.1987483820270546,1.1987483820270546
72,c,1.1987483820270546,1.1987483820270546
73,t,1.1987483820270546,1.1987483820270546
74,t,1.1987483820270546,1.1987483820270546
75,c,1.1987483820270546,1.1987483820270546
76,c,1.1987483820270546,1.1987483820270546
77,c,1.1987483820270546,1.1987483820270546
78,c,1.1987483820270546,1.1987483820270546
79,t,1.1987483820270546,1.1987483820270546
80,c,1.1987483820270546,1.1987483820270546
81,c,1.1987483820270546,1.1987483820270546
82,t,1.1987483820270546,1.1987483820270546
83,c,1.1987483820270546,1.1987483820270546
84,c,1.1987483820270546,1.1987483820270546
85,c,1.1987483820270546,1.1987483820270546
86,c,1.1987483820270546,1.1987483820270546
87,c,1.1987483820270546,1.1987483820270546
88,c,1.1987483820270546,1.1987483820270546
89,c,1.1987483820270546,1.1987483820270546
90,c,1.1987483820270546,1.1987483820270546
91,c,1.1987483820270546,1.1987483820270546
92,c,1.1987483820270546,1.1987483820270546
93,t,1.1987483820270546,1.1987483820270546
94,c,1.1987483820270546,1.1987483820270546
95,c,1.1987483820270546,1.1987483820270546
96,c,1.1987483820270546,1.1987483820270546
97,c,1.1987483820270546,1.1987483820270546
98,c,1.1987483820270546,1.1987483820270546
99,c,1.1987483820270546,1.1987483820270546
100,c,1.1987483820270546,1.1987483820270546
101,c,1.1987483820270546,1.1987483820270546
102,c,1.1987483820270546,1.1987483820270546
103,c,1.1987483820270546,1.1987483820270546
104,c,1.1987483820270546,1.1987483820270546
105,c,1.1987483820270546,1.1987483820270546
106,c,1.1987483820270546,1.1987483820270546
107,c,1.1987483820270546,1.1987483820270546
108,c,1.1987483820270546,1.1987483820270546
109,c,1.1987483820270546,1.1987483820270546
110,c,1.1987483820270546,1.1987483820270546
111,c,1.1987483820270546,1.1987483820270546
112,t,1.1987483820270546,1.1987483820270546
113,c,1.1987483820270546,1.1987483820270546
114,c,1.1987483820270546,1.1987483820270546
115,c,1.1987483820270546,1.1987483820270546
116,t,1.1987483820270546,1.1987483820270546
117,c,1.1987483820270546,1.1987483820270546
118,c,1.1987483820270546,1.1987483820270546
119,c,1.1987483820270546,1.1987483820270546
120,c,1.1987483820270546,1.1987483820270546
121,t,1.1987483820270546,1.1987483820270546
122,t,1.1987483820270546,1.1987483820270546
123,c,1.1987483820270546,1.1987483820270546
124,c,1.1987483820270546,1.1987483820270546
125,c,1.1987483820270546,1.1987483820270546
126,c,1.1987483820270546,1.1987483820270546
127,c,1.1987483820270546,1.1987483820270546
128,c,1.1987483820270546,1.1987483820270546
129,c,1.1987483820270546,1.1987483820270546
130,t,1.1987483820270546,1.1987483820270546
131,t,1.1987483820270546,1.1987483820270546
132,c,1.1987483820270546,1.1987483820270546
133,c,1.1987483820270546,1.1987483820270546
134,c,1.1987483820270546,1.1987483820270546
135,t,1.1987483820270546,1.1987483820270546
136,t,1.1987483820270546,1.1987483820270546
137,c,1.1987483820270546,1.1987483820270546
138,c,1.1987483820270546,1.1987483820270546
139,c,1.1987483820270546,1.1987483820270546
140,c,1.1987483820270546,1.1987483820270546
141,c,1.1987483820270546,1.1987483820270546
142,c,1.1987483820270546,1.1987483820270546
143,t,1.1987483820270546,1.1987483820270546
144,c,1.1987483820270546,1.1987483820270546
145,c,1.1987483820270546,1.1987483820270546
146,t,1.1987483820270546,1.1987483820270546
147,c,1.1987483820270546,1.1987483820270546
148,c,1.1987483820270546,1.1987483820270546
149,c,1.1987483820270546,1.1987483820270546
150,c,1.1987483820270546,1.1987483820270546
151,t,1.1987483820270546,1.1987483820270546
152,c,1.1987483820270546,1.1987483820270546
153,c,1.1987483820270546,1.1987483820270546
154,c,1.1987483820270546,1.1987483820270546
155,t,1.1987483820270546,1.1987483820270546
156,t,1.1987483820270546,1.1987483820270546
157,c,1.1987483820270546,1.1987483820270546
158,c,1.1987483820270546,1.1987483820270546
159,c,1.1987483820270546,1.1987483820270546
160,t,1.1987483820270546,1.1987483820270546
161,t,1.1987483820270546,1.1987483820270546
162,c,1.1987483820270546,1.1987483820270546
163,c,1.1987483820270546,1.1987483820270546
164,c,1.1987483820270546,1.1987483820270546
165,c,1.1987483820270546,1.1987483820270546
166,c,1.1987483820270546,1.1987483820270546
167,c,1.1987483820270546,1.1987483820270546
168,c,1.1987483820270546,1.1987483820270546
169,c,1.1987483820270546,1.1987483820270546
170,c,1.1987483820270546,1.1987483820270546
171,c,1.1987483820270546,1.1987483820270546
172,c,1.1987483820270546,1.1987483820270546
173,c,1.1987483820270546,1.1987483820270546
174,t,1.1987483820270546,1.1987483820270546
175,t,1.1987483820270546,1.1987483820270546
176,t,1.1987483820270546,1.1987483820270546
177,t,1.1987483820270546,1.1987483820270546
178,c,1.1987483820270546,1.1987483820270546
179,c,1.1987483820270546,1.1987483820270546
180,t,1.1987483820270546,1.1987483820270546
181,c,1.1987483820270546,1.1987483820270546
182,c,1.1987483820270546,1.1987483820270546
183,c,1.1987483820270546,1.1987483820270546
184,c,1.1987483820270546,1.1987483820270546
185,t,1.1987483820270546,1.1987483820270546
186,c,1.1987483820270546,1.1987483820270546
187,c,1.1987483820270546,1.1987483820270546
188,c,1.1987483820270546,1.1987483820270546
189,c,1.1987483820270546,1.1987483820270546
190,c,1.1987483820270546,1.1987483820270546
191,c,1.1987483820270546,1.1987483820270546
192,c,1.1987483820270546,1.1987483820270546
193,c,1.1987483820270546,1.1987483820270546
194,t,1.1987483820270546,1.1987483820270546
195,t,1.1987483820270546,1.1987483820270546
196,c,1.1987483820270546,1.1987483820270546
197,c,1.1987483820270546,1.1987483820270546
198,c,1.1987483820270546,1.1987483820270546
199,c,1.1987483820270546,1.1987483820270546
200,c,1.1987483820270546,1.1987483820270546
201,c,1.1987483820270546,1.1987483820270546
202,c,1.1987483820270546,1.1987483820270546
203,t,1.1987483820270546,1.1987483820270546
204,c,1.1987483820270546,1.1987483820270546
205,c,1.1987483820270546,1.1987483820270546
206,c,1.1987483820270546,1.1987483820270546
207,c,1.1987483820270546,1.1987483820270546
208,c,1.1987483820270546,1.1987483820270546
209,c,1.1987483820270546,1.1987483820270546
210,c,1.1987483820270546,1.1987483820270546
211,c,1.1987483820270546,1.1987483820270546
212,c,1.1987483820270546,1.1987483820270546
213,c,1.1987483820270546,1.1987483820270546
214,c,1.1987483820270546,1.1987483820270546
215,c,1.1987483820270546,1.1987483820270546
216,c,1.1987483820270546,1.1987483820270546
217,t,1.1987483820270546,1.1987483820270546
218,c,1.1987483820270546,1.1987483820270546
219,t,1.1987483820270546,1.1987483820270546
220,c,1.1987483820270546,1.1987483820270546
221,c,1.1987483820270546,1.1987483820270546
222,c,1.1987483820270546,1.1987483820270546
223,c,1.1987483820270546,1.1987483820270546
224,c,1.1987483820270546,1.1987483820270546
225,c,1.1987483820270546,1.1987483820270546
226,c,1.1987483820270546,1.1987483820270546
227,c,1.1987483820270546,1.1987483820270546
228,c,1.1987483820270546,1.1987483820270546
229,c,1.1987483820270546,1.1987483820270546
230,c,1.1987483820270546,1.1987483820270546
231,c,1.1987483820270546,1.1987483820270546
232,c,1.1987483820270546,1.1987483820270546
233,c,1.1987483820270546,1.1987483820270546
234,c,1.1987483820270546,1.1987483820270546
235,c,1.1987483820270546,1.1987483820270546
236,c,1.1987483820270546,1.1987483820270546
237,t,1.1987483820270546,1.1987483820270546
238,c,1.1987483820270546,1.1987483820270546
239,c,1.1987483820270546,1.1987483820270546
240,c,1.1987483820270546,1.1987483820270546
241,c,1.1987483820270546,1.1987483820270546
242,t,1.1987483820270546,1.1987483820270546
243,c,1.1987483820270546,1.1987483820270546
244,c,1.1987483820270546,1.1987483820270546
245,c,1.1987483820270546,1.1987483820270546
246,t,1.1987483820270546,1.1987483820270546
247,t,1.1987483820270546,1.1987483820270546
248,c,1.1987483820270546,1.1987483820270546
249,c,1.1987483820270546,1.1987483820270546
250,c,1.1987483820270546,1.1987483820270546
251,c,1.1987483820270546,1.1987483820270546
252,c,1.1987483820270546,1.1987483820270546
253,c,1.1987483820270546,1.1987483820270546
254,c,1.1987483820270546,1.1987483820270546
255,c,1.1987483820270546,1.1987483820270546
256,c,1.1987483820270546,1.1987483820270546
257,t,1.1987483820270546,1.1987483820270546
258,c,1.1987483820270546,1.1987483820270546
259,c,1.1987483820270546,1.1987483820270546
260,c,1.1987483820270546,1.1987483820270546
261,c,1.1987483820270546,1.1987483820270546
262,t,1.1987483820270546,1.1987483820270546
263,c,1.1987483820270546,1.1987483820270546
264,c,1.1987483820270546,1.1987483820270546
265,c,1.1987483820270546,1.1987483820270546
266,t,1.1987483820270546,1.1987483820270546
267,c,1.1987483820270546,1.1987483820270546
268,c,1.1987483820270546,1.1987483820270546
269,c,1.1987483820270546,1.1987483820270546
270,c,1.1987483820270546,1.1987483820270546
271,c,1.1987483820270546,1.1987483820270546
272,c,1.1987483820270546,1.1987483820270546
273,c,1.1987483820270546,1.1987483820270546
274,c,1.1987483820270546,1.1987483820270546
275,c,1.1987483820270546,1.1987483820270546
276,t,1.1987483820270546,1.1987483820270546
277,c,1.1987483820270546,1.1987483820270546
278,c,1.1987483820270546,1.1987483820270546
279,t,1.1987483820270546,1.1987483820270546
280,c,1.1987483820270546,1.1987483820270546
281,c,1.1987483820270546,1.1987483820270546
282,c,1.1987483820270546,1.1987483820270546
283,c,1.1987483820270546,1.1987483820270546
284,c,1.1987483820270546,1.1987483820270546
285,c,1.1987483820270546,1.1987483820270546
286,t,1.1987483820270546,1.1987483820270546
287,c,1.1987483820270546,1.1987483820270546
288,c,1.1987483820270546,1.1987483820270546
289,c,1.1987483820270546,1.1987483820270546
290,c,1.1987483820270546,1.1987483820270546
291,c,1.1987483820270546,1.1987483820270546
292,c,1.1987483820270546,1.1987483820270546
293,c,1.1987483820270546,1.1987483820270546
294,c,1.1987483820270546,1.1987483820270546
295,c,1.1987483820270546,1.1987483820270546
296,c,1.1987483820270546,1.1987483820270546
297,c,1.1987483820270546,1.1987483820270546
298,c,1.1987483820270546,1.1987483820270546
299,c,1.1987483820270546,1.1987483820270546
300,c,1.1987483820270546,1.1987483820270546
301,c,1.1987483820270546,1.1987483820270546
302,c,1.1987483820270546,1.1987483820270546
303,c,1.1987483820270546,1.1987483820270546
304,c,1.1987483820270546,1.1987483820270546
305,c,1.1987483820270546,1.1987483820270546
306,c,1.1987483820270546,1.1987483820270546
307,c,1.1987483820270546,1.1987483820270546
308,c,1.1987483820270546,1.1987483820270546
309,c,1.1987483820270546,1.1987483820270546
310,c,1.1987483820270546,1.1987483820270546
311,t,1.1987483820270546,1.1987483820270546
312,c,1.1987483820270546,1.1987483820270546
313,c,1.1987483820270546,1.1987483820270546
314,c,1.1987483820270546,1.1987483820270546
315,c,1.1987483820270546,1.1987483820270546
316,t,1.1987483820270546,1.1987483820270546
317,c,1.1987483820270546,1.1987483820270546
318,c,1.1987483820270546,1.1987483820270546
319,c,1.1987483820270546,1.1987483820270546
320,t,1.1987483820270546,1.1987483820270546
321,c,1.1987483820270546,1.1987483820270546
322,c,1.1987483820270546,1.1987483820270546
323,c,1.1987483820270546,1.1987483820270546
324,t,1.1987483820270546,1.1987483820270546
325,c,1.1987483820270546,1.1987483820270546
326,c,1.1987483820270546,1.1987483820270546
327,c,1.1987483820270546,1.1987483820270546
328,c,1.1987483820270546,1.1987483820270546
329,c,1.1987483820270546,1.1987483820270546
330,c,1.1987483820270546,1.1987483820270546
331,c,1.1987483820270546,1.1987483820270546
332,c,1.1987483820270546,1.1987483820270546
333,c,1.1987483820270546,1.1987483820270546
334,t,1.1987483820270546,1.1987483820270546
335,t,1.1987483820270546,1.1987483820270546
336,t,1.1987483820270546,1.1987483820270546
337,c,1.1987483820270546,1.1987483820270546
338,t,1.1987483820270546,1.1987483820270546
339,c,1.1987483820270546,1.1987483820270546
340,c,1.1987483820270546,1.1987483820270546
341,c,1.1987483820270546,1.1987483820270546
342,c,1.1987483820270546,1.1987483820270546
343,c,1.1987483820270546,1.1987483820270546
344,t,1.1987483820270546,1.1987483820270546
345,t,1.1987483820270546,1.1987483820270546
346,c,1.1987483820270546,1.1987483820270546
347,c,1.1987483820270546,1.1987483820270546
348,c,1.1987483820270546,1.1987483820270546
349,c,1.1987483820270546,1.1987483820270546
350,c,1.1987483820270546,1.1987483820270546
351,t,1.1987483820270546,1.1987483820270546
352,c,1.1987483820270546,1.1987483820270546
353,t,1.1987483820270546,1.1987483820270546
354,c,1.1987483820270546,1.1987483820270546
355,c,1.1987483820270546,1.1987483820270546
356,c,1.1987483820270546,1.1987483820270546
357,c,1.1987483820270546,1.1987483820270546
358,c,1.1987483820270546,1.1987483820270546
359,c,1.1987483820270546,1.1987483820270546
360,t,1.1987483820270546,1.1987483820270546
361,c,1.1987483820270546,1.1987483820270546
362,c,1.1987483820270546,1.1987483820270546
363,c,1.1987483820270546,1.1987483820270546
364,c,1.1987483820270546,1.1987483820270546
365,t,1.1987483820270546,1.1987483820270546
366,t,1.1987483820270546,1.1987483820270546
367,c,1.1987483820270546,1.1987483820270546
368,c,1.1987483820270546,1.1987483820270546
369,c,1.1987483820270546,1.1987483820270546
370,c,1.1987483820270546,1.1987483820270546
371,c,1.1987483820270546,1.1987483820270546
372,c,1.1987483820270546,1.1987483820270546
373,c,1.1987483820270546,1.1987483820270546
374,c,1.1987483820270546,1.1987483820270546
375,c,1.1987483820270546,1.1987483820270546
376,c,1.1987483820270546,1.1987483820270546
377,c,1.1987483820270546,1.1987483820270546
378,t,1.1987483820270546,1.1987483820270546
379,c,1.1987483820270546,1.1987483820270546
380,t,1.1987483820270546,1.1987483820270546
381,c,1.1987483820270546,1.1987483820270546
382,t,1.1987483820270546,1.1987483820270546
383,c,1.1987483820270546,1.1987483820270546
384,c,1.1987483820270546,1.1987483820270546
385,c,1.1987483820270546,1.1987483820270546
386,c,1.1987483820270546,1.1987483820270546
387,t,1.1987483820270546,1.1987483820270546
388,c,1.1987483820270546,1.1987483820270546
389,c,1.1987483820270546,1.1987483820270546
390,c,1.1987483820270546,1.1987483820270546
391,c,1.1987483820270546,1.1987483820270546
392,t,1.1987483820270546,1.1987483820270546
393,c,1.1987483820270546,1.1987483820270546
394,c,1.1987483820270546,1.1987483820270546
395,c,1.1987483820270546,1.1987483820270546
396,t,1.1987483820270546,1.1987483820270546
397,c,1.1987483820270546,1.1987483820270546
398,t,1.1987483820270546,1.1987483820270546
399,t,1.1987483820270546,1.1987483820270546
400,c,1.1987483820270546,1.1987483820270546
401,c,1.1987483820270546,1.1987483820270546
402,c,1.1987483820270546,1.1987483820270546
403,c,1.1987483820270546,1.1987483820270546
404,c,1.1987483820270546,1.1987483820270546
405,c,1.1987483820270546,1.1987483820270546
406,c,1.1987483820270546,1.1987483820270546
407,c,1.1987483820270546,1.1987483820270546
408,c,1.1987483820270546,1.1987483820270546
409,t,1.1987483820270546,1.1987483820270546
410,c,1.1987483820270546,1.1987483820270546
411,t,1.1987483820270546,1.1987483820270546
412,t,1.1987483820270546,1.1987483820270546
413,t,1.1987483820270546,1.1987483820270546
414,c,1.1987483820270546,1.1987483820270546
415,c,1.1987483820270546,1.1987483820270546
416,t,1.1987483820270546,1.1987483820270546
417,c,1.1987483820270546,1.1987483820270546
418,c,1.1987483820270546,1.1987483820270546
419,c,1.1987483820270546,1.1987483820270546
420,c,1.1987483820270546,1.1987483820270546
421,c,1.1987483820270546,1.1987483820270546
422,c,1.1987483820270546,1.1987483820270546
423,c,1.1987483820270546,1.1987483820270546
424,c,1.1987483820270546,1.1987483820270546
425,c,1.1987483820270546,1.1987483820270546
426,c,1.1987483820270546,1.1987483820270546
427,c,1.1987483820270546,1.1987483820270546
428,c,1.1987483820270546,1.1987483820270546
429,c,1.1987483820270546,1.1987483820270546
430,c,1.1987483820270546,1.1987483820270546
431,c,1.1987483820270546,1.1987483820270546
432,c,1.1987483820270546,1.1987483820270546
433,c,1.1987483820270546,1.1987483820270546
434,c,1.1987483820270546,1.1987483820270546
435,c,1.1987483820270546,1.1987483820270546
436,c,1.1987483820270546,1.1987483820270546
437,c,1.1987483820270546,1.1987483820270546
438,c,1.1987483820270546,1.1987483820270546
439,c,1.1987483820270546,1.1987483820270546
440,c,1.1987483820270546,1.1987483820270546
441,c,1.1987483820270546,1.1987483820270546
442,t,1.1987483820270546,1.1987483820270546
443,t,1.1987483820270546,1.1987483820270546
444,c,1.1987483820270546,1.1987483820270546
445,c,1.1987483820270546,1.1987483820270546
446,c,1.1987483820270546,1.1987483820270546
447,c,1.1987483820270546,1.1987483820270546
448,t,1.1987483820270546,1.1987483820270546
449,c,1.1987483820270546,1.1987483820270546
450,c,1.1987483820270546,1.1987483820270546
451,c,1.1987483820270546,1.1987483820270546
452,c,1.1987483820270546,1.1987483820270546
453,c,1.1987483820270546,1.1987483820270546
454,c,1.1987483820270546,1.1987483820270546
455,c,1.1987483820270546,1.1987483820270546
456,c,1.1987483820270546,1.1987483820270546
457,c,1.1987483820270546,1.1987483820270546
458,t,1.1987483820270546,1.1987483820270546
459,c,1.1987483820270546,1.1987483820270546
460,c,1.1987483820270546,1.1987483820270546
461,c,1.1987483820270546,1.1987483820270546
462,c,1.1987483820270546,1.1987483820270546
463,c,1.1987483820270546,1.1987483820270546
464,c,1.1987483820270546,1.1987483820270546
465,c,1.1987483820270546,1.1987483820270546
466,t,1.1987483820270546,1.1987483820270546
467,c,1.1987483820270546,1.1987483820270546
468,c,1.1987483820270546,1.1987483820270546
469,c,1.1987483820270546,1.1987483820270546
470,c,1.1987483820270546,1.1987483820270546
471,c,1.1987483820270546,1.1987483820270546
472,t,1.1987483820270546,1.1987483820270546
473,t,1.1987483820270546,1.1987483820270546
474,t,1.1987483820270546,1.1987483820270546
475,t,1.1987483820270546,1.1987483820270546
476,c,1.1987483820270546,1.1987483820270546
477,c,1.1987483820270546,1.1987483820270546
478,c,1.1987483820270546,1.1987483820270546
479,c,1.1987483820270546,1.1987483820270546
480,t,1.1987483820270546,1.1987483820270546
481,t,1.1987483820270546,1.1987483820270546
482,c,1.1987483820270546,1.1987483820270546
483,c,1.1987483820270546,1.1987483820270546
484,c,1.1987483820270546,1.1987483820270546
485,c,1.1987483820270546,1.1987483820270546
486,c,1.1987483820270546,1.1987483820270546
487,c,1.1987483820270546,1.1987483820270546
488,c,1.1987483820270546,1.1987483820270546
489,c,1.1987483820270546,1.1987483820270546
490,t,1.1987483820270546,1.1987483820270546
491,c,1.1987483820270546,1.1987483820270546
492,c,1.1987483820270546,1.1987483820270546
493,c,1.1987483820270546,1.1987483820270546
494,c,1.1987483820270546,1.1987483820270546
495,c,1.1987483820270546,1.1987483820270546
496,t,1.1987483820270546,1.1987483820270546
497,c,1.1987483820270546,1.1987483820270546
498,c,1.1987483820270546,1.1987483820270546
499,c,1.1987483820270546,1.1987483820270546
500,c,1.1987483820270546,1.1987483820270546
501,c,1.1987483820270546,1.1987483820270546
502,c,1.1987483820270546,1.1987483820270546
503,t,1.1987483820270546,1.1987483820270546
504,c,1.1987483820270546,1.1987483820270546
505,c,1.1987483820270546,1.1987483820270546
506,c,1.1987483820270546,1.1987483820270546
507,t,1.1987483820270546,1.1987483820270546
508,c,1.1987483820270546,1.1987483820270546
509,c,1.1987483820270546,1.1987483820270546
510,c,1.1987483820270546,1.1987483820270546
511,t,1.1987483820270546,1.1987483820270546
512,c,1.1987483820270546,1.1987483820270546
513,c,1.1987483820270546,1.1987483820270546
514,c,1.1987483820270546,1.1987483820270546
515,c,1.1987483820270546,1.1987483820270546
516,c,1.1987483820270546,1.1987483820270546
517,c,1.1987483820270546,1.1987483820270546
518,na,-1,0
519,c,1.1987483820270546,1.1987483820270546
520,c,1.1987483820270546,1.1987483820270546
521,c,1.1987483820270546,1.1987483820270546
522,t,1.1987483820270546,1.1987483820270546
523,c,1.1987483820270546,1.1987483820270546
524,c,1.1987483820270546,1.1987483820270546
525,c,1.1987483820270546,1.1987483820270546
526,t,1.1987483820270546,1.1987483820270546
527,c,1.1987483820270546,1.1987483820270546
528,t,1.1987483820270546,1.1987483820270546
529,c,1.1987483820270546,1.1987483820270546
530,c,1.1987483820270546,1.1987483820270546
531,c,1.1987483820270546,1.1987483820270546
532,c,1.1987483820270546,1.1987483820270546
533,t,1.1987483820270546,1.1987483820270546
534,t,1.1987483820270546,1.1987483820270546
535,c,1.1987483820270546,1.1987483820270546
536,t,1.1987483820270546,1.1987483820270546
537,c,1.1987483820270546,1.1987483820270546
538,c,1.1987483820270546,1.1987483820270546
539,c,1.1987483820270546,1.1987483820270546
540,c,1.1987483820270546,1.1987483820270546
541,c,1.1987483820270546,1.1987483820270546
542,c,1.1987483820270546,1.1987483820270546
543,c,1.1987483820270546,1.1987483820270546
544,c,1.1987483820270546,1.1987483820270546
545,c,1.1987483820270546,1.1987483820270546
546,t,1.1987483820270546,1.1987483820270546
547,c,1.1987483820270546,1.1987483820270546
548,c,1.1987483820270546,1.1987483820270546
549,c,1.1987483820270546,1.1987483820270546
550,c,1.1987483820270546,1.1987483820270546
551,c,1.1987483820270546,1.1987483820270546
552,c,1.1987483820270546,1.1987483820270546
553,c,1.1987483820270546,1.1987483820270546
554,c,1.1987483820270546,1.1987483820270546
555,c,1.1987483820270546,1.1987483820270546
556,c,1.1987483820270546,1.1987483820270546
557,c,1.1987483820270546,1.1987483820270546
558,c,1.1987483820270546,1.1987483820270546
559,c,1.1987483820270546,1.1987483820270546
560,c,1.1987483820270546,1.1987483820270546
561,c,1.1987483820270546,1.1987483820270546
562,c,1.1987483820270546,1.1987483820270546
563,c,1.1987483820270546,1.1987483820270546
564,c,1.1987483820270546,1.1987483820270546
565,c,1.1987483820270546,1.1987483820270546
566,c,1.1987483820270546,1.1987483820270546
567,c,1.1987483820270546,1.1987483820270546
568,c,1.1987483820270546,1.1987483820270546
569,c,1.1987483820270546,1.1987483820270546
570,t,1.1987483820270546,1.1987483820270546
571,c,1.1987483820270546,1.1987483820270546
572,c,1.1987483820270546,1.1987483820270546
573,t,1.1987483820270546,1.1987483820270546
574,c,1.1987483820270546,1.1987483820270546
575,c,1.1987483820270546,1.1987483820270546
576,c,1.1987483820270546,1.1987483820270546
577,t,1.1987483820270546,1.1987483820270546
578,c,1.1987483820270546,1.1987483820270546
579,c,1.1987483820270546,1.1987483820270546
580,c,1.1987483820270546,1.1987483820270546
581,c,1.1987483820270546,1.1987483820270546
582,c,1.1987483820270546,1.1987483820270546
583,c,1.1987483820270546,1.1987483820270546
584,c,1.1987483820270546,1.1987483820270546
585,c,1.1987483820270546,1.1987483820270546
586,c,1.1987483820270546,1.1987483820270546
587,c,1.1987483820270546,1.1987483820270546
588,c,1.1987483820270546,1.1987483820270546
589,c,1.1987483820270546,1.1987483820270546
590,t,1.1987483820270546,1.1987483820270546
591,t,1.1987483820270546,1.1987483820270546
592,c,1.1987483820270546,1.1987483820270546
593,c,1.1987483820270546,1.1987483820270546
594,t,1.1987483820270546,1.1987483820270546
595,c,1.1987483820270546,1.1987483820270546
596,c,1.1987483820270546,1.1987483820270546
597,t,1.1987483820270546,1.1987483820270546
598,c,1.1987483820270546,1.1987483820270546
599,c,1.1987483820270546,1.1987483820270546
600,c,1.1987483820270546,1.1987483820270546
601,c,1.1987483820270546,1.1987483820270546
602,t,1.1987483820270546,1.1987483820270546
603,c,1.1987483820270546,1.1987483820270546
604,c,1.1987483820270546,1.1987483820270546
605,c,1.1987483820270546,1.1987483820270546
606,c,1.1987483820270546,1.1987483820270546
607,c,1.1987483820270546,1.1987483820270546
608,c,1.1987483820270546,1.1987483820270546
609,c,1.1987483820270546,1.1987483820270546
610,c,1.1987483820270546,1.1987483820270546
611,t,1.1987483820270546,1.1987483820270546
612,c,1.1987483820270546,1.1987483820270546
613,c,1.1987483820270546,1.1987483820270546
614,c,1.1987483820270546,1.1987483820270546
615,c,1.1987483820270546,1.1987483820270546
616,c,1.1987483820270546,1.1987483820270546
617,c,1.1987483820270546,1.1987483820270546
618,c,1.1987483820270546,1.1987483820270546
619,c,1.1987483820270546,1.1987483820270546
620,c,1.1987483820270546,1.1987483820270546
621,c,1.1987483820270546,1.1987483820270546
622,t,1.1987483820270546,1.1987483820270546
623,c,1.1987483820270546,1.1987483820270546
624,c,1.1987483820270546,1.1987483820270546
625,c,1.1987483820270546,1.1987483820270546
626,c,1.1987483820270546,1.1987483820270546
627,c,1.1987483820270546,1.1987483820270546
628,t,1.1987483820270546,1.1987483820270546
629,c,1.1987483820270546,1.1987483820270546
630,c,1.1987483820270546,1.1987483820270546
631,c,1.1987483820270546,1.1987483820270546
632,c,1.1987483820270546,1.1987483820270546
633,c,1.1987483820270546,1.1987483820270546
634,c,1.1987483820270546,1.1987483820270546
635,c,1.1987483820270546,1.1987483820270546
636,c,1.1987483820270546,1.1987483820270546
637,c,1.1987483820270546,1.1987483820270546
638,c,1.1987483820270546,1.1987483820270546
639,c,1.1987483820270546,1.1987483820270546
640,c,1.1987483820270546,1.1987483820270546
641,c,1.1987483820270546,1.1987483820270546
642,t,1.1987483820270546,1.1987483820270546
643,c,1.1987483820270546,1.1987483820270546
644,c,1.1987483820270546,1.1987483820270546
645,c,1.1987483820270546,1.1987483820270546
646,t,1.1987483820270546,1.1987483820270546
647,t,1.1987483820270546,1.1987483820270546
648,c,1.1987483820270546,1.1987483820270546
649,c,1.1987483820270546,1.1987483820270546
650,c,1.1987483820270546,1.1987483820270546
651,c,1.1987483820270546,1.1987483820270546
652,c,1.1987483820270546,1.1987483820270546
653,c,1.1987483820270546,1.1987483820270546
654,t,1.1987483820270546,1.1987483820270546
655,c,1.1987483820270546,1.1987483820270546
656,c,1.1987483820270546,1.1987483820270546
657,c,1.1987483820270546,1.1987483820270546
658,c,1.1987483820270546,1.1987483820270546
659,c,1.1987483820270546,1.1987483820270546
660,c,1.1987483820270546,1.1987483820270546
661,c,1.1987483820270546,1.1987483820270546
662,c,1.1987483820270546,1.1987483820270546
663,c,1.1987483820270546,1.1987483820270546
664,t,1.1987483820270546,1.1987483820270546
665,c,1.1987483820270546,1.1987483820270546
666,c,1.1987483820270546,1.1987483820270546
667,c,1.1987483820270546,1.1987483820270546
668,t,1.1987483820270546,1.1987483820270546
669,t,1.1987483820270546,1.1987483820270546
670,c,1.1987483820270546,1.1987483820270546
671,t,1.1987483820270546,1.1987483820270546
672,t,1.1987483820270546,1.1987483820270546
673,c,1.1987483820270546,1.1987483820270546
674,t,1.1987483820270546,1.1987483820270546
675,na,0,1.1987483820270546
676,c,1.1987483820270546,1.1987483820270546
677,c,1.1987483820270546,1.1987483820270546
678,c,1.1987483820270546,1.1987483820270546
679,c,1.1987483820270546,1.1987483820270546
680,t,1.1987483820270546,1.1987483820270546
681,t,1.1987483820270546,1.1987483820270546
682,t,1.1987483820270546,1.1987483820270546
683,c,1.1987483820270546,1.1987483820270546
684,c,1.1987483820270546,1.1987483820270546
685,c,1.1987483820270546,1.1987483820270546
686,c,1.1987483820270546,1.1987483820270546
687,c,1.1987483820270546,1.1987483820270546
688,c,1.1987483820270546,1.1987483820270546
689,c,1.1987483820270546,1.1987483820270546
690,c,1.1987483820270546,1.1987483820270546
691,c,1.1987483820270546,1.1987483820270546
692,c,1.1987483820270546,1.1987483820270546
693,c,1.1987483820270546,1.1987483820270546
694,c,1.1987483820270546,1.1987483820270546
695,c,1.1987483820270546,1.1987483820270546
696,c,1.1987483820270546,1.1987483820270546
697,c,1.1987483820270546,1.1987483820270546
698,t,1.1987483820270546,1.1987483820270546
699,c,1.1987483820270546,1.1987483820270546
700,c,1.1987483820270546,1.1987483820270546
701,t,1.1987483820270546,1.1987483820270546
702,c,1.1987483820270546,1.1987483820270546
703,c,1.1987483820270546,1.1987483820270546
704,c,1.1987483820270546,1.1987483820270546
705,c,1.1987483820270546,1.1987483820270546
706,c,1.1987483820270546,1.1987483820270546
707,t,1.1987483820270546,1.1987483820270546
708,c,1.1987483820270546,1.1987483820270546
709,c,1.1987483820270546,1.1987483820270546
710,c,1.1987483820270546,1.1987483820270546
711,c,1.1987483820270546,1.1987483820270546
712,c,1.1987483820270546,1.1987483820270546
713,c,1.1987483820270546,1.1987483820270546
714,t,1.1987483820270546,1.1987483820270546
715,c,1.1987483820270546,1.1987483820270546
716,c,1.1987483820270546,1.1987483820270546
717,t,1.1987483820270546,1.1987483820270546
718,c,1.1987483820270546,1.1987483820270546
719,c,1.1987483820270546,1.1987483820270546
720,c,1.1987483820270546,1.1987483820270546
721,t,1.1987483820270546,1.1987483820270546
722,c,1.1987483820270546,1.1987483820270546
723,c,1.1987483820270546,1.1987483820270546
724,t,1.1987483820270546,1.1987483820270546
725,c,1.1987483820270546,1.1987483820270546
726,t,1.1987483820270546,1.1987483820270546
727,c,1.1987483820270546,1.1987483820270546
728,c,1.1987483820270546,1.1987483820270546
729,c,1.1987483820270546,1.1987483820270546
730,c,1.1987483820270546,1.1987483820270546
731,c,1.1987483820270546,1.1987483820270546
732,t,1.1987483820270546,1.1987483820270546
733,t,1.1987483820270546,1.1987483820270546
734,c,1.1987483820270546,1.1987483820270546
735,c,1.1987483820270546,1.1987483820270546
736,t,1.1987483820270546,1.1987483820270546
737,c,1.1987483820270546,1.1987483820270546
738,t,1.1987483820270546,1.1987483820270546
739,c,1.1987483820270546,1.1987483820270546
740,c,1.1987483820270546,1.1987483820270546
741,c,1.1987483820270546,1.1987483820270546
742,c,1.1987483820270546,1.1987483820270546
743,c,1.1987483820270546,1.1987483820270546
744,c,1.1987483820270546,1.1987483820270546
745,c,1.1987483820270546,1.1987483820270546
746,c,1.1987483820270546,1.1987483820270546
747,c,1.1987483820270546,1.1987483820270546
748,c,1.1987483820270546,1.1987483820270546
749,c,1.1987483820270546,1.1987483820270546
750,t,1.1987483820270546,1.1987483820270546
751,c,1.1987483820270546,1.1987483820270546
752,c,1.1987483820270546,1.1987483820270546
753,c,1.1987483820270546,1.1987483820270546
754,c,1.1987483820270546,1.1987483820270546
755,c,1.1987483820270546,1.1987483820270546
756,t,1.1987483820270546,1.1987483820270546
757,t,1.1987483820270546,1.1987483820270546
758,c,1.1987483820270546,1.1987483820270546
759,c,1.1987483820270546,1.1987483820270546
760,c,1.1987483820270546,1.1987483820270546
761,t,1.1987483820270546,1.1987483820270546
762,t,1.1987483820270546,1.1987483820270546
763,c,1.1987483820270546,1.1987483820270546
764,c,1.1987483820270546,1.1987483820270546
765,c,1.1987483820270546,1.1987483820270546
766,c,1.1987483820270546,1.1987483820270546
767,c,1.1987483820270546,1.1987483820270546
768,c,1.1987483820270546,1.1987483820270546
769,c,1.1987483820270546,1.1987483820270546
770,c,1.1987483820270546,1.1987483820270546
771,c,1.1987483820270546,1.1987483820270546
772,c,1.1987483820270546,1.1987483820270546
773,c,1.1987483820270546,1.1987483820270546
774,c,1.1987483820270546,1.1987483820270546
775,c,1.1987483820270546,1.1987483820270546
776,c,1.1987483820270546,1.1987483820270546
777,c,1.1987483820270546,1.1987483820270546
778,c,1.1987483820270546,1.1987483820270546
779,c,1.1987483820270546,1.1987483820270546
780,c,1.1987483820270546,1.1987483820270546
781,c,1.1987483820270546,1.1987483820270546
782,c,1.1987483820270546,1.1987483820270546
783,t,1.1987483820270546,1.1987483820270546
784,c,1.1987483820270546,1.1987483820270546
785,c,1.1987483820270546,1.1987483820270546
786,c,1.1987483820270546,1.1987483820270546
787,c,1.1987483820270546,1.1987483820270546
788,c,1.1987483820270546,1.1987483820270546
789,t,1.1987483820270546,1.1987483820270546
790,t,1.1987483820270546,1.1987483820270546
791,c,1.1987483820270546,1.1987483820270546
792,t,1.1987483820270546,1.1987483820270546
793,t,1.1987483820270546,1.1987483820270546
794,c,1.1987483820270546,1.1987483820270546
795,c,1.1987483820270546,1.1987483820270546
796,c,1.1987483820270546,1.1987483820270546
797,c,1.1987483820270546,1.1987483820270546
798,c,1.1987483820270546,1.1987483820270546
799,c,1.1987483820270546,1.1987483820270546
800,c,1.1987483820270546,1.1987483820270546
801,c,1.1987483820270546,1.1987483820270546
802,t,1.1987483820270546,1.1987483820270546
803,c,1.1987483820270546,1.1987483820270546
804,c,1.1987483820270546,1.1987483820270546
805,t,1.1987483820270546,1.1987483820270546
806,c,1.1987483820270546,1.1987483820270546
807,t,1.1987483820270546,1.1987483820270546
808,c,1.1987483820270546,1.1987483820270546
809,c,1.1987483820270546,1.1987483820270546
810,c,1.1987483820270546,1.1987483820270546
811,t,1.1987483820270546,1.1987483820270546
812,c,1.1987483820270546,1.1987483820270546
813,c,1.1987483820270546,1.1987483820270546
814,c,1.1987483820270546,1.1987483820270546
815,t,1.1987483820270546,1.1987483820270546
816,c,1.1987483820270546,1.1987483820270546
817,c,1.1987483820270546,1.1987483820270546
818,t,1.1987483820270546,1.1987483820270546
819,c,1.1987483820270546,1.1987483820270546
820,c,1.1987483820270546,1.1987483820270546
821,c,1.1987483820270546,1.1987483820270546
822,c,1.1987483820270546,1.1987483820270546
823,c,1.1987483820270546,1.1987483820270546
824,c,1.1987483820270546,1.1987483820270546
825,t,1.1987483820270546,1.1987483820270546
826,c,1.1987483820270546,1.1987483820270546
827,c,1.1987483820270546,1.1987483820270546
828,c,1.1987483820270546,1.1987483820270546
829,c,1.1987483820270546,1.1987483820270546
830,t,1.1987483820270546,1.1987483820270546
831,c,1.1987483820270546,1.1987483820270546
832,c,1.1987483820270546,1.1987483820270546
833,c,1.1987483820270546,1.1987483820270546
834,t,1.1987483820270546,1.1987483820270546
835,c,1.1987483820270546,1.1987483820270546
836,c,1.1987483820270546,1.1987483820270546
837,c,1.1987483820270546,1.1987483820270546
838,c,1.1987483820270546,1.1987483820270546
839,t,1.1987483820270546,1.1987483820270546
840,t,1.1987483820270546,1.1987483820270546
841,c,1.1987483820270546,1.1987483820270546
842,t,1.1987483820270546,1.1987483820270546
843,t,1.1987483820270546,1.1987483820270546
844,c,1.1987483820270546,1.1987483820270546
845,c,1.1987483820270546,1.1987483820270546
846,c,1.1987483820270546,1.1987483820270546
847,c,1.1987483820270546,1.1987483820270546
848,c,1.1987483820270546,1.1987483820270546
849,t,1.1987483820270546,1.1987483820270546
850,c,1.1987483820270546,1.1987483820270546
851,c,1.1987483820270546,1.1987483820270546
852,c,1.1987483820270546,1.1987483820270546
853,c,1.1987483820270546,1.1987483820270546
854,t,1.1987483820270546,1.1987483820270546
855,c,1.1987483820270546,1.1987483820270546
856,c,1.1987483820270546,1.1987483820270546
857,c,1.1987483820270546,1.1987483820270546
858,c,1.1987483820270546,1.1987483820270546
859,c,1.1987483820270546,1.1987483820270546
860,c,1.1987483820270546,1.1987483820270546
861,c,1.1987483820270546,1.1987483820270546
862,c,1.1987483820270546,1.1987483820270546
863,c,1.1987483820270546,1.1987483820270546
864,c,1.1987483820270546,1.1987483820270546
865,c,1.1987483820270546,1.1987483820270546
866,c,1.1987483820270546,1.1987483820270546
867,t,1.1987483820270546,1.1987483820270546
868,c,1.1987483820270546,1.1987483820270546
869,c,1.1987483820270546,1.1987483820270546
870,t,1.1987483820270546,1.1987483820270546
871,c,1.1987483820270546,1.1987483820270546
872,c,1.1987483820270546,1.1987483820270546
873,c,1.1987483820270546,1.1987483820270546
874,t,1.1987483820270546,1.1987483820270546
875,c,1.1987483820270546,1.1987483820270546
876,c,1.1987483820270546,1.1987483820270546
877,c,1.1987483820270546,1.1987483820270546
878,c,1.1987483820270546,1.1987483820270546
879,t,1.1987483820270546,1.1987483820270546
880,c,1.1987483820270546,1.1987483820270546
881,c,1.1987483820270546,1.1987483820270546
882,c,1.1987483820270546,1.1987483820270546
883,t,1.1987483820270546,1.1987483820270546
884,c,1.1987483820270546,1.1987483820270546
885,c,1.1987483820270546,1.1987483820270546
886,c,1.1987483820270546,1.1987483820270546
887,c,1.1987483820270546,1.1987483820270546
888,c,1.1987483820270546,1.1987483820270546
889,c,1.1987483820270546,1.1987483820270546
890,t,1.1987483820270546,1.1987483820270546
891,c,1.1987483820270546,1.1987483820270546
892,c,1.1987483820270546,1.1987483820270546
893,c,1.1987483820270546,1.1987483820270546
894,t,1.1987483820270546,1.1987483820270546
895,c,1.1987483820270546,1.1987483820270546
896,c,1.1987483820270546,1.1987483820270546
897,c,1.1987483820270546,1.1987483820270546
898,c,1.1987483820270546,1.1987483820270546
899,c,1.1987483820270546,1.1987483820270546
900,c,1.1987483820270546,1.1987483820270546
901,c,1.1987483820270546,1.1987483820270546
902,c,1.1987483820270546,1.1987483820270546
903,t,1.1987483820270546,1.1987483820270546
904,t,1.1987483820270546,1.1987483820270546
905,t,1.1987483820270546,1.1987483820270546
906,c,1.1987483820270546,1.1987483820270546
907,c,1.1987483820270546,1.1987483820270546
908,c,1.1987483820270546,1.1987483820270546
909,c,1.1987483820270546,1.1987483820270546
910,c,1.1987483820270546,1.1987483820270546
911,t,1.1987483820270546,1.1987483820270546
912,c,1.1987483820270546,1.1987483820270546
913,t,1.1987483820270546,1.1987483820270546
914,c,1.1987483820270546,1.1987483820270546
915,c,1.1987483820270546,1.1987483820270546
916,c,1.1987483820270546,1.1987483820270546
917,c,1.1987483820270546,1.1987483820270546
918,c,1.1987483820270546,1.1987483820270546
919,c,1.1987483820270546,1.1987483820270546
920,c,1.1987483820270546,1.1987483820270546
921,c,1.1987483820270546,1.1987483820270546
922,c,1.1987483820270546,1.1987483820270546
923,c,1.1987483820270546,1.1987483820270546
924,c,1.1987483820270546,1.1987483820270546
925,t,1.1987483820270546,1.1987483820270546
926,t,1.1987483820270546,1.1987483820270546
927,c,1.1987483820270546,1.1987483820270546
928,t,1.1987483820270546,1.1987483820270546
929,c,1.1987483820270546,1.1987483820270546
930,c,1.1987483820270546,1.1987483820270546
931,c,1.1987483820270546,1.1987483820270546
932,t,1.1987483820270546,1.1987483820270546
933,c,1.1987483820270546,1.1987483820270546
934,c,1.1987483820270546,1.1987483820270546
935,c,1.1987483820270546,1.1987483820270546
936,c,1.1987483820270546,1.1987483820270546
937,c,1.1987483820270546,1.1987483820270546
938,c,1.1987483820270546,1.1987483820270546
939,t,1.1987483820270546,1.1987483820270546
940,c,1.1987483820270546,1.1987483820270546
941,t,1.1987483820270546,1.1987483820270546
942,c,1.1987483820270546,1.1987483820270546
943,c,1.1987483820270546,1.1987483820270546
944,c,1.1987483820270546,1.1987483820270546
945,c,1.1987483820270546,1.1987483820270546
946,c,1.1987483820270546,1.1987483820270546
947,c,1.1987483820270546,1.1987483820270546
948,c,1.1987483820270546,1.1987483820270546
949,c,1.1987483820270546,1.1987483820270546
950,c,1.1987483820270546,1.1987483820270546
951,t,1.1987483820270546,1.1987483820270546
952,c,1.1987483820270546,1.1987483820270546
953,t,1.1987483820270546,1.1987483820270546
954,c,1.1987483820270546,1.1987483820270546
955,t,1.1987483820270546,1.1987483820270546
956,c,1.1987483820270546,1.1987483820270546
957,c,1.1987483820270546,1.1987483820270546
958,c,1.1987483820270546,1.1987483820270546
959,c,1.1987483820270546,1.1987483820270546
960,c,1.1987483820270546,1.1987483820270546
961,c,1.1987483820270546,1.1987483820270546
962,c,1.1987483820270546,1.1987483820270546
963,t,1.1987483820270546,1.1987483820270546
964,t,1.1987483820270546,1.1987483820270546
965,c,1.1987483820270546,1.1987483820270546
966,t,1.1987483820270546,1.1987483820270546
967,c,1.1987483820270546,1.1987483820270546
968,c,1.1987483820270546,1.1987483820270546
969,c,1.1987483820270546,1.1987483820270546
970,c,1.1987483820270546,1.1987483820270546
971,c,1.1987483820270546,1.1987483820270546
972,t,1.1987483820270546,1.1987483820270546
973,c,1.1987483820270546,1.1987483820270546
974,c,1.1987483820270546,1.1987483820270546
975,c,1.1987483820270546,1.1987483820270546
976,c,1.1987483820270546,1.1987483820270546
977,t,1.1987483820270546,1.1987483820270546
978,c,1.1987483820270546,1.1987483820270546
979,c,1.1987483820270546,1.1987483820270546
980,t,1.1987483820270546,1.1987483820270546
981,c,1.1987483820270546,1.1987483820270546
982,c,1.1987483820270546,1.1987483820270546
983,c,1.1987483820270546,1.1987483820270546
984,c,1.1987483820270546,1.1987483820270546
985,c,1.1987483820270546,1.1987483820270546
986,c,1.1987483820270546,1.1987483820270546
987,c,1.1987483820270546,1.1987483820270546
988,c,1.1987483820270546,1.1987483820270546
989,c,1.1987483820270546,1.1987483820270546
990,t,1.1987483820270546,1.1987483820270546
991,t,1.1987483820270546,1.1987483820270546
992,c,1.1987483820270546,1.1987483820270546
993,c,1.1987483820270546,1.1987483820270546
994,c,1.1987483820270546,1.1987483820270546
995,t,1.1987483820270546,1.1987483820270546
996,c,1.1987483820270546,1.1987483820270546
997,t,1.1987483820270546,1.1987483820270546
998,t,1.1987483820270546,1.1987483820270546
999,c,1.1987483820270546,1.1987483820270546
