node, assignment, time2inf, time2death
0,na,-1,0
1,na,0,0.9359171293797343
2,na,-1,0
3,na,-1,0
4,t,35.18817016805081,35.18817016805081
5,c,35.18817016805081,35.18817016805081
6,c,35.18817016805081,35.18817016805081
7,c,35.18817016805081,35.18817016805081
8,c,35.18817016805081,35.18817016805081
9,t,35.18817016805081,35.18817016805081
10,c,10.210530052138836,35.18817016805081
11,c,35.18817016805081,35.18817016805081
12,c,35.18817016805081,35.18817016805081
13,c,35.18817016805081,35.18817016805081
14,c,35.18817016805081,35.18817016805081
15,c,35.18817016805081,35.18817016805081
16,c,35.18817016805081,35.18817016805081
17,t,35.18817016805081,35.18817016805081
18,t,35.18817016805081,35.18817016805081
19,c,35.18817016805081,35.18817016805081
20,c,35.18817016805081,35.18817016805081
21,t,35.18817016805081,35.18817016805081
22,t,35.18817016805081,35.18817016805081
23,c,35.18817016805081,35.18817016805081
24,t,35.18817016805081,35.18817016805081
25,c,35.18817016805081,35.18817016805081
26,t,35.18817016805081,35.18817016805081
27,t,35.18817016805081,35.18817016805081
28,t,35.18817016805081,35.18817016805081
29,c,35.18817016805081,35.18817016805081
30,c,35.18817016805081,35.18817016805081
31,c,35.18817016805081,35.18817016805081
32,c,35.18817016805081,35.18817016805081
33,c,35.18817016805081,35.18817016805081
34,c,35.18817016805081,35.18817016805081
35,t,35.18817016805081,35.18817016805081
36,c,10.578503752697687,11.037770818060322
37,c,35.18817016805081,35.18817016805081
38,c,35.18817016805081,35.18817016805081
39,c,35.18817016805081,35.18817016805081
40,t,35.18817016805081,35.18817016805081
41,t,35.18817016805081,35.18817016805081
42,t,35.18817016805081,35.18817016805081
43,c,35.18817016805081,35.18817016805081
44,c,35.18817016805081,35.18817016805081
45,c,35.18817016805081,35.18817016805081
46,t,35.18817016805081,35.18817016805081
47,c,35.18817016805081,35.18817016805081
48,t,35.18817016805081,35.18817016805081
49,c,35.18817016805081,35.18817016805081
50,c,35.18817016805081,35.18817016805081
51,t,35.18817016805081,35.18817016805081
52,c,35.18817016805081,35.18817016805081
53,c,8.564434725466208,17.53504144855552
54,c,35.18817016805081,35.18817016805081
55,c,35.18817016805081,35.18817016805081
56,c,35.18817016805081,35.18817016805081
57,t,35.18817016805081,35.18817016805081
58,c,35.18817016805081,35.18817016805081
59,c,35.18817016805081,35.18817016805081
60,t,35.18817016805081,35.18817016805081
61,t,35.18817016805081,35.18817016805081
62,t,35.18817016805081,35.18817016805081
63,t,35.18817016805081,35.18817016805081
64,c,35.18817016805081,35.18817016805081
65,t,35.18817016805081,35.18817016805081
66,t,35.18817016805081,35.18817016805081
67,c,35.18817016805081,35.18817016805081
68,t,35.18817016805081,35.18817016805081
69,t,35.18817016805081,35.18817016805081
70,c,35.18817016805081,35.18817016805081
71,t,35.18817016805081,35.18817016805081
72,t,35.18817016805081,35.18817016805081
73,t,35.18817016805081,35.18817016805081
74,t,35.18817016805081,35.18817016805081
75,c,35.18817016805081,35.18817016805081
76,c,6.870789578815397,16.664780953501797
77,na,0,2.952940787233161
78,t,35.18817016805081,35.18817016805081
79,t,35.18817016805081,35.18817016805081
80,t,35.18817016805081,35.18817016805081
81,t,35.18817016805081,35.18817016805081
82,c,35.18817016805081,35.18817016805081
83,c,35.18817016805081,35.18817016805081
84,c,35.18817016805081,35.18817016805081
85,c,35.18817016805081,35.18817016805081
86,c,35.18817016805081,35.18817016805081
87,c,35.18817016805081,35.18817016805081
88,t,35.18817016805081,35.18817016805081
89,t,35.18817016805081,35.18817016805081
90,c,35.18817016805081,35.18817016805081
91,c,35.18817016805081,35.18817016805081
92,t,35.18817016805081,35.18817016805081
93,t,35.18817016805081,35.18817016805081
94,t,35.18817016805081,35.18817016805081
95,t,35.18817016805081,35.18817016805081
96,c,35.18817016805081,35.18817016805081
97,c,35.18817016805081,35.18817016805081
98,c,35.18817016805081,35.18817016805081
99,c,35.18817016805081,35.18817016805081
100,c,35.18817016805081,35.18817016805081
101,t,35.18817016805081,35.18817016805081
102,c,35.18817016805081,35.18817016805081
103,t,35.18817016805081,35.18817016805081
104,t,35.18817016805081,35.18817016805081
105,t,35.18817016805081,35.18817016805081
106,t,35.18817016805081,35.18817016805081
107,c,35.18817016805081,35.18817016805081
108,t,35.18817016805081,35.18817016805081
109,c,35.18817016805081,35.18817016805081
110,c,35.18817016805081,35.18817016805081
111,c,35.18817016805081,35.18817016805081
112,t,35.18817016805081,35.18817016805081
113,c,35.18817016805081,35.18817016805081
114,c,35.18817016805081,35.18817016805081
115,c,35.18817016805081,35.18817016805081
116,c,35.18817016805081,35.18817016805081
117,c,35.18817016805081,35.18817016805081
118,c,35.18817016805081,35.18817016805081
119,c,35.18817016805081,35.18817016805081
120,c,35.18817016805081,35.18817016805081
121,t,35.18817016805081,35.18817016805081
122,c,35.18817016805081,35.18817016805081
123,t,35.18817016805081,35.18817016805081
124,t,35.18817016805081,35.18817016805081
125,c,35.18817016805081,35.18817016805081
126,t,35.18817016805081,35.18817016805081
127,t,35.18817016805081,35.18817016805081
128,c,35.18817016805081,35.18817016805081
129,c,35.18817016805081,35.18817016805081
130,t,35.18817016805081,35.18817016805081
131,c,35.18817016805081,35.18817016805081
132,c,13.93272214470933,14.535072651788877
133,c,35.18817016805081,35.18817016805081
134,c,35.18817016805081,35.18817016805081
135,t,35.18817016805081,35.18817016805081
136,t,35.18817016805081,35.18817016805081
137,c,35.18817016805081,35.18817016805081
138,c,35.18817016805081,35.18817016805081
139,t,35.18817016805081,35.18817016805081
140,c,2.933835022301519,5.866556440462366
141,c,35.18817016805081,35.18817016805081
142,t,35.18817016805081,35.18817016805081
143,t,35.18817016805081,35.18817016805081
144,t,35.18817016805081,35.18817016805081
145,c,35.18817016805081,35.18817016805081
146,t,35.18817016805081,35.18817016805081
147,t,35.18817016805081,35.18817016805081
148,na,2.6156973407237314,4.123463825640843
149,c,35.18817016805081,35.18817016805081
150,t,35.18817016805081,35.18817016805081
151,t,35.18817016805081,35.18817016805081
152,c,35.18817016805081,35.18817016805081
153,t,35.18817016805081,35.18817016805081
154,c,35.18817016805081,35.18817016805081
155,c,35.18817016805081,35.18817016805081
156,c,35.18817016805081,35.18817016805081
157,t,35.18817016805081,35.18817016805081
158,t,35.18817016805081,35.18817016805081
159,t,35.18817016805081,35.18817016805081
160,t,35.18817016805081,35.18817016805081
161,c,35.18817016805081,35.18817016805081
162,t,35.18817016805081,35.18817016805081
163,c,35.18817016805081,35.18817016805081
164,t,35.18817016805081,35.18817016805081
165,t,35.18817016805081,35.18817016805081
166,c,35.18817016805081,35.18817016805081
167,t,35.18817016805081,35.18817016805081
168,c,0.26522003846424275,3.7839776614682097
169,t,35.18817016805081,35.18817016805081
170,t,35.18817016805081,35.18817016805081
171,c,35.18817016805081,35.18817016805081
172,c,35.18817016805081,35.18817016805081
173,c,35.18817016805081,35.18817016805081
174,c,35.18817016805081,35.18817016805081
175,c,35.18817016805081,35.18817016805081
176,c,35.18817016805081,35.18817016805081
177,c,35.18817016805081,35.18817016805081
178,c,35.18817016805081,35.18817016805081
179,t,35.18817016805081,35.18817016805081
180,t,35.18817016805081,35.18817016805081
181,t,35.18817016805081,35.18817016805081
182,c,35.18817016805081,35.18817016805081
183,t,35.18817016805081,35.18817016805081
184,t,35.18817016805081,35.18817016805081
185,t,35.18817016805081,35.18817016805081
186,t,35.18817016805081,35.18817016805081
187,t,35.18817016805081,35.18817016805081
188,c,35.18817016805081,35.18817016805081
189,t,35.18817016805081,35.18817016805081
190,t,35.18817016805081,35.18817016805081
191,t,35.18817016805081,35.18817016805081
192,c,35.18817016805081,35.18817016805081
193,c,35.18817016805081,35.18817016805081
194,c,35.18817016805081,35.18817016805081
195,c,35.18817016805081,35.18817016805081
196,t,35.18817016805081,35.18817016805081
197,c,35.18817016805081,35.18817016805081
198,t,35.18817016805081,35.18817016805081
199,c,35.18817016805081,35.18817016805081
200,t,35.18817016805081,35.18817016805081
201,c,35.18817016805081,35.18817016805081
202,c,35.18817016805081,35.18817016805081
203,c,35.18817016805081,35.18817016805081
204,c,35.18817016805081,35.18817016805081
205,t,35.18817016805081,35.18817016805081
206,c,35.18817016805081,35.18817016805081
207,t,35.18817016805081,35.18817016805081
208,t,35.18817016805081,35.18817016805081
209,c,35.18817016805081,35.18817016805081
210,t,35.18817016805081,35.18817016805081
211,c,35.18817016805081,35.18817016805081
212,c,35.18817016805081,35.18817016805081
213,c,35.18817016805081,35.18817016805081
214,c,35.18817016805081,35.18817016805081
215,t,35.18817016805081,35.18817016805081
216,c,35.18817016805081,35.18817016805081
217,t,35.18817016805081,35.18817016805081
218,t,35.18817016805081,35.18817016805081
219,c,35.18817016805081,35.18817016805081
220,t,35.18817016805081,35.18817016805081
221,t,35.18817016805081,35.18817016805081
222,c,35.18817016805081,35.18817016805081
223,t,35.18817016805081,35.18817016805081
224,t,35.18817016805081,35.18817016805081
225,t,35.18817016805081,35.18817016805081
226,t,35.18817016805081,35.18817016805081
227,c,35.18817016805081,35.18817016805081
228,c,7.80123753724742,10.375640571131607
229,c,35.18817016805081,35.18817016805081
230,t,35.18817016805081,35.18817016805081
231,c,11.4277690191047,11.737828373220351
232,t,35.18817016805081,35.18817016805081
233,c,35.18817016805081,35.18817016805081
234,t,35.18817016805081,35.18817016805081
235,t,35.18817016805081,35.18817016805081
236,t,35.18817016805081,35.18817016805081
237,c,35.18817016805081,35.18817016805081
238,c,35.18817016805081,35.18817016805081
239,c,35.18817016805081,35.18817016805081
240,t,35.18817016805081,35.18817016805081
241,t,35.18817016805081,35.18817016805081
242,c,35.18817016805081,35.18817016805081
243,c,35.18817016805081,35.18817016805081
244,t,35.18817016805081,35.18817016805081
245,c,35.18817016805081,35.18817016805081
246,t,35.18817016805081,35.18817016805081
247,t,35.18817016805081,35.18817016805081
248,c,35.18817016805081,35.18817016805081
249,c,35.18817016805081,35.18817016805081
250,c,35.18817016805081,35.18817016805081
251,t,35.18817016805081,35.18817016805081
252,c,35.18817016805081,35.18817016805081
253,c,35.18817016805081,35.18817016805081
254,c,35.18817016805081,35.18817016805081
255,na,1.567325781451125,3.1271762658201805
256,t,35.18817016805081,35.18817016805081
257,c,35.18817016805081,35.18817016805081
258,c,35.18817016805081,35.18817016805081
259,c,13.102563993598405,17.46602868609678
260,c,35.18817016805081,35.18817016805081
261,t,35.18817016805081,35.18817016805081
262,c,35.18817016805081,35.18817016805081
263,t,35.18817016805081,35.18817016805081
264,c,35.18817016805081,35.18817016805081
265,na,-1,0
266,t,35.18817016805081,35.18817016805081
267,c,35.18817016805081,35.18817016805081
268,t,35.18817016805081,35.18817016805081
269,t,35.18817016805081,35.18817016805081
270,t,35.18817016805081,35.18817016805081
271,t,35.18817016805081,35.18817016805081
272,c,35.18817016805081,35.18817016805081
273,t,35.18817016805081,35.18817016805081
274,c,6.629697553085409,18.010396122393228
275,c,35.18817016805081,35.18817016805081
276,t,35.18817016805081,35.18817016805081
277,c,5.198591163402761,8.607588693379357
278,t,35.18817016805081,35.18817016805081
279,t,35.18817016805081,35.18817016805081
280,c,35.18817016805081,35.18817016805081
281,c,35.18817016805081,35.18817016805081
282,t,35.18817016805081,35.18817016805081
283,c,35.18817016805081,35.18817016805081
284,t,35.18817016805081,35.18817016805081
285,t,35.18817016805081,35.18817016805081
286,t,35.18817016805081,35.18817016805081
287,c,35.18817016805081,35.18817016805081
288,c,35.18817016805081,35.18817016805081
289,c,35.18817016805081,35.18817016805081
290,t,35.18817016805081,35.18817016805081
291,t,35.18817016805081,35.18817016805081
292,c,35.18817016805081,35.18817016805081
293,t,35.18817016805081,35.18817016805081
294,t,35.18817016805081,35.18817016805081
295,c,35.18817016805081,35.18817016805081
296,t,35.18817016805081,35.18817016805081
297,t,35.18817016805081,35.18817016805081
298,c,35.18817016805081,35.18817016805081
299,c,35.18817016805081,35.18817016805081
300,c,35.18817016805081,35.18817016805081
301,c,35.18817016805081,35.18817016805081
302,t,35.18817016805081,35.18817016805081
303,t,35.18817016805081,35.18817016805081
304,t,35.18817016805081,35.18817016805081
305,t,35.18817016805081,35.18817016805081
306,c,35.18817016805081,35.18817016805081
307,t,35.18817016805081,35.18817016805081
308,c,35.18817016805081,35.18817016805081
309,c,35.18817016805081,35.18817016805081
310,c,35.18817016805081,35.18817016805081
311,c,35.18817016805081,35.18817016805081
312,t,35.18817016805081,35.18817016805081
313,t,35.18817016805081,35.18817016805081
314,c,35.18817016805081,35.18817016805081
315,t,35.18817016805081,35.18817016805081
316,t,35.18817016805081,35.18817016805081
317,c,35.18817016805081,35.18817016805081
318,t,35.18817016805081,35.18817016805081
319,t,35.18817016805081,35.18817016805081
320,c,5.3835217202061445,5.87679367261306
321,t,35.18817016805081,35.18817016805081
322,c,35.18817016805081,35.18817016805081
323,t,35.18817016805081,35.18817016805081
324,c,35.18817016805081,35.18817016805081
325,t,35.18817016805081,35.18817016805081
326,t,35.18817016805081,35.18817016805081
327,c,35.18817016805081,35.18817016805081
328,c,35.18817016805081,35.18817016805081
329,t,35.18817016805081,35.18817016805081
330,c,35.18817016805081,35.18817016805081
331,t,35.18817016805081,35.18817016805081
332,c,35.18817016805081,35.18817016805081
333,c,35.18817016805081,35.18817016805081
334,c,35.18817016805081,35.18817016805081
335,t,35.18817016805081,35.18817016805081
336,c,35.18817016805081,35.18817016805081
337,t,35.18817016805081,35.18817016805081
338,t,35.18817016805081,35.18817016805081
339,c,4.6407181964411315,4.947980222366314
340,c,35.18817016805081,35.18817016805081
341,t,35.18817016805081,35.18817016805081
342,t,35.18817016805081,35.18817016805081
343,t,35.18817016805081,35.18817016805081
344,t,35.18817016805081,35.18817016805081
345,t,35.18817016805081,35.18817016805081
346,t,35.18817016805081,35.18817016805081
347,c,35.18817016805081,35.18817016805081
348,c,35.18817016805081,35.18817016805081
349,c,35.18817016805081,35.18817016805081
350,c,35.18817016805081,35.18817016805081
351,na,-1,0
352,t,35.18817016805081,35.18817016805081
353,c,35.18817016805081,35.18817016805081
354,c,35.18817016805081,35.18817016805081
355,c,35.18817016805081,35.18817016805081
356,t,35.18817016805081,35.18817016805081
357,c,35.18817016805081,35.18817016805081
358,c,35.18817016805081,35.18817016805081
359,c,35.18817016805081,35.18817016805081
360,t,35.18817016805081,35.18817016805081
361,t,35.18817016805081,35.18817016805081
362,c,35.18817016805081,35.18817016805081
363,t,35.18817016805081,35.18817016805081
364,t,35.18817016805081,35.18817016805081
365,c,35.18817016805081,35.18817016805081
366,t,35.18817016805081,35.18817016805081
367,c,35.18817016805081,35.18817016805081
368,t,35.18817016805081,35.18817016805081
369,t,35.18817016805081,35.18817016805081
370,c,35.18817016805081,35.18817016805081
371,t,35.18817016805081,35.18817016805081
372,c,35.18817016805081,35.18817016805081
373,t,35.18817016805081,35.18817016805081
374,t,35.18817016805081,35.18817016805081
375,t,35.18817016805081,35.18817016805081
376,c,35.18817016805081,35.18817016805081
377,c,35.18817016805081,35.18817016805081
378,t,35.18817016805081,35.18817016805081
379,c,35.18817016805081,35.18817016805081
380,t,35.18817016805081,35.18817016805081
381,c,35.18817016805081,35.18817016805081
382,c,35.18817016805081,35.18817016805081
383,c,35.18817016805081,35.18817016805081
384,c,35.18817016805081,35.18817016805081
385,c,35.18817016805081,35.18817016805081
386,c,35.18817016805081,35.18817016805081
387,t,35.18817016805081,35.18817016805081
388,t,35.18817016805081,35.18817016805081
389,c,35.18817016805081,35.18817016805081
390,t,35.18817016805081,35.18817016805081
391,c,35.18817016805081,35.18817016805081
392,t,35.18817016805081,35.18817016805081
393,c,35.18817016805081,35.18817016805081
394,t,35.18817016805081,35.18817016805081
395,c,35.18817016805081,35.18817016805081
396,t,35.18817016805081,35.18817016805081
397,c,35.18817016805081,35.18817016805081
398,t,35.18817016805081,35.18817016805081
399,t,35.18817016805081,35.18817016805081
400,t,35.18817016805081,35.18817016805081
401,t,35.18817016805081,35.18817016805081
402,c,35.18817016805081,35.18817016805081
403,t,35.18817016805081,35.18817016805081
404,c,35.18817016805081,35.18817016805081
405,t,35.18817016805081,35.18817016805081
406,c,35.18817016805081,35.18817016805081
407,t,35.18817016805081,35.18817016805081
408,t,35.18817016805081,35.18817016805081
409,t,35.18817016805081,35.18817016805081
410,c,35.18817016805081,35.18817016805081
411,c,35.18817016805081,35.18817016805081
412,t,35.18817016805081,35.18817016805081
413,c,35.18817016805081,35.18817016805081
414,t,35.18817016805081,35.18817016805081
415,t,35.18817016805081,35.18817016805081
416,c,35.18817016805081,35.18817016805081
417,c,35.18817016805081,35.18817016805081
418,c,35.18817016805081,35.18817016805081
419,c,35.18817016805081,35.18817016805081
420,na,0,35.18817016805081
421,c,35.18817016805081,35.18817016805081
422,c,35.18817016805081,35.18817016805081
423,c,35.18817016805081,35.18817016805081
424,t,35.18817016805081,35.18817016805081
425,t,35.18817016805081,35.18817016805081
426,t,35.18817016805081,35.18817016805081
427,t,35.18817016805081,35.18817016805081
428,t,35.18817016805081,35.18817016805081
429,c,35.18817016805081,35.18817016805081
430,c,35.18817016805081,35.18817016805081
431,na,-1,0
432,t,35.18817016805081,35.18817016805081
433,c,35.18817016805081,35.18817016805081
434,t,35.18817016805081,35.18817016805081
435,c,35.18817016805081,35.18817016805081
436,t,35.18817016805081,35.18817016805081
437,c,35.18817016805081,35.18817016805081
438,c,35.18817016805081,35.18817016805081
439,t,35.18817016805081,35.18817016805081
440,c,35.18817016805081,35.18817016805081
441,c,35.18817016805081,35.18817016805081
442,t,35.18817016805081,35.18817016805081
443,c,35.18817016805081,35.18817016805081
444,t,35.18817016805081,35.18817016805081
445,t,35.18817016805081,35.18817016805081
446,c,35.18817016805081,35.18817016805081
447,c,35.18817016805081,35.18817016805081
448,t,35.18817016805081,35.18817016805081
449,t,35.18817016805081,35.18817016805081
450,t,35.18817016805081,35.18817016805081
451,c,35.18817016805081,35.18817016805081
452,t,35.18817016805081,35.18817016805081
453,t,35.18817016805081,35.18817016805081
454,t,35.18817016805081,35.18817016805081
455,t,35.18817016805081,35.18817016805081
456,t,35.18817016805081,35.18817016805081
457,c,35.18817016805081,35.18817016805081
458,c,35.18817016805081,35.18817016805081
459,t,35.18817016805081,35.18817016805081
460,t,35.18817016805081,35.18817016805081
461,t,35.18817016805081,35.18817016805081
462,t,35.18817016805081,35.18817016805081
463,c,35.18817016805081,35.18817016805081
464,c,35.18817016805081,35.18817016805081
465,t,35.18817016805081,35.18817016805081
466,t,35.18817016805081,35.18817016805081
467,t,35.18817016805081,35.18817016805081
468,c,35.18817016805081,35.18817016805081
469,t,35.18817016805081,35.18817016805081
470,t,35.18817016805081,35.18817016805081
471,t,35.18817016805081,35.18817016805081
472,t,35.18817016805081,35.18817016805081
473,t,35.18817016805081,35.18817016805081
474,t,35.18817016805081,35.18817016805081
475,t,35.18817016805081,35.18817016805081
476,c,35.18817016805081,35.18817016805081
477,t,35.18817016805081,35.18817016805081
478,t,35.18817016805081,35.18817016805081
479,t,35.18817016805081,35.18817016805081
480,c,35.18817016805081,35.18817016805081
481,t,35.18817016805081,35.18817016805081
482,c,35.18817016805081,35.18817016805081
483,t,35.18817016805081,35.18817016805081
484,na,0,8.217031868949636
485,t,35.18817016805081,35.18817016805081
486,t,35.18817016805081,35.18817016805081
487,t,35.18817016805081,35.18817016805081
488,c,35.18817016805081,35.18817016805081
489,c,35.18817016805081,35.18817016805081
490,t,35.18817016805081,35.18817016805081
491,c,35.18817016805081,35.18817016805081
492,t,35.18817016805081,35.18817016805081
493,c,35.18817016805081,35.18817016805081
494,c,35.18817016805081,35.18817016805081
495,t,35.18817016805081,35.18817016805081
496,c,35.18817016805081,35.18817016805081
497,t,35.18817016805081,35.18817016805081
498,c,35.18817016805081,35.18817016805081
499,c,35.18817016805081,35.18817016805081
500,t,35.18817016805081,35.18817016805081
501,c,35.18817016805081,35.18817016805081
502,t,35.18817016805081,35.18817016805081
503,c,35.18817016805081,35.18817016805081
504,t,35.18817016805081,35.18817016805081
505,t,35.18817016805081,35.18817016805081
506,c,35.18817016805081,35.18817016805081
507,t,35.18817016805081,35.18817016805081
508,t,35.18817016805081,35.18817016805081
509,c,23.629523882852524,35.18817016805081
510,c,35.18817016805081,35.18817016805081
511,t,35.18817016805081,35.18817016805081
512,c,35.18817016805081,35.18817016805081
513,t,35.18817016805081,35.18817016805081
514,c,35.18817016805081,35.18817016805081
515,c,35.18817016805081,35.18817016805081
516,c,35.18817016805081,35.18817016805081
517,t,35.18817016805081,35.18817016805081
518,t,35.18817016805081,35.18817016805081
519,c,35.18817016805081,35.18817016805081
520,c,35.18817016805081,35.18817016805081
521,t,35.18817016805081,35.18817016805081
522,c,35.18817016805081,35.18817016805081
523,c,35.18817016805081,35.18817016805081
524,c,35.18817016805081,35.18817016805081
525,c,35.18817016805081,35.18817016805081
526,c,3.525141125493099,7.561920415677395
527,c,35.18817016805081,35.18817016805081
528,c,18.69639196141947,19.38031428609973
529,c,35.18817016805081,35.18817016805081
530,t,35.18817016805081,35.18817016805081
531,c,35.18817016805081,35.18817016805081
532,t,35.18817016805081,35.18817016805081
533,c,35.18817016805081,35.18817016805081
534,t,35.18817016805081,35.18817016805081
535,t,35.18817016805081,35.18817016805081
536,t,35.18817016805081,35.18817016805081
537,c,35.18817016805081,35.18817016805081
538,t,35.18817016805081,35.18817016805081
539,na,0,2.7334612447158064
540,t,35.18817016805081,35.18817016805081
541,c,35.18817016805081,35.18817016805081
542,t,35.18817016805081,35.18817016805081
543,t,35.18817016805081,35.18817016805081
544,t,35.18817016805081,35.18817016805081
545,c,35.18817016805081,35.18817016805081
546,t,35.18817016805081,35.18817016805081
547,c,35.18817016805081,35.18817016805081
548,t,35.18817016805081,35.18817016805081
549,c,35.18817016805081,35.18817016805081
550,t,35.18817016805081,35.18817016805081
551,t,35.18817016805081,35.18817016805081
552,c,35.18817016805081,35.18817016805081
553,t,35.18817016805081,35.18817016805081
554,c,35.18817016805081,35.18817016805081
555,t,35.18817016805081,35.18817016805081
556,c,35.18817016805081,35.18817016805081
557,t,35.18817016805081,35.18817016805081
558,t,35.18817016805081,35.18817016805081
559,t,35.18817016805081,35.18817016805081
560,t,35.18817016805081,35.18817016805081
561,c,35.18817016805081,35.18817016805081
562,c,35.18817016805081,35.18817016805081
563,t,35.18817016805081,35.18817016805081
564,c,35.18817016805081,35.18817016805081
565,c,35.18817016805081,35.18817016805081
566,t,35.18817016805081,35.18817016805081
567,t,35.18817016805081,35.18817016805081
568,t,35.18817016805081,35.18817016805081
569,t,35.18817016805081,35.18817016805081
570,c,35.18817016805081,35.18817016805081
571,t,35.18817016805081,35.18817016805081
572,t,35.18817016805081,35.18817016805081
573,t,35.18817016805081,35.18817016805081
574,c,35.18817016805081,35.18817016805081
575,t,35.18817016805081,35.18817016805081
576,t,35.18817016805081,35.18817016805081
577,t,35.18817016805081,35.18817016805081
578,t,35.18817016805081,35.18817016805081
579,t,35.18817016805081,35.18817016805081
580,c,35.18817016805081,35.18817016805081
581,c,35.18817016805081,35.18817016805081
582,t,35.18817016805081,35.18817016805081
583,t,35.18817016805081,35.18817016805081
584,c,35.18817016805081,35.18817016805081
585,c,35.18817016805081,35.18817016805081
586,c,35.18817016805081,35.18817016805081
587,t,35.18817016805081,35.18817016805081
588,t,35.18817016805081,35.18817016805081
589,c,35.18817016805081,35.18817016805081
590,c,35.18817016805081,35.18817016805081
591,t,35.18817016805081,35.18817016805081
592,c,35.18817016805081,35.18817016805081
593,t,35.18817016805081,35.18817016805081
594,c,35.18817016805081,35.18817016805081
595,c,35.18817016805081,35.18817016805081
596,t,35.18817016805081,35.18817016805081
597,c,35.18817016805081,35.18817016805081
598,c,35.18817016805081,35.18817016805081
599,t,35.18817016805081,35.18817016805081
600,c,35.18817016805081,35.18817016805081
601,t,35.18817016805081,35.18817016805081
602,t,35.18817016805081,35.18817016805081
603,c,5.011080274613592,8.29750240697527
604,c,6.26752228290456,29.2650510302822
605,c,35.18817016805081,35.18817016805081
606,c,35.18817016805081,35.18817016805081
607,c,35.18817016805081,35.18817016805081
608,c,35.18817016805081,35.18817016805081
609,c,35.18817016805081,35.18817016805081
610,t,35.18817016805081,35.18817016805081
611,c,35.18817016805081,35.18817016805081
612,t,35.18817016805081,35.18817016805081
613,c,35.18817016805081,35.18817016805081
614,c,35.18817016805081,35.18817016805081
615,c,35.18817016805081,35.18817016805081
616,t,35.18817016805081,35.18817016805081
617,c,35.18817016805081,35.18817016805081
618,c,35.18817016805081,35.18817016805081
619,c,35.18817016805081,35.18817016805081
620,t,35.18817016805081,35.18817016805081
621,c,35.18817016805081,35.18817016805081
622,t,35.18817016805081,35.18817016805081
623,c,35.18817016805081,35.18817016805081
624,c,35.18817016805081,35.18817016805081
625,t,35.18817016805081,35.18817016805081
626,t,35.18817016805081,35.18817016805081
627,c,35.18817016805081,35.18817016805081
628,t,35.18817016805081,35.18817016805081
629,t,35.18817016805081,35.18817016805081
630,t,35.18817016805081,35.18817016805081
631,c,35.18817016805081,35.18817016805081
632,c,35.18817016805081,35.18817016805081
633,t,35.18817016805081,35.18817016805081
634,t,35.18817016805081,35.18817016805081
635,c,35.18817016805081,35.18817016805081
636,c,35.18817016805081,35.18817016805081
637,c,35.18817016805081,35.18817016805081
638,c,35.18817016805081,35.18817016805081
639,t,35.18817016805081,35.18817016805081
640,c,35.18817016805081,35.18817016805081
641,t,35.18817016805081,35.18817016805081
642,t,35.18817016805081,35.18817016805081
643,c,35.18817016805081,35.18817016805081
644,c,35.18817016805081,35.18817016805081
645,t,35.18817016805081,35.18817016805081
646,c,35.18817016805081,35.18817016805081
647,c,35.18817016805081,35.18817016805081
648,c,35.18817016805081,35.18817016805081
649,t,35.18817016805081,35.18817016805081
650,c,35.18817016805081,35.18817016805081
651,c,35.18817016805081,35.18817016805081
652,c,35.18817016805081,35.18817016805081
653,c,35.18817016805081,35.18817016805081
654,c,35.18817016805081,35.18817016805081
655,na,0.04795494615246732,0.6007996756458585
656,t,35.18817016805081,35.18817016805081
657,t,35.18817016805081,35.18817016805081
658,c,35.18817016805081,35.18817016805081
659,t,35.18817016805081,35.18817016805081
660,t,35.18817016805081,35.18817016805081
661,c,35.18817016805081,35.18817016805081
662,t,35.18817016805081,35.18817016805081
663,c,35.18817016805081,35.18817016805081
664,t,35.18817016805081,35.18817016805081
665,t,35.18817016805081,35.18817016805081
666,t,35.18817016805081,35.18817016805081
667,t,35.18817016805081,35.18817016805081
668,c,35.18817016805081,35.18817016805081
669,c,35.18817016805081,35.18817016805081
670,t,35.18817016805081,35.18817016805081
671,c,35.18817016805081,35.18817016805081
672,c,35.18817016805081,35.18817016805081
673,c,35.18817016805081,35.18817016805081
674,c,35.18817016805081,35.18817016805081
675,c,35.18817016805081,35.18817016805081
676,c,35.18817016805081,35.18817016805081
677,t,35.18817016805081,35.18817016805081
678,t,35.18817016805081,35.18817016805081
679,c,35.18817016805081,35.18817016805081
680,t,35.18817016805081,35.18817016805081
681,t,35.18817016805081,35.18817016805081
682,c,35.18817016805081,35.18817016805081
683,c,35.18817016805081,35.18817016805081
684,t,35.18817016805081,35.18817016805081
685,t,35.18817016805081,35.18817016805081
686,t,35.18817016805081,35.18817016805081
687,t,35.18817016805081,35.18817016805081
688,c,35.18817016805081,35.18817016805081
689,t,35.18817016805081,35.18817016805081
690,c,35.18817016805081,35.18817016805081
691,t,35.18817016805081,35.18817016805081
692,c,35.18817016805081,35.18817016805081
693,t,35.18817016805081,35.18817016805081
694,c,35.18817016805081,35.18817016805081
695,c,35.18817016805081,35.18817016805081
696,t,35.18817016805081,35.18817016805081
697,c,35.18817016805081,35.18817016805081
698,t,35.18817016805081,35.18817016805081
699,c,35.18817016805081,35.18817016805081
700,c,35.18817016805081,35.18817016805081
701,t,35.18817016805081,35.18817016805081
702,t,35.18817016805081,35.18817016805081
703,c,35.18817016805081,35.18817016805081
704,c,1.8563172061518145,2.2506378829549942
705,t,35.18817016805081,35.18817016805081
706,c,35.18817016805081,35.18817016805081
707,t,35.18817016805081,35.18817016805081
708,c,35.18817016805081,35.18817016805081
709,t,35.18817016805081,35.18817016805081
710,t,35.18817016805081,35.18817016805081
711,t,35.18817016805081,35.18817016805081
712,c,35.18817016805081,35.18817016805081
713,c,35.18817016805081,35.18817016805081
714,t,35.18817016805081,35.18817016805081
715,c,35.18817016805081,35.18817016805081
716,c,35.18817016805081,35.18817016805081
717,t,35.18817016805081,35.18817016805081
718,c,35.18817016805081,35.18817016805081
719,c,35.18817016805081,35.18817016805081
720,t,35.18817016805081,35.18817016805081
721,t,35.18817016805081,35.18817016805081
722,c,35.18817016805081,35.18817016805081
723,t,35.18817016805081,35.18817016805081
724,t,35.18817016805081,35.18817016805081
725,c,35.18817016805081,35.18817016805081
726,c,35.18817016805081,35.18817016805081
727,t,35.18817016805081,35.18817016805081
728,t,35.18817016805081,35.18817016805081
729,t,35.18817016805081,35.18817016805081
730,t,35.18817016805081,35.18817016805081
731,t,35.18817016805081,35.18817016805081
732,t,35.18817016805081,35.18817016805081
733,t,35.18817016805081,35.18817016805081
734,t,35.18817016805081,35.18817016805081
735,t,35.18817016805081,35.18817016805081
736,t,35.18817016805081,35.18817016805081
737,t,35.18817016805081,35.18817016805081
738,c,35.18817016805081,35.18817016805081
739,c,35.18817016805081,35.18817016805081
740,t,35.18817016805081,35.18817016805081
741,c,35.18817016805081,35.18817016805081
742,t,35.18817016805081,35.18817016805081
743,c,1.6686872474719137,35.18817016805081
744,c,35.18817016805081,35.18817016805081
745,c,35.18817016805081,35.18817016805081
746,t,35.18817016805081,35.18817016805081
747,t,35.18817016805081,35.18817016805081
748,c,35.18817016805081,35.18817016805081
749,c,35.18817016805081,35.18817016805081
750,na,0,1.6539182742824334
751,c,35.18817016805081,35.18817016805081
752,t,35.18817016805081,35.18817016805081
753,t,35.18817016805081,35.18817016805081
754,t,35.18817016805081,35.18817016805081
755,t,35.18817016805081,35.18817016805081
756,c,35.18817016805081,35.18817016805081
757,c,35.18817016805081,35.18817016805081
758,t,35.18817016805081,35.18817016805081
759,t,35.18817016805081,35.18817016805081
760,t,35.18817016805081,35.18817016805081
761,t,35.18817016805081,35.18817016805081
762,c,35.18817016805081,35.18817016805081
763,c,35.18817016805081,35.18817016805081
764,c,35.18817016805081,35.18817016805081
765,c,16.61593272562172,26.850499119609932
766,t,35.18817016805081,35.18817016805081
767,c,35.18817016805081,35.18817016805081
768,t,35.18817016805081,35.18817016805081
769,t,35.18817016805081,35.18817016805081
770,t,35.18817016805081,35.18817016805081
771,c,35.18817016805081,35.18817016805081
772,t,35.18817016805081,35.18817016805081
773,t,35.18817016805081,35.18817016805081
774,c,35.18817016805081,35.18817016805081
775,t,35.18817016805081,35.18817016805081
776,t,35.18817016805081,35.18817016805081
777,c,35.18817016805081,35.18817016805081
778,t,35.18817016805081,35.18817016805081
779,t,35.18817016805081,35.18817016805081
780,t,35.18817016805081,35.18817016805081
781,t,35.18817016805081,35.18817016805081
782,t,35.18817016805081,35.18817016805081
783,t,35.18817016805081,35.18817016805081
784,c,35.18817016805081,35.18817016805081
785,c,35.18817016805081,35.18817016805081
786,c,35.18817016805081,35.18817016805081
787,c,35.18817016805081,35.18817016805081
788,t,35.18817016805081,35.18817016805081
789,c,35.18817016805081,35.18817016805081
790,c,35.18817016805081,35.18817016805081
791,t,35.18817016805081,35.18817016805081
792,c,35.18817016805081,35.18817016805081
793,na,2.2092551543680137,9.879438417232326
794,t,35.18817016805081,35.18817016805081
795,t,35.18817016805081,35.18817016805081
796,t,35.18817016805081,35.18817016805081
797,t,35.18817016805081,35.18817016805081
798,c,4.222010409317918,4.46892568726539
799,t,35.18817016805081,35.18817016805081
800,c,35.18817016805081,35.18817016805081
801,t,35.18817016805081,35.18817016805081
802,t,35.18817016805081,35.18817016805081
803,c,35.18817016805081,35.18817016805081
804,t,35.18817016805081,35.18817016805081
805,t,35.18817016805081,35.18817016805081
806,c,35.18817016805081,35.18817016805081
807,c,35.18817016805081,35.18817016805081
808,c,35.18817016805081,35.18817016805081
809,c,35.18817016805081,35.18817016805081
810,t,35.18817016805081,35.18817016805081
811,t,35.18817016805081,35.18817016805081
812,c,35.18817016805081,35.18817016805081
813,t,35.18817016805081,35.18817016805081
814,c,35.18817016805081,35.18817016805081
815,t,35.18817016805081,35.18817016805081
816,t,35.18817016805081,35.18817016805081
817,t,35.18817016805081,35.18817016805081
818,c,35.18817016805081,35.18817016805081
819,t,35.18817016805081,35.18817016805081
820,t,35.18817016805081,35.18817016805081
821,t,35.18817016805081,35.18817016805081
822,t,35.18817016805081,35.18817016805081
823,c,35.18817016805081,35.18817016805081
824,t,35.18817016805081,35.18817016805081
825,c,35.18817016805081,35.18817016805081
826,t,35.18817016805081,35.18817016805081
827,t,35.18817016805081,35.18817016805081
828,t,35.18817016805081,35.18817016805081
829,c,35.18817016805081,35.18817016805081
830,t,35.18817016805081,35.18817016805081
831,c,35.18817016805081,35.18817016805081
832,c,35.18817016805081,35.18817016805081
833,t,35.18817016805081,35.18817016805081
834,c,35.18817016805081,35.18817016805081
835,c,35.18817016805081,35.18817016805081
836,t,35.18817016805081,35.18817016805081
837,t,35.18817016805081,35.18817016805081
838,c,35.18817016805081,35.18817016805081
839,c,35.18817016805081,35.18817016805081
840,c,35.18817016805081,35.18817016805081
841,c,35.18817016805081,35.18817016805081
842,na,2.038274252854399,4.143959598451765
843,c,35.18817016805081,35.18817016805081
844,c,35.18817016805081,35.18817016805081
845,c,35.18817016805081,35.18817016805081
846,c,35.18817016805081,35.18817016805081
847,c,35.18817016805081,35.18817016805081
848,c,35.18817016805081,35.18817016805081
849,c,35.18817016805081,35.18817016805081
850,t,35.18817016805081,35.18817016805081
851,t,35.18817016805081,35.18817016805081
852,t,35.18817016805081,35.18817016805081
853,na,7.210650572211669,12.788154086793796
854,c,35.18817016805081,35.18817016805081
855,c,35.18817016805081,35.18817016805081
856,c,35.18817016805081,35.18817016805081
857,t,35.18817016805081,35.18817016805081
858,t,35.18817016805081,35.18817016805081
859,c,35.18817016805081,35.18817016805081
860,c,35.18817016805081,35.18817016805081
861,t,35.18817016805081,35.18817016805081
862,t,35.18817016805081,35.18817016805081
863,c,35.18817016805081,35.18817016805081
864,t,35.18817016805081,35.18817016805081
865,c,35.18817016805081,35.18817016805081
866,t,35.18817016805081,35.18817016805081
867,c,35.18817016805081,35.18817016805081
868,t,35.18817016805081,35.18817016805081
869,t,35.18817016805081,35.18817016805081
870,c,35.18817016805081,35.18817016805081
871,t,35.18817016805081,35.18817016805081
872,c,35.18817016805081,35.18817016805081
873,t,35.18817016805081,35.18817016805081
874,t,35.18817016805081,35.18817016805081
875,t,35.18817016805081,35.18817016805081
876,c,35.18817016805081,35.18817016805081
877,t,35.18817016805081,35.18817016805081
878,c,35.18817016805081,35.18817016805081
879,t,35.18817016805081,35.18817016805081
880,t,35.18817016805081,35.18817016805081
881,c,35.18817016805081,35.18817016805081
882,t,35.18817016805081,35.18817016805081
883,c,35.18817016805081,35.18817016805081
884,c,35.18817016805081,35.18817016805081
885,t,35.18817016805081,35.18817016805081
886,t,35.18817016805081,35.18817016805081
887,t,35.18817016805081,35.18817016805081
888,c,35.18817016805081,35.18817016805081
889,c,35.18817016805081,35.18817016805081
890,c,35.18817016805081,35.18817016805081
891,t,35.18817016805081,35.18817016805081
892,c,35.18817016805081,35.18817016805081
893,c,35.18817016805081,35.18817016805081
894,c,35.18817016805081,35.18817016805081
895,t,35.18817016805081,35.18817016805081
896,t,35.18817016805081,35.18817016805081
897,t,35.18817016805081,35.18817016805081
898,c,35.18817016805081,35.18817016805081
899,t,35.18817016805081,35.18817016805081
900,t,35.18817016805081,35.18817016805081
901,t,35.18817016805081,35.18817016805081
902,t,35.18817016805081,35.18817016805081
903,t,35.18817016805081,35.18817016805081
904,t,35.18817016805081,35.18817016805081
905,na,0,15.30425655279001
906,t,35.18817016805081,35.18817016805081
907,c,35.18817016805081,35.18817016805081
908,c,35.18817016805081,35.18817016805081
909,c,35.18817016805081,35.18817016805081
910,t,35.18817016805081,35.18817016805081
911,t,35.18817016805081,35.18817016805081
912,c,35.18817016805081,35.18817016805081
913,c,35.18817016805081,35.18817016805081
914,t,35.18817016805081,35.18817016805081
915,t,35.18817016805081,35.18817016805081
916,c,35.18817016805081,35.18817016805081
917,t,35.18817016805081,35.18817016805081
918,t,35.18817016805081,35.18817016805081
919,c,35.18817016805081,35.18817016805081
920,t,35.18817016805081,35.18817016805081
921,t,35.18817016805081,35.18817016805081
922,c,35.18817016805081,35.18817016805081
923,t,35.18817016805081,35.18817016805081
924,c,35.18817016805081,35.18817016805081
925,na,0,6.112634689584617
926,t,35.18817016805081,35.18817016805081
927,c,35.18817016805081,35.18817016805081
928,t,35.18817016805081,35.18817016805081
929,c,35.18817016805081,35.18817016805081
930,c,35.18817016805081,35.18817016805081
931,c,35.18817016805081,35.18817016805081
932,t,35.18817016805081,35.18817016805081
933,t,35.18817016805081,35.18817016805081
934,c,35.18817016805081,35.18817016805081
935,t,35.18817016805081,35.18817016805081
936,c,35.18817016805081,35.18817016805081
937,c,35.18817016805081,35.18817016805081
938,c,35.18817016805081,35.18817016805081
939,c,35.18817016805081,35.18817016805081
940,t,35.18817016805081,35.18817016805081
941,c,35.18817016805081,35.18817016805081
942,c,35.18817016805081,35.18817016805081
943,c,35.18817016805081,35.18817016805081
944,c,35.18817016805081,35.18817016805081
945,c,35.18817016805081,35.18817016805081
946,t,35.18817016805081,35.18817016805081
947,c,35.18817016805081,35.18817016805081
948,t,35.18817016805081,35.18817016805081
949,t,35.18817016805081,35.18817016805081
950,c,35.18817016805081,35.18817016805081
951,t,35.18817016805081,35.18817016805081
952,c,35.18817016805081,35.18817016805081
953,c,35.18817016805081,35.18817016805081
954,c,35.18817016805081,35.18817016805081
955,c,35.18817016805081,35.18817016805081
956,c,35.18817016805081,35.18817016805081
957,t,35.18817016805081,35.18817016805081
958,c,35.18817016805081,35.18817016805081
959,c,35.18817016805081,35.18817016805081
960,t,35.18817016805081,35.18817016805081
961,t,35.18817016805081,35.18817016805081
962,t,35.18817016805081,35.18817016805081
963,t,35.18817016805081,35.18817016805081
964,c,35.18817016805081,35.18817016805081
965,c,35.18817016805081,35.18817016805081
966,na,6.699679415680733,35.18817016805081
967,t,35.18817016805081,35.18817016805081
968,c,35.18817016805081,35.18817016805081
969,c,35.18817016805081,35.18817016805081
970,c,35.18817016805081,35.18817016805081
971,t,35.18817016805081,35.18817016805081
972,t,35.18817016805081,35.18817016805081
973,t,35.18817016805081,35.18817016805081
974,t,35.18817016805081,35.18817016805081
975,t,35.18817016805081,35.18817016805081
976,t,35.18817016805081,35.18817016805081
977,c,35.18817016805081,35.18817016805081
978,t,35.18817016805081,35.18817016805081
979,c,35.18817016805081,35.18817016805081
980,t,35.18817016805081,35.18817016805081
981,t,35.18817016805081,35.18817016805081
982,t,35.18817016805081,35.18817016805081
983,c,35.18817016805081,35.18817016805081
984,t,35.18817016805081,35.18817016805081
985,t,35.18817016805081,35.18817016805081
986,c,35.18817016805081,35.18817016805081
987,t,35.18817016805081,35.18817016805081
988,t,35.18817016805081,35.18817016805081
989,t,35.18817016805081,35.18817016805081
990,c,35.18817016805081,35.18817016805081
991,t,35.18817016805081,35.18817016805081
992,c,35.18817016805081,35.18817016805081
993,t,35.18817016805081,35.18817016805081
994,c,35.18817016805081,35.18817016805081
995,t,35.18817016805081,35.18817016805081
996,t,35.18817016805081,35.18817016805081
997,c,35.18817016805081,35.18817016805081
998,t,35.18817016805081,35.18817016805081
999,c,35.18817016805081,35.18817016805081
