node, assignment, time2inf, time2death
0,na,-1,0
1,na,0,3.508786430681342
2,na,-1,0
3,na,-1,0
4,na,-1,0
5,na,-1,0
6,na,-1,0
7,na,-1,0
8,na,-1,0
9,na,46.25291687573918,46.25291687573918
10,na,-1,0
11,na,-1,0
12,na,-1,0
13,na,-1,0
14,na,46.25291687573918,46.25291687573918
15,na,-1,0
16,na,-1,0
17,na,0,2.1806539498731947
18,na,-1,0
19,na,0,10.288958649855793
20,na,-1,0
21,na,-1,0
22,na,-1,0
23,na,-1,0
24,na,-1,0
25,na,-1,0
26,na,-1,0
27,na,0,7.27694129758689
28,na,-1,0
29,na,-1,0
30,na,-1,0
31,na,-1,0
32,na,-1,0
33,na,-1,0
34,na,0,0.03466284045485658
35,na,-1,0
36,na,-1,0
37,na,-1,0
38,na,0,3.423808618483052
39,na,-1,0
40,c,46.25291687573918,46.25291687573918
41,c,46.25291687573918,46.25291687573918
42,c,46.25291687573918,46.25291687573918
43,c,46.25291687573918,46.25291687573918
44,c,46.25291687573918,46.25291687573918
45,na,-1,0
46,t,46.25291687573918,46.25291687573918
47,c,46.25291687573918,46.25291687573918
48,c,46.25291687573918,46.25291687573918
49,c,46.25291687573918,46.25291687573918
50,c,46.25291687573918,46.25291687573918
51,c,29.028305820740755,30.42346663546375
52,t,46.25291687573918,46.25291687573918
53,t,46.25291687573918,46.25291687573918
54,c,46.25291687573918,46.25291687573918
55,c,46.25291687573918,46.25291687573918
56,c,46.25291687573918,46.25291687573918
57,c,46.25291687573918,46.25291687573918
58,c,46.25291687573918,46.25291687573918
59,c,46.25291687573918,46.25291687573918
60,c,46.25291687573918,46.25291687573918
61,c,46.25291687573918,46.25291687573918
62,c,46.25291687573918,46.25291687573918
63,c,46.25291687573918,46.25291687573918
64,c,46.25291687573918,46.25291687573918
65,c,46.25291687573918,46.25291687573918
66,c,46.25291687573918,46.25291687573918
67,c,46.25291687573918,46.25291687573918
68,t,46.25291687573918,46.25291687573918
69,c,46.25291687573918,46.25291687573918
70,t,46.25291687573918,46.25291687573918
71,c,46.25291687573918,46.25291687573918
72,c,16.81643813249709,26.961736431013033
73,c,46.25291687573918,46.25291687573918
74,na,0,10.878693782481392
75,c,46.25291687573918,46.25291687573918
76,t,46.25291687573918,46.25291687573918
77,t,46.25291687573918,46.25291687573918
78,c,46.25291687573918,46.25291687573918
79,c,46.25291687573918,46.25291687573918
80,c,46.25291687573918,46.25291687573918
81,t,46.25291687573918,46.25291687573918
82,t,46.25291687573918,46.25291687573918
83,c,46.25291687573918,46.25291687573918
84,t,46.25291687573918,46.25291687573918
85,c,46.25291687573918,46.25291687573918
86,t,46.25291687573918,46.25291687573918
87,c,46.25291687573918,46.25291687573918
88,c,46.25291687573918,46.25291687573918
89,c,46.25291687573918,46.25291687573918
90,c,46.25291687573918,46.25291687573918
91,t,46.25291687573918,46.25291687573918
92,t,46.25291687573918,46.25291687573918
93,c,46.25291687573918,46.25291687573918
94,c,46.25291687573918,46.25291687573918
95,c,46.25291687573918,46.25291687573918
96,t,46.25291687573918,46.25291687573918
97,c,46.25291687573918,46.25291687573918
98,c,46.25291687573918,46.25291687573918
99,t,46.25291687573918,46.25291687573918
100,c,46.25291687573918,46.25291687573918
101,c,46.25291687573918,46.25291687573918
102,c,46.25291687573918,46.25291687573918
103,t,46.25291687573918,46.25291687573918
104,c,46.25291687573918,46.25291687573918
105,t,46.25291687573918,46.25291687573918
106,c,46.25291687573918,46.25291687573918
107,t,46.25291687573918,46.25291687573918
108,c,46.25291687573918,46.25291687573918
109,c,46.25291687573918,46.25291687573918
110,c,46.25291687573918,46.25291687573918
111,c,46.25291687573918,46.25291687573918
112,t,46.25291687573918,46.25291687573918
113,c,46.25291687573918,46.25291687573918
114,c,46.25291687573918,46.25291687573918
115,c,46.25291687573918,46.25291687573918
116,c,46.25291687573918,46.25291687573918
117,c,46.25291687573918,46.25291687573918
118,c,46.25291687573918,46.25291687573918
119,c,46.25291687573918,46.25291687573918
120,c,46.25291687573918,46.25291687573918
121,t,46.25291687573918,46.25291687573918
122,c,46.25291687573918,46.25291687573918
123,c,46.25291687573918,46.25291687573918
124,c,46.25291687573918,46.25291687573918
125,c,46.25291687573918,46.25291687573918
126,na,1.9216107203865465,3.7212188924702274
127,t,46.25291687573918,46.25291687573918
128,c,46.25291687573918,46.25291687573918
129,c,46.25291687573918,46.25291687573918
130,c,46.25291687573918,46.25291687573918
131,c,46.25291687573918,46.25291687573918
132,c,46.25291687573918,46.25291687573918
133,c,46.25291687573918,46.25291687573918
134,c,46.25291687573918,46.25291687573918
135,c,46.25291687573918,46.25291687573918
136,c,46.25291687573918,46.25291687573918
137,c,46.25291687573918,46.25291687573918
138,na,-1,0
139,c,46.25291687573918,46.25291687573918
140,c,46.25291687573918,46.25291687573918
141,c,46.25291687573918,46.25291687573918
142,c,46.25291687573918,46.25291687573918
143,t,46.25291687573918,46.25291687573918
144,c,46.25291687573918,46.25291687573918
145,t,46.25291687573918,46.25291687573918
146,t,46.25291687573918,46.25291687573918
147,t,46.25291687573918,46.25291687573918
148,c,46.25291687573918,46.25291687573918
149,c,46.25291687573918,46.25291687573918
150,c,46.25291687573918,46.25291687573918
151,c,46.25291687573918,46.25291687573918
152,c,46.25291687573918,46.25291687573918
153,c,46.25291687573918,46.25291687573918
154,t,46.25291687573918,46.25291687573918
155,c,46.25291687573918,46.25291687573918
156,c,22.25932173742779,32.998230086517424
157,c,46.25291687573918,46.25291687573918
158,c,22.8260740133561,31.603793094826543
159,c,46.25291687573918,46.25291687573918
160,t,46.25291687573918,46.25291687573918
161,c,46.25291687573918,46.25291687573918
162,t,46.25291687573918,46.25291687573918
163,t,46.25291687573918,46.25291687573918
164,c,46.25291687573918,46.25291687573918
165,c,46.25291687573918,46.25291687573918
166,c,46.25291687573918,46.25291687573918
167,c,46.25291687573918,46.25291687573918
168,c,46.25291687573918,46.25291687573918
169,t,46.25291687573918,46.25291687573918
170,t,46.25291687573918,46.25291687573918
171,c,0.3938184299633533,8.891497336377485
172,c,46.25291687573918,46.25291687573918
173,t,46.25291687573918,46.25291687573918
174,c,46.25291687573918,46.25291687573918
175,c,23.383222483134805,26.106619072677812
176,t,46.25291687573918,46.25291687573918
177,c,46.25291687573918,46.25291687573918
178,c,46.25291687573918,46.25291687573918
179,c,46.25291687573918,46.25291687573918
180,c,46.25291687573918,46.25291687573918
181,t,46.25291687573918,46.25291687573918
182,t,46.25291687573918,46.25291687573918
183,c,46.25291687573918,46.25291687573918
184,c,46.25291687573918,46.25291687573918
185,t,46.25291687573918,46.25291687573918
186,c,46.25291687573918,46.25291687573918
187,c,46.25291687573918,46.25291687573918
188,c,46.25291687573918,46.25291687573918
189,c,46.25291687573918,46.25291687573918
190,c,46.25291687573918,46.25291687573918
191,c,46.25291687573918,46.25291687573918
192,c,46.25291687573918,46.25291687573918
193,c,46.25291687573918,46.25291687573918
194,c,46.25291687573918,46.25291687573918
195,c,46.25291687573918,46.25291687573918
196,c,46.25291687573918,46.25291687573918
197,c,46.25291687573918,46.25291687573918
198,c,46.25291687573918,46.25291687573918
199,c,46.25291687573918,46.25291687573918
200,c,46.25291687573918,46.25291687573918
201,c,46.25291687573918,46.25291687573918
202,c,46.25291687573918,46.25291687573918
203,c,46.25291687573918,46.25291687573918
204,c,46.25291687573918,46.25291687573918
205,t,46.25291687573918,46.25291687573918
206,t,46.25291687573918,46.25291687573918
207,c,46.25291687573918,46.25291687573918
208,c,46.25291687573918,46.25291687573918
209,c,46.25291687573918,46.25291687573918
210,c,46.25291687573918,46.25291687573918
211,c,10.176538600776347,10.606399079791439
212,t,46.25291687573918,46.25291687573918
213,t,46.25291687573918,46.25291687573918
214,c,46.25291687573918,46.25291687573918
215,c,46.25291687573918,46.25291687573918
216,c,46.25291687573918,46.25291687573918
217,c,46.25291687573918,46.25291687573918
218,t,46.25291687573918,46.25291687573918
219,c,46.25291687573918,46.25291687573918
220,c,46.25291687573918,46.25291687573918
221,c,13.370824690004369,14.508803577798986
222,c,46.25291687573918,46.25291687573918
223,t,46.25291687573918,46.25291687573918
224,c,46.25291687573918,46.25291687573918
225,c,46.25291687573918,46.25291687573918
226,c,46.25291687573918,46.25291687573918
227,c,46.25291687573918,46.25291687573918
228,c,46.25291687573918,46.25291687573918
229,c,46.25291687573918,46.25291687573918
230,c,46.25291687573918,46.25291687573918
231,c,35.688887644785936,40.9210146864987
232,c,4.693001273511051,8.679705655774203
233,t,46.25291687573918,46.25291687573918
234,c,46.25291687573918,46.25291687573918
235,c,46.25291687573918,46.25291687573918
236,c,46.25291687573918,46.25291687573918
237,c,46.25291687573918,46.25291687573918
238,c,46.25291687573918,46.25291687573918
239,c,12.287830623866508,46.25291687573918
240,c,46.25291687573918,46.25291687573918
241,c,46.25291687573918,46.25291687573918
242,c,46.25291687573918,46.25291687573918
243,c,46.25291687573918,46.25291687573918
244,c,46.25291687573918,46.25291687573918
245,t,46.25291687573918,46.25291687573918
246,c,46.25291687573918,46.25291687573918
247,c,46.25291687573918,46.25291687573918
248,t,46.25291687573918,46.25291687573918
249,c,46.25291687573918,46.25291687573918
250,c,46.25291687573918,46.25291687573918
251,c,46.25291687573918,46.25291687573918
252,c,46.25291687573918,46.25291687573918
253,c,46.25291687573918,46.25291687573918
254,c,46.25291687573918,46.25291687573918
255,c,46.25291687573918,46.25291687573918
256,c,46.25291687573918,46.25291687573918
257,c,46.25291687573918,46.25291687573918
258,c,46.25291687573918,46.25291687573918
259,t,46.25291687573918,46.25291687573918
260,c,46.25291687573918,46.25291687573918
261,c,46.25291687573918,46.25291687573918
262,t,46.25291687573918,46.25291687573918
263,c,46.25291687573918,46.25291687573918
264,c,46.25291687573918,46.25291687573918
265,c,46.25291687573918,46.25291687573918
266,c,46.25291687573918,46.25291687573918
267,c,46.25291687573918,46.25291687573918
268,c,46.25291687573918,46.25291687573918
269,c,46.25291687573918,46.25291687573918
270,c,46.25291687573918,46.25291687573918
271,t,46.25291687573918,46.25291687573918
272,c,46.25291687573918,46.25291687573918
273,c,46.25291687573918,46.25291687573918
274,t,46.25291687573918,46.25291687573918
275,c,46.25291687573918,46.25291687573918
276,t,46.25291687573918,46.25291687573918
277,c,46.25291687573918,46.25291687573918
278,c,46.25291687573918,46.25291687573918
279,c,46.25291687573918,46.25291687573918
280,c,46.25291687573918,46.25291687573918
281,c,46.25291687573918,46.25291687573918
282,t,46.25291687573918,46.25291687573918
283,c,46.25291687573918,46.25291687573918
284,c,46.25291687573918,46.25291687573918
285,c,46.25291687573918,46.25291687573918
286,c,46.25291687573918,46.25291687573918
287,c,46.25291687573918,46.25291687573918
288,c,46.25291687573918,46.25291687573918
289,c,46.25291687573918,46.25291687573918
290,c,46.25291687573918,46.25291687573918
291,c,37.46737852256208,39.24055755859504
292,c,46.25291687573918,46.25291687573918
293,c,46.25291687573918,46.25291687573918
294,c,46.25291687573918,46.25291687573918
295,c,46.25291687573918,46.25291687573918
296,c,7.195874783909029,16.49490913950044
297,c,46.25291687573918,46.25291687573918
298,c,46.25291687573918,46.25291687573918
299,c,46.25291687573918,46.25291687573918
300,c,46.25291687573918,46.25291687573918
301,c,46.25291687573918,46.25291687573918
302,c,46.25291687573918,46.25291687573918
303,c,46.25291687573918,46.25291687573918
304,c,46.25291687573918,46.25291687573918
305,c,46.25291687573918,46.25291687573918
306,c,46.25291687573918,46.25291687573918
307,c,46.25291687573918,46.25291687573918
308,c,46.25291687573918,46.25291687573918
309,t,46.25291687573918,46.25291687573918
310,c,46.25291687573918,46.25291687573918
311,c,46.25291687573918,46.25291687573918
312,c,46.25291687573918,46.25291687573918
313,c,46.25291687573918,46.25291687573918
314,c,46.25291687573918,46.25291687573918
315,t,46.25291687573918,46.25291687573918
316,c,0.30279101523819696,8.77608946217156
317,c,46.25291687573918,46.25291687573918
318,c,46.25291687573918,46.25291687573918
319,c,46.25291687573918,46.25291687573918
320,t,46.25291687573918,46.25291687573918
321,c,46.25291687573918,46.25291687573918
322,c,46.25291687573918,46.25291687573918
323,c,46.25291687573918,46.25291687573918
324,c,46.25291687573918,46.25291687573918
325,t,46.25291687573918,46.25291687573918
326,c,46.25291687573918,46.25291687573918
327,c,46.25291687573918,46.25291687573918
328,c,46.25291687573918,46.25291687573918
329,c,46.25291687573918,46.25291687573918
330,c,46.25291687573918,46.25291687573918
331,c,46.25291687573918,46.25291687573918
332,c,46.25291687573918,46.25291687573918
333,c,46.25291687573918,46.25291687573918
334,c,46.25291687573918,46.25291687573918
335,t,46.25291687573918,46.25291687573918
336,c,46.25291687573918,46.25291687573918
337,c,46.25291687573918,46.25291687573918
338,c,46.25291687573918,46.25291687573918
339,c,46.25291687573918,46.25291687573918
340,c,46.25291687573918,46.25291687573918
341,c,46.25291687573918,46.25291687573918
342,c,46.25291687573918,46.25291687573918
343,c,46.25291687573918,46.25291687573918
344,c,46.25291687573918,46.25291687573918
345,t,46.25291687573918,46.25291687573918
346,c,46.25291687573918,46.25291687573918
347,c,46.25291687573918,46.25291687573918
348,c,3.5298662594563335,4.554712223319709
349,c,46.25291687573918,46.25291687573918
350,c,46.25291687573918,46.25291687573918
351,c,46.25291687573918,46.25291687573918
352,c,46.25291687573918,46.25291687573918
353,c,46.25291687573918,46.25291687573918
354,c,46.25291687573918,46.25291687573918
355,t,46.25291687573918,46.25291687573918
356,c,46.25291687573918,46.25291687573918
357,c,19.416060872377145,28.47768531525278
358,c,46.25291687573918,46.25291687573918
359,c,46.25291687573918,46.25291687573918
360,c,46.25291687573918,46.25291687573918
361,c,46.25291687573918,46.25291687573918
362,c,46.25291687573918,46.25291687573918
363,c,46.25291687573918,46.25291687573918
364,c,46.25291687573918,46.25291687573918
365,c,46.25291687573918,46.25291687573918
366,c,46.25291687573918,46.25291687573918
367,t,46.25291687573918,46.25291687573918
368,c,46.25291687573918,46.25291687573918
369,c,46.25291687573918,46.25291687573918
370,c,46.25291687573918,46.25291687573918
371,c,46.25291687573918,46.25291687573918
372,c,46.25291687573918,46.25291687573918
373,c,46.25291687573918,46.25291687573918
374,c,46.25291687573918,46.25291687573918
375,c,46.25291687573918,46.25291687573918
376,t,46.25291687573918,46.25291687573918
377,c,46.25291687573918,46.25291687573918
378,c,46.25291687573918,46.25291687573918
379,c,46.25291687573918,46.25291687573918
380,c,46.25291687573918,46.25291687573918
381,c,46.25291687573918,46.25291687573918
382,c,46.25291687573918,46.25291687573918
383,t,46.25291687573918,46.25291687573918
384,c,46.25291687573918,46.25291687573918
385,t,46.25291687573918,46.25291687573918
386,c,13.468419346282587,15.30001372986955
387,c,46.25291687573918,46.25291687573918
388,c,46.25291687573918,46.25291687573918
389,c,46.25291687573918,46.25291687573918
390,c,46.25291687573918,46.25291687573918
391,c,46.25291687573918,46.25291687573918
392,c,46.25291687573918,46.25291687573918
393,c,46.25291687573918,46.25291687573918
394,c,46.25291687573918,46.25291687573918
395,c,46.25291687573918,46.25291687573918
396,c,46.25291687573918,46.25291687573918
397,t,46.25291687573918,46.25291687573918
398,c,46.25291687573918,46.25291687573918
399,c,46.25291687573918,46.25291687573918
400,c,46.25291687573918,46.25291687573918
401,t,46.25291687573918,46.25291687573918
402,c,46.25291687573918,46.25291687573918
403,t,46.25291687573918,46.25291687573918
404,c,46.25291687573918,46.25291687573918
405,c,46.25291687573918,46.25291687573918
406,c,46.25291687573918,46.25291687573918
407,c,46.25291687573918,46.25291687573918
408,c,46.25291687573918,46.25291687573918
409,c,46.25291687573918,46.25291687573918
410,c,46.25291687573918,46.25291687573918
411,c,46.25291687573918,46.25291687573918
412,c,46.25291687573918,46.25291687573918
413,c,46.25291687573918,46.25291687573918
414,c,46.25291687573918,46.25291687573918
415,c,46.25291687573918,46.25291687573918
416,c,46.25291687573918,46.25291687573918
417,c,46.25291687573918,46.25291687573918
418,c,46.25291687573918,46.25291687573918
419,t,46.25291687573918,46.25291687573918
420,c,46.25291687573918,46.25291687573918
421,c,46.25291687573918,46.25291687573918
422,c,46.25291687573918,46.25291687573918
423,c,46.25291687573918,46.25291687573918
424,t,46.25291687573918,46.25291687573918
425,c,46.25291687573918,46.25291687573918
426,c,46.25291687573918,46.25291687573918
427,c,46.25291687573918,46.25291687573918
428,t,46.25291687573918,46.25291687573918
429,c,46.25291687573918,46.25291687573918
430,c,46.25291687573918,46.25291687573918
431,c,46.25291687573918,46.25291687573918
432,c,46.25291687573918,46.25291687573918
433,c,46.25291687573918,46.25291687573918
434,t,46.25291687573918,46.25291687573918
435,c,46.25291687573918,46.25291687573918
436,c,46.25291687573918,46.25291687573918
437,c,46.25291687573918,46.25291687573918
438,t,46.25291687573918,46.25291687573918
439,c,46.25291687573918,46.25291687573918
440,c,46.25291687573918,46.25291687573918
441,c,46.25291687573918,46.25291687573918
442,c,46.25291687573918,46.25291687573918
443,c,46.25291687573918,46.25291687573918
444,t,46.25291687573918,46.25291687573918
445,c,46.25291687573918,46.25291687573918
446,c,46.25291687573918,46.25291687573918
447,c,28.86250154076927,29.69660432390621
448,c,11.823728995922304,13.666814396090501
449,t,46.25291687573918,46.25291687573918
450,c,46.25291687573918,46.25291687573918
451,t,46.25291687573918,46.25291687573918
452,c,46.25291687573918,46.25291687573918
453,t,46.25291687573918,46.25291687573918
454,c,46.25291687573918,46.25291687573918
455,c,46.25291687573918,46.25291687573918
456,t,46.25291687573918,46.25291687573918
457,c,6.1849668797591955,21.570979119913304
458,c,46.25291687573918,46.25291687573918
459,c,46.25291687573918,46.25291687573918
460,c,46.25291687573918,46.25291687573918
461,c,46.25291687573918,46.25291687573918
462,c,46.25291687573918,46.25291687573918
463,c,46.25291687573918,46.25291687573918
464,c,46.25291687573918,46.25291687573918
465,c,46.25291687573918,46.25291687573918
466,t,46.25291687573918,46.25291687573918
467,c,46.25291687573918,46.25291687573918
468,t,46.25291687573918,46.25291687573918
469,c,46.25291687573918,46.25291687573918
470,t,46.25291687573918,46.25291687573918
471,c,46.25291687573918,46.25291687573918
472,c,3.9142693083503803,6.414970090141579
473,c,46.25291687573918,46.25291687573918
474,c,46.25291687573918,46.25291687573918
475,c,46.25291687573918,46.25291687573918
476,c,46.25291687573918,46.25291687573918
477,t,46.25291687573918,46.25291687573918
478,c,46.25291687573918,46.25291687573918
479,c,46.25291687573918,46.25291687573918
480,c,46.25291687573918,46.25291687573918
481,c,46.25291687573918,46.25291687573918
482,c,46.25291687573918,46.25291687573918
483,c,46.25291687573918,46.25291687573918
484,c,46.25291687573918,46.25291687573918
485,c,46.25291687573918,46.25291687573918
486,t,46.25291687573918,46.25291687573918
487,t,46.25291687573918,46.25291687573918
488,c,46.25291687573918,46.25291687573918
489,t,46.25291687573918,46.25291687573918
490,c,46.25291687573918,46.25291687573918
491,c,18.42173806606745,26.36702446824631
492,c,46.25291687573918,46.25291687573918
493,c,46.25291687573918,46.25291687573918
494,c,46.25291687573918,46.25291687573918
495,c,46.25291687573918,46.25291687573918
496,c,46.25291687573918,46.25291687573918
497,t,46.25291687573918,46.25291687573918
498,c,46.25291687573918,46.25291687573918
499,t,46.25291687573918,46.25291687573918
500,c,46.25291687573918,46.25291687573918
501,c,46.25291687573918,46.25291687573918
502,c,46.25291687573918,46.25291687573918
503,c,46.25291687573918,46.25291687573918
504,c,8.866476625764339,14.273679612908051
505,c,46.25291687573918,46.25291687573918
506,c,46.25291687573918,46.25291687573918
507,c,46.25291687573918,46.25291687573918
508,c,11.990191024975923,14.402530899747754
509,c,46.25291687573918,46.25291687573918
510,t,46.25291687573918,46.25291687573918
511,c,46.25291687573918,46.25291687573918
512,c,46.25291687573918,46.25291687573918
513,t,46.25291687573918,46.25291687573918
514,c,46.25291687573918,46.25291687573918
515,t,46.25291687573918,46.25291687573918
516,c,46.25291687573918,46.25291687573918
517,c,46.25291687573918,46.25291687573918
518,c,46.25291687573918,46.25291687573918
519,c,46.25291687573918,46.25291687573918
520,na,1.755763128322327,2.673289670306043
521,c,46.25291687573918,46.25291687573918
522,t,46.25291687573918,46.25291687573918
523,c,46.25291687573918,46.25291687573918
524,c,46.25291687573918,46.25291687573918
525,c,46.25291687573918,46.25291687573918
526,c,46.25291687573918,46.25291687573918
527,c,46.25291687573918,46.25291687573918
528,t,46.25291687573918,46.25291687573918
529,c,46.25291687573918,46.25291687573918
530,t,46.25291687573918,46.25291687573918
531,c,46.25291687573918,46.25291687573918
532,c,46.25291687573918,46.25291687573918
533,c,13.223447847468558,14.319999374049141
534,c,46.25291687573918,46.25291687573918
535,c,46.25291687573918,46.25291687573918
536,c,9.69355228502281,16.10746401168596
537,c,46.25291687573918,46.25291687573918
538,c,46.25291687573918,46.25291687573918
539,c,46.25291687573918,46.25291687573918
540,c,46.25291687573918,46.25291687573918
541,c,46.25291687573918,46.25291687573918
542,c,46.25291687573918,46.25291687573918
543,c,46.25291687573918,46.25291687573918
544,c,46.25291687573918,46.25291687573918
545,c,21.950897815260756,30.39050766665813
546,c,46.25291687573918,46.25291687573918
547,c,14.036536114630346,19.81774509686267
548,c,16.57311394078068,21.24912751269047
549,c,46.25291687573918,46.25291687573918
550,c,46.25291687573918,46.25291687573918
551,c,46.25291687573918,46.25291687573918
552,t,46.25291687573918,46.25291687573918
553,c,46.25291687573918,46.25291687573918
554,c,46.25291687573918,46.25291687573918
555,c,46.25291687573918,46.25291687573918
556,c,46.25291687573918,46.25291687573918
557,t,46.25291687573918,46.25291687573918
558,c,46.25291687573918,46.25291687573918
559,c,46.25291687573918,46.25291687573918
560,c,46.25291687573918,46.25291687573918
561,c,46.25291687573918,46.25291687573918
562,c,46.25291687573918,46.25291687573918
563,c,46.25291687573918,46.25291687573918
564,c,46.25291687573918,46.25291687573918
565,c,46.25291687573918,46.25291687573918
566,t,46.25291687573918,46.25291687573918
567,t,46.25291687573918,46.25291687573918
568,c,46.25291687573918,46.25291687573918
569,c,46.25291687573918,46.25291687573918
570,c,46.25291687573918,46.25291687573918
571,c,46.25291687573918,46.25291687573918
572,c,1.973217805140689,6.414194748712331
573,c,46.25291687573918,46.25291687573918
574,c,46.25291687573918,46.25291687573918
575,c,46.25291687573918,46.25291687573918
576,t,46.25291687573918,46.25291687573918
577,t,46.25291687573918,46.25291687573918
578,c,46.25291687573918,46.25291687573918
579,t,46.25291687573918,46.25291687573918
580,t,46.25291687573918,46.25291687573918
581,c,25.381546784060834,25.474063886455603
582,c,46.25291687573918,46.25291687573918
583,c,46.25291687573918,46.25291687573918
584,c,46.25291687573918,46.25291687573918
585,c,46.25291687573918,46.25291687573918
586,c,46.25291687573918,46.25291687573918
587,c,46.25291687573918,46.25291687573918
588,c,46.25291687573918,46.25291687573918
589,c,46.25291687573918,46.25291687573918
590,t,46.25291687573918,46.25291687573918
591,c,46.25291687573918,46.25291687573918
592,c,8.693943066924696,11.83229378102172
593,c,46.25291687573918,46.25291687573918
594,c,11.18667044544599,13.778468784784872
595,t,46.25291687573918,46.25291687573918
596,c,46.25291687573918,46.25291687573918
597,c,46.25291687573918,46.25291687573918
598,c,46.25291687573918,46.25291687573918
599,c,46.25291687573918,46.25291687573918
600,c,46.25291687573918,46.25291687573918
601,t,46.25291687573918,46.25291687573918
602,c,46.25291687573918,46.25291687573918
603,t,46.25291687573918,46.25291687573918
604,c,46.25291687573918,46.25291687573918
605,c,46.25291687573918,46.25291687573918
606,c,46.25291687573918,46.25291687573918
607,c,46.25291687573918,46.25291687573918
608,c,46.25291687573918,46.25291687573918
609,t,46.25291687573918,46.25291687573918
610,c,46.25291687573918,46.25291687573918
611,c,46.25291687573918,46.25291687573918
612,c,46.25291687573918,46.25291687573918
613,t,46.25291687573918,46.25291687573918
614,c,46.25291687573918,46.25291687573918
615,c,46.25291687573918,46.25291687573918
616,c,46.25291687573918,46.25291687573918
617,c,46.25291687573918,46.25291687573918
618,c,46.25291687573918,46.25291687573918
619,c,46.25291687573918,46.25291687573918
620,c,46.25291687573918,46.25291687573918
621,t,46.25291687573918,46.25291687573918
622,c,46.25291687573918,46.25291687573918
623,c,46.25291687573918,46.25291687573918
624,c,46.25291687573918,46.25291687573918
625,c,46.25291687573918,46.25291687573918
626,c,46.25291687573918,46.25291687573918
627,c,46.25291687573918,46.25291687573918
628,na,0.5364032169690988,1.6351691290669212
629,c,46.25291687573918,46.25291687573918
630,c,46.25291687573918,46.25291687573918
631,c,46.25291687573918,46.25291687573918
632,c,46.25291687573918,46.25291687573918
633,c,46.25291687573918,46.25291687573918
634,c,46.25291687573918,46.25291687573918
635,t,46.25291687573918,46.25291687573918
636,c,46.25291687573918,46.25291687573918
637,c,46.25291687573918,46.25291687573918
638,c,46.25291687573918,46.25291687573918
639,c,46.25291687573918,46.25291687573918
640,c,46.25291687573918,46.25291687573918
641,c,46.25291687573918,46.25291687573918
642,c,46.25291687573918,46.25291687573918
643,c,46.25291687573918,46.25291687573918
644,c,46.25291687573918,46.25291687573918
645,t,46.25291687573918,46.25291687573918
646,c,46.25291687573918,46.25291687573918
647,t,46.25291687573918,46.25291687573918
648,c,46.25291687573918,46.25291687573918
649,t,46.25291687573918,46.25291687573918
650,c,46.25291687573918,46.25291687573918
651,c,46.25291687573918,46.25291687573918
652,c,9.256117406684751,17.37970542900101
653,c,46.25291687573918,46.25291687573918
654,c,46.25291687573918,46.25291687573918
655,c,46.25291687573918,46.25291687573918
656,t,46.25291687573918,46.25291687573918
657,c,46.25291687573918,46.25291687573918
658,c,46.25291687573918,46.25291687573918
659,c,46.25291687573918,46.25291687573918
660,c,46.25291687573918,46.25291687573918
661,c,46.25291687573918,46.25291687573918
662,t,46.25291687573918,46.25291687573918
663,c,46.25291687573918,46.25291687573918
664,c,46.25291687573918,46.25291687573918
665,c,46.25291687573918,46.25291687573918
666,c,46.25291687573918,46.25291687573918
667,t,46.25291687573918,46.25291687573918
668,c,46.25291687573918,46.25291687573918
669,t,46.25291687573918,46.25291687573918
670,t,46.25291687573918,46.25291687573918
671,c,46.25291687573918,46.25291687573918
672,t,46.25291687573918,46.25291687573918
673,t,46.25291687573918,46.25291687573918
674,c,46.25291687573918,46.25291687573918
675,c,46.25291687573918,46.25291687573918
676,na,2.912306424159585,3.9109350594605865
677,t,46.25291687573918,46.25291687573918
678,c,46.25291687573918,46.25291687573918
679,t,46.25291687573918,46.25291687573918
680,c,46.25291687573918,46.25291687573918
681,c,46.25291687573918,46.25291687573918
682,t,46.25291687573918,46.25291687573918
683,c,46.25291687573918,46.25291687573918
684,c,46.25291687573918,46.25291687573918
685,c,46.25291687573918,46.25291687573918
686,t,46.25291687573918,46.25291687573918
687,c,46.25291687573918,46.25291687573918
688,c,46.25291687573918,46.25291687573918
689,c,46.25291687573918,46.25291687573918
690,c,46.25291687573918,46.25291687573918
691,t,46.25291687573918,46.25291687573918
692,c,46.25291687573918,46.25291687573918
693,c,46.25291687573918,46.25291687573918
694,c,46.25291687573918,46.25291687573918
695,c,46.25291687573918,46.25291687573918
696,c,46.25291687573918,46.25291687573918
697,c,46.25291687573918,46.25291687573918
698,c,46.25291687573918,46.25291687573918
699,c,46.25291687573918,46.25291687573918
700,c,46.25291687573918,46.25291687573918
701,t,46.25291687573918,46.25291687573918
702,c,46.25291687573918,46.25291687573918
703,c,46.25291687573918,46.25291687573918
704,t,46.25291687573918,46.25291687573918
705,t,46.25291687573918,46.25291687573918
706,na,4.667846146428443,10.796717768101509
707,c,46.25291687573918,46.25291687573918
708,c,46.25291687573918,46.25291687573918
709,t,46.25291687573918,46.25291687573918
710,c,46.25291687573918,46.25291687573918
711,c,46.25291687573918,46.25291687573918
712,t,46.25291687573918,46.25291687573918
713,c,46.25291687573918,46.25291687573918
714,t,46.25291687573918,46.25291687573918
715,c,46.25291687573918,46.25291687573918
716,t,46.25291687573918,46.25291687573918
717,c,46.25291687573918,46.25291687573918
718,c,46.25291687573918,46.25291687573918
719,c,46.25291687573918,46.25291687573918
720,t,46.25291687573918,46.25291687573918
721,c,46.25291687573918,46.25291687573918
722,c,46.25291687573918,46.25291687573918
723,c,46.25291687573918,46.25291687573918
724,t,46.25291687573918,46.25291687573918
725,c,46.25291687573918,46.25291687573918
726,c,46.25291687573918,46.25291687573918
727,c,46.25291687573918,46.25291687573918
728,t,46.25291687573918,46.25291687573918
729,c,46.25291687573918,46.25291687573918
730,c,46.25291687573918,46.25291687573918
731,c,46.25291687573918,46.25291687573918
732,c,46.25291687573918,46.25291687573918
733,c,46.25291687573918,46.25291687573918
734,c,46.25291687573918,46.25291687573918
735,t,46.25291687573918,46.25291687573918
736,t,46.25291687573918,46.25291687573918
737,c,46.25291687573918,46.25291687573918
738,t,46.25291687573918,46.25291687573918
739,t,46.25291687573918,46.25291687573918
740,t,46.25291687573918,46.25291687573918
741,t,46.25291687573918,46.25291687573918
742,c,46.25291687573918,46.25291687573918
743,t,46.25291687573918,46.25291687573918
744,c,46.25291687573918,46.25291687573918
745,c,46.25291687573918,46.25291687573918
746,c,46.25291687573918,46.25291687573918
747,c,46.25291687573918,46.25291687573918
748,c,46.25291687573918,46.25291687573918
749,c,46.25291687573918,46.25291687573918
750,c,46.25291687573918,46.25291687573918
751,c,46.25291687573918,46.25291687573918
752,na,1.483546185738907,3.886638657174135
753,c,5.4474191212396175,22.41329678467601
754,t,46.25291687573918,46.25291687573918
755,c,46.25291687573918,46.25291687573918
756,c,46.25291687573918,46.25291687573918
757,t,46.25291687573918,46.25291687573918
758,c,46.25291687573918,46.25291687573918
759,c,46.25291687573918,46.25291687573918
760,t,46.25291687573918,46.25291687573918
761,c,46.25291687573918,46.25291687573918
762,t,46.25291687573918,46.25291687573918
763,c,46.25291687573918,46.25291687573918
764,c,46.25291687573918,46.25291687573918
765,c,46.25291687573918,46.25291687573918
766,c,46.25291687573918,46.25291687573918
767,c,46.25291687573918,46.25291687573918
768,c,46.25291687573918,46.25291687573918
769,c,46.25291687573918,46.25291687573918
770,c,46.25291687573918,46.25291687573918
771,c,46.25291687573918,46.25291687573918
772,c,46.25291687573918,46.25291687573918
773,c,46.25291687573918,46.25291687573918
774,c,46.25291687573918,46.25291687573918
775,c,46.25291687573918,46.25291687573918
776,t,46.25291687573918,46.25291687573918
777,c,46.25291687573918,46.25291687573918
778,c,46.25291687573918,46.25291687573918
779,c,46.25291687573918,46.25291687573918
780,c,46.25291687573918,46.25291687573918
781,t,46.25291687573918,46.25291687573918
782,c,46.25291687573918,46.25291687573918
783,c,46.25291687573918,46.25291687573918
784,c,46.25291687573918,46.25291687573918
785,c,11.622214509344643,11.991581586342399
786,c,46.25291687573918,46.25291687573918
787,c,1.872660002001236,6.051557290823052
788,c,46.25291687573918,46.25291687573918
789,c,46.25291687573918,46.25291687573918
790,c,46.25291687573918,46.25291687573918
791,c,46.25291687573918,46.25291687573918
792,c,46.25291687573918,46.25291687573918
793,t,46.25291687573918,46.25291687573918
794,c,46.25291687573918,46.25291687573918
795,t,46.25291687573918,46.25291687573918
796,t,46.25291687573918,46.25291687573918
797,t,46.25291687573918,46.25291687573918
798,c,46.25291687573918,46.25291687573918
799,c,46.25291687573918,46.25291687573918
800,c,46.25291687573918,46.25291687573918
801,c,46.25291687573918,46.25291687573918
802,c,8.925066935117332,13.988305636235097
803,c,46.25291687573918,46.25291687573918
804,c,46.25291687573918,46.25291687573918
805,c,46.25291687573918,46.25291687573918
806,c,46.25291687573918,46.25291687573918
807,t,46.25291687573918,46.25291687573918
808,t,46.25291687573918,46.25291687573918
809,c,46.25291687573918,46.25291687573918
810,c,46.25291687573918,46.25291687573918
811,na,6.130925775720009,8.34749357616748
812,c,46.25291687573918,46.25291687573918
813,t,46.25291687573918,46.25291687573918
814,t,46.25291687573918,46.25291687573918
815,t,46.25291687573918,46.25291687573918
816,c,46.25291687573918,46.25291687573918
817,c,46.25291687573918,46.25291687573918
818,c,46.25291687573918,46.25291687573918
819,c,9.360833044815292,21.738737083843375
820,c,46.25291687573918,46.25291687573918
821,c,46.25291687573918,46.25291687573918
822,c,6.304404449998556,46.25291687573918
823,c,46.25291687573918,46.25291687573918
824,c,46.25291687573918,46.25291687573918
825,t,46.25291687573918,46.25291687573918
826,c,46.25291687573918,46.25291687573918
827,c,46.25291687573918,46.25291687573918
828,c,46.25291687573918,46.25291687573918
829,c,46.25291687573918,46.25291687573918
830,c,46.25291687573918,46.25291687573918
831,c,46.25291687573918,46.25291687573918
832,c,46.25291687573918,46.25291687573918
833,na,2.934757001222212,46.25291687573918
834,c,46.25291687573918,46.25291687573918
835,c,46.25291687573918,46.25291687573918
836,t,46.25291687573918,46.25291687573918
837,t,46.25291687573918,46.25291687573918
838,t,46.25291687573918,46.25291687573918
839,c,46.25291687573918,46.25291687573918
840,c,46.25291687573918,46.25291687573918
841,c,46.25291687573918,46.25291687573918
842,t,46.25291687573918,46.25291687573918
843,na,-1,0
844,c,46.25291687573918,46.25291687573918
845,t,46.25291687573918,46.25291687573918
846,c,46.25291687573918,46.25291687573918
847,c,46.25291687573918,46.25291687573918
848,c,46.25291687573918,46.25291687573918
849,c,46.25291687573918,46.25291687573918
850,t,46.25291687573918,46.25291687573918
851,c,46.25291687573918,46.25291687573918
852,c,46.25291687573918,46.25291687573918
853,na,0,2.390920503124389
854,c,46.25291687573918,46.25291687573918
855,c,46.25291687573918,46.25291687573918
856,c,46.25291687573918,46.25291687573918
857,c,46.25291687573918,46.25291687573918
858,c,46.25291687573918,46.25291687573918
859,c,46.25291687573918,46.25291687573918
860,c,46.25291687573918,46.25291687573918
861,c,46.25291687573918,46.25291687573918
862,c,46.25291687573918,46.25291687573918
863,c,46.25291687573918,46.25291687573918
864,c,46.25291687573918,46.25291687573918
865,c,46.25291687573918,46.25291687573918
866,c,46.25291687573918,46.25291687573918
867,c,46.25291687573918,46.25291687573918
868,c,46.25291687573918,46.25291687573918
869,t,46.25291687573918,46.25291687573918
870,c,46.25291687573918,46.25291687573918
871,c,46.25291687573918,46.25291687573918
872,c,46.25291687573918,46.25291687573918
873,c,8.542262509706118,13.429582759678931
874,na,4.145756422354848,7.068475869062432
875,c,46.25291687573918,46.25291687573918
876,c,46.25291687573918,46.25291687573918
877,c,46.25291687573918,46.25291687573918
878,c,46.25291687573918,46.25291687573918
879,c,46.25291687573918,46.25291687573918
880,c,46.25291687573918,46.25291687573918
881,c,46.25291687573918,46.25291687573918
882,c,46.25291687573918,46.25291687573918
883,c,46.25291687573918,46.25291687573918
884,t,46.25291687573918,46.25291687573918
885,c,46.25291687573918,46.25291687573918
886,c,46.25291687573918,46.25291687573918
887,c,46.25291687573918,46.25291687573918
888,c,46.25291687573918,46.25291687573918
889,c,11.936719838784287,12.03064294528873
890,na,4.267267707029403,7.9025106221965435
891,t,46.25291687573918,46.25291687573918
892,c,46.25291687573918,46.25291687573918
893,c,46.25291687573918,46.25291687573918
894,c,46.25291687573918,46.25291687573918
895,c,46.25291687573918,46.25291687573918
896,t,46.25291687573918,46.25291687573918
897,c,46.25291687573918,46.25291687573918
898,t,46.25291687573918,46.25291687573918
899,c,46.25291687573918,46.25291687573918
900,t,46.25291687573918,46.25291687573918
901,c,46.25291687573918,46.25291687573918
902,c,46.25291687573918,46.25291687573918
903,c,46.25291687573918,46.25291687573918
904,t,46.25291687573918,46.25291687573918
905,c,46.25291687573918,46.25291687573918
906,c,46.25291687573918,46.25291687573918
907,c,46.25291687573918,46.25291687573918
908,c,46.25291687573918,46.25291687573918
909,c,46.25291687573918,46.25291687573918
910,c,46.25291687573918,46.25291687573918
911,c,46.25291687573918,46.25291687573918
912,t,46.25291687573918,46.25291687573918
913,c,20.43294492241808,20.906155887784777
914,c,46.25291687573918,46.25291687573918
915,c,46.25291687573918,46.25291687573918
916,c,46.25291687573918,46.25291687573918
917,c,46.25291687573918,46.25291687573918
918,c,46.25291687573918,46.25291687573918
919,c,46.25291687573918,46.25291687573918
920,c,46.25291687573918,46.25291687573918
921,c,46.25291687573918,46.25291687573918
922,c,46.25291687573918,46.25291687573918
923,c,46.25291687573918,46.25291687573918
924,c,46.25291687573918,46.25291687573918
925,c,46.25291687573918,46.25291687573918
926,t,46.25291687573918,46.25291687573918
927,c,46.25291687573918,46.25291687573918
928,t,46.25291687573918,46.25291687573918
929,c,46.25291687573918,46.25291687573918
930,t,46.25291687573918,46.25291687573918
931,c,46.25291687573918,46.25291687573918
932,c,46.25291687573918,46.25291687573918
933,c,46.25291687573918,46.25291687573918
934,t,46.25291687573918,46.25291687573918
935,c,46.25291687573918,46.25291687573918
936,c,46.25291687573918,46.25291687573918
937,na,0,1.3461885140394036
938,c,46.25291687573918,46.25291687573918
939,c,46.25291687573918,46.25291687573918
940,c,46.25291687573918,46.25291687573918
941,c,46.25291687573918,46.25291687573918
942,c,46.25291687573918,46.25291687573918
943,t,46.25291687573918,46.25291687573918
944,c,46.25291687573918,46.25291687573918
945,c,46.25291687573918,46.25291687573918
946,c,46.25291687573918,46.25291687573918
947,c,46.25291687573918,46.25291687573918
948,c,46.25291687573918,46.25291687573918
949,c,46.25291687573918,46.25291687573918
950,c,46.25291687573918,46.25291687573918
951,c,46.25291687573918,46.25291687573918
952,t,46.25291687573918,46.25291687573918
953,c,46.25291687573918,46.25291687573918
954,c,46.25291687573918,46.25291687573918
955,c,46.25291687573918,46.25291687573918
956,c,46.25291687573918,46.25291687573918
957,c,46.25291687573918,46.25291687573918
958,c,46.25291687573918,46.25291687573918
959,c,46.25291687573918,46.25291687573918
960,c,46.25291687573918,46.25291687573918
961,c,46.25291687573918,46.25291687573918
962,c,13.093889685217093,22.925840993314203
963,c,46.25291687573918,46.25291687573918
964,t,46.25291687573918,46.25291687573918
965,c,46.25291687573918,46.25291687573918
966,c,46.25291687573918,46.25291687573918
967,c,46.25291687573918,46.25291687573918
968,c,46.25291687573918,46.25291687573918
969,t,46.25291687573918,46.25291687573918
970,c,46.25291687573918,46.25291687573918
971,c,46.25291687573918,46.25291687573918
972,t,46.25291687573918,46.25291687573918
973,c,46.25291687573918,46.25291687573918
974,c,46.25291687573918,46.25291687573918
975,t,46.25291687573918,46.25291687573918
976,c,46.25291687573918,46.25291687573918
977,c,46.25291687573918,46.25291687573918
978,t,46.25291687573918,46.25291687573918
979,c,46.25291687573918,46.25291687573918
980,c,46.25291687573918,46.25291687573918
981,t,46.25291687573918,46.25291687573918
982,t,46.25291687573918,46.25291687573918
983,c,46.25291687573918,46.25291687573918
984,c,46.25291687573918,46.25291687573918
985,c,46.25291687573918,46.25291687573918
986,t,46.25291687573918,46.25291687573918
987,c,46.25291687573918,46.25291687573918
988,c,46.25291687573918,46.25291687573918
989,t,46.25291687573918,46.25291687573918
990,c,46.25291687573918,46.25291687573918
991,t,46.25291687573918,46.25291687573918
992,c,46.25291687573918,46.25291687573918
993,c,46.25291687573918,46.25291687573918
994,c,46.25291687573918,46.25291687573918
995,t,46.25291687573918,46.25291687573918
996,t,46.25291687573918,46.25291687573918
997,c,46.25291687573918,46.25291687573918
998,c,46.25291687573918,46.25291687573918
999,t,46.25291687573918,46.25291687573918
1000,t,46.25291687573918,46.25291687573918
1001,c,46.25291687573918,46.25291687573918
1002,t,46.25291687573918,46.25291687573918
1003,c,46.25291687573918,46.25291687573918
1004,c,46.25291687573918,46.25291687573918
1005,c,46.25291687573918,46.25291687573918
1006,c,46.25291687573918,46.25291687573918
1007,c,46.25291687573918,46.25291687573918
1008,c,46.25291687573918,46.25291687573918
1009,t,46.25291687573918,46.25291687573918
1010,c,4.287252646213872,5.304284642332853
1011,c,46.25291687573918,46.25291687573918
1012,c,46.25291687573918,46.25291687573918
1013,t,46.25291687573918,46.25291687573918
1014,c,46.25291687573918,46.25291687573918
1015,c,46.25291687573918,46.25291687573918
1016,t,46.25291687573918,46.25291687573918
1017,t,46.25291687573918,46.25291687573918
1018,c,46.25291687573918,46.25291687573918
1019,c,46.25291687573918,46.25291687573918
1020,t,46.25291687573918,46.25291687573918
1021,t,46.25291687573918,46.25291687573918
1022,c,46.25291687573918,46.25291687573918
1023,c,46.25291687573918,46.25291687573918
1024,c,46.25291687573918,46.25291687573918
1025,c,46.25291687573918,46.25291687573918
1026,c,6.636770064149031,10.156086865265836
1027,c,46.25291687573918,46.25291687573918
1028,t,46.25291687573918,46.25291687573918
1029,t,46.25291687573918,46.25291687573918
1030,c,46.25291687573918,46.25291687573918
1031,t,46.25291687573918,46.25291687573918
1032,c,46.25291687573918,46.25291687573918
1033,c,46.25291687573918,46.25291687573918
1034,c,46.25291687573918,46.25291687573918
1035,c,16.701337995824478,17.77705416491084
1036,c,46.25291687573918,46.25291687573918
1037,c,46.25291687573918,46.25291687573918
1038,c,46.25291687573918,46.25291687573918
1039,c,46.25291687573918,46.25291687573918
1040,c,46.25291687573918,46.25291687573918
1041,c,46.25291687573918,46.25291687573918
1042,c,46.25291687573918,46.25291687573918
1043,c,46.25291687573918,46.25291687573918
1044,c,46.25291687573918,46.25291687573918
1045,t,46.25291687573918,46.25291687573918
1046,c,46.25291687573918,46.25291687573918
1047,c,46.25291687573918,46.25291687573918
1048,t,46.25291687573918,46.25291687573918
1049,c,46.25291687573918,46.25291687573918
1050,na,8.680341453227484,19.573027967054667
1051,c,46.25291687573918,46.25291687573918
1052,c,46.25291687573918,46.25291687573918
1053,c,46.25291687573918,46.25291687573918
1054,c,46.25291687573918,46.25291687573918
1055,c,46.25291687573918,46.25291687573918
1056,c,46.25291687573918,46.25291687573918
1057,c,46.25291687573918,46.25291687573918
1058,c,46.25291687573918,46.25291687573918
1059,c,46.25291687573918,46.25291687573918
1060,t,46.25291687573918,46.25291687573918
1061,c,12.929458782030752,16.84481275554901
1062,c,46.25291687573918,46.25291687573918
1063,t,46.25291687573918,46.25291687573918
1064,t,46.25291687573918,46.25291687573918
1065,c,46.25291687573918,46.25291687573918
1066,t,46.25291687573918,46.25291687573918
1067,t,46.25291687573918,46.25291687573918
1068,c,46.25291687573918,46.25291687573918
1069,c,46.25291687573918,46.25291687573918
1070,c,46.25291687573918,46.25291687573918
1071,c,46.25291687573918,46.25291687573918
1072,c,46.25291687573918,46.25291687573918
1073,t,46.25291687573918,46.25291687573918
1074,c,46.25291687573918,46.25291687573918
1075,c,10.047569055790278,12.391890164851219
1076,c,46.25291687573918,46.25291687573918
1077,c,46.25291687573918,46.25291687573918
1078,c,46.25291687573918,46.25291687573918
1079,t,46.25291687573918,46.25291687573918
1080,na,0,5.77293217643106
1081,c,46.25291687573918,46.25291687573918
1082,c,46.25291687573918,46.25291687573918
1083,c,46.25291687573918,46.25291687573918
1084,c,46.25291687573918,46.25291687573918
1085,c,46.25291687573918,46.25291687573918
1086,t,46.25291687573918,46.25291687573918
1087,c,46.25291687573918,46.25291687573918
1088,c,46.25291687573918,46.25291687573918
1089,c,46.25291687573918,46.25291687573918
1090,c,46.25291687573918,46.25291687573918
1091,c,2.720099541036179,12.513951336186484
1092,t,46.25291687573918,46.25291687573918
1093,c,46.25291687573918,46.25291687573918
1094,c,46.25291687573918,46.25291687573918
1095,c,46.25291687573918,46.25291687573918
1096,c,46.25291687573918,46.25291687573918
1097,c,46.25291687573918,46.25291687573918
1098,c,46.25291687573918,46.25291687573918
1099,t,46.25291687573918,46.25291687573918
1100,t,46.25291687573918,46.25291687573918
1101,c,46.25291687573918,46.25291687573918
1102,c,46.25291687573918,46.25291687573918
1103,na,-1,0
1104,c,46.25291687573918,46.25291687573918
1105,c,46.25291687573918,46.25291687573918
1106,c,46.25291687573918,46.25291687573918
1107,c,46.25291687573918,46.25291687573918
1108,t,46.25291687573918,46.25291687573918
1109,c,46.25291687573918,46.25291687573918
1110,t,46.25291687573918,46.25291687573918
1111,c,46.25291687573918,46.25291687573918
1112,c,46.25291687573918,46.25291687573918
1113,t,46.25291687573918,46.25291687573918
1114,c,46.25291687573918,46.25291687573918
1115,c,46.25291687573918,46.25291687573918
1116,t,46.25291687573918,46.25291687573918
1117,c,46.25291687573918,46.25291687573918
1118,t,46.25291687573918,46.25291687573918
1119,c,46.25291687573918,46.25291687573918
1120,c,46.25291687573918,46.25291687573918
1121,t,46.25291687573918,46.25291687573918
1122,t,46.25291687573918,46.25291687573918
1123,c,46.25291687573918,46.25291687573918
1124,c,46.25291687573918,46.25291687573918
1125,c,46.25291687573918,46.25291687573918
1126,t,46.25291687573918,46.25291687573918
1127,c,9.220288274650072,14.520772700261826
1128,na,0,0.5202921555262666
1129,c,46.25291687573918,46.25291687573918
1130,c,46.25291687573918,46.25291687573918
1131,t,46.25291687573918,46.25291687573918
1132,c,46.25291687573918,46.25291687573918
1133,t,46.25291687573918,46.25291687573918
1134,t,46.25291687573918,46.25291687573918
1135,c,46.25291687573918,46.25291687573918
1136,c,46.25291687573918,46.25291687573918
1137,c,46.25291687573918,46.25291687573918
1138,t,46.25291687573918,46.25291687573918
1139,c,46.25291687573918,46.25291687573918
1140,c,46.25291687573918,46.25291687573918
1141,c,8.43108202043749,9.997954556342524
1142,c,46.25291687573918,46.25291687573918
1143,c,46.25291687573918,46.25291687573918
1144,c,46.25291687573918,46.25291687573918
1145,c,46.25291687573918,46.25291687573918
1146,c,46.25291687573918,46.25291687573918
1147,t,46.25291687573918,46.25291687573918
1148,t,46.25291687573918,46.25291687573918
1149,t,46.25291687573918,46.25291687573918
1150,c,46.25291687573918,46.25291687573918
1151,c,46.25291687573918,46.25291687573918
1152,c,46.25291687573918,46.25291687573918
1153,c,46.25291687573918,46.25291687573918
1154,c,46.25291687573918,46.25291687573918
1155,c,46.25291687573918,46.25291687573918
1156,c,46.25291687573918,46.25291687573918
1157,c,46.25291687573918,46.25291687573918
1158,c,46.25291687573918,46.25291687573918
1159,c,46.25291687573918,46.25291687573918
1160,c,12.13620499248125,23.34672318439679
1161,c,46.25291687573918,46.25291687573918
1162,c,46.25291687573918,46.25291687573918
1163,t,46.25291687573918,46.25291687573918
1164,t,46.25291687573918,46.25291687573918
1165,t,46.25291687573918,46.25291687573918
1166,na,-1,0
1167,t,46.25291687573918,46.25291687573918
1168,c,46.25291687573918,46.25291687573918
1169,t,46.25291687573918,46.25291687573918
1170,c,46.25291687573918,46.25291687573918
1171,c,46.25291687573918,46.25291687573918
1172,c,46.25291687573918,46.25291687573918
1173,c,46.25291687573918,46.25291687573918
1174,t,46.25291687573918,46.25291687573918
1175,c,46.25291687573918,46.25291687573918
1176,c,46.25291687573918,46.25291687573918
1177,c,46.25291687573918,46.25291687573918
1178,c,46.25291687573918,46.25291687573918
1179,c,46.25291687573918,46.25291687573918
1180,c,46.25291687573918,46.25291687573918
1181,t,46.25291687573918,46.25291687573918
1182,t,46.25291687573918,46.25291687573918
1183,na,0,4.681343748801912
1184,c,46.25291687573918,46.25291687573918
1185,c,46.25291687573918,46.25291687573918
1186,t,46.25291687573918,46.25291687573918
1187,c,46.25291687573918,46.25291687573918
1188,t,46.25291687573918,46.25291687573918
1189,c,12.755947118700451,13.572967715173395
1190,c,46.25291687573918,46.25291687573918
1191,c,15.180944062176344,46.25291687573918
1192,c,46.25291687573918,46.25291687573918
1193,c,46.25291687573918,46.25291687573918
1194,t,46.25291687573918,46.25291687573918
1195,t,46.25291687573918,46.25291687573918
1196,c,46.25291687573918,46.25291687573918
1197,c,46.25291687573918,46.25291687573918
1198,c,46.25291687573918,46.25291687573918
1199,c,46.25291687573918,46.25291687573918
1200,t,46.25291687573918,46.25291687573918
1201,c,46.25291687573918,46.25291687573918
1202,c,9.769900667670022,15.411931737258518
1203,c,46.25291687573918,46.25291687573918
1204,c,46.25291687573918,46.25291687573918
1205,c,46.25291687573918,46.25291687573918
1206,t,46.25291687573918,46.25291687573918
1207,c,46.25291687573918,46.25291687573918
1208,c,46.25291687573918,46.25291687573918
1209,c,46.25291687573918,46.25291687573918
1210,c,46.25291687573918,46.25291687573918
1211,c,46.25291687573918,46.25291687573918
1212,c,46.25291687573918,46.25291687573918
1213,c,46.25291687573918,46.25291687573918
1214,c,46.25291687573918,46.25291687573918
1215,c,46.25291687573918,46.25291687573918
1216,c,46.25291687573918,46.25291687573918
1217,c,46.25291687573918,46.25291687573918
1218,c,46.25291687573918,46.25291687573918
1219,c,46.25291687573918,46.25291687573918
1220,c,7.543121233231566,23.164858432980186
1221,c,46.25291687573918,46.25291687573918
1222,t,46.25291687573918,46.25291687573918
1223,c,46.25291687573918,46.25291687573918
1224,c,46.25291687573918,46.25291687573918
1225,c,46.25291687573918,46.25291687573918
1226,c,46.25291687573918,46.25291687573918
1227,c,46.25291687573918,46.25291687573918
1228,c,46.25291687573918,46.25291687573918
1229,c,46.25291687573918,46.25291687573918
1230,c,46.25291687573918,46.25291687573918
1231,c,46.25291687573918,46.25291687573918
1232,t,46.25291687573918,46.25291687573918
1233,c,46.25291687573918,46.25291687573918
1234,c,46.25291687573918,46.25291687573918
1235,c,46.25291687573918,46.25291687573918
1236,t,46.25291687573918,46.25291687573918
1237,c,46.25291687573918,46.25291687573918
1238,c,35.000397573989495,38.426554853090494
1239,t,46.25291687573918,46.25291687573918
1240,t,46.25291687573918,46.25291687573918
1241,c,46.25291687573918,46.25291687573918
1242,c,46.25291687573918,46.25291687573918
1243,c,46.25291687573918,46.25291687573918
1244,c,46.25291687573918,46.25291687573918
1245,c,46.25291687573918,46.25291687573918
1246,c,46.25291687573918,46.25291687573918
1247,c,46.25291687573918,46.25291687573918
1248,na,3.241951963085054,3.8488460479170836
1249,t,46.25291687573918,46.25291687573918
1250,c,46.25291687573918,46.25291687573918
1251,c,46.25291687573918,46.25291687573918
1252,c,46.25291687573918,46.25291687573918
1253,t,46.25291687573918,46.25291687573918
1254,c,46.25291687573918,46.25291687573918
1255,c,46.25291687573918,46.25291687573918
1256,t,46.25291687573918,46.25291687573918
1257,t,46.25291687573918,46.25291687573918
1258,c,46.25291687573918,46.25291687573918
1259,c,46.25291687573918,46.25291687573918
1260,c,46.25291687573918,46.25291687573918
1261,t,46.25291687573918,46.25291687573918
1262,c,46.25291687573918,46.25291687573918
1263,t,46.25291687573918,46.25291687573918
1264,t,46.25291687573918,46.25291687573918
1265,c,46.25291687573918,46.25291687573918
1266,c,46.25291687573918,46.25291687573918
1267,c,46.25291687573918,46.25291687573918
1268,t,46.25291687573918,46.25291687573918
1269,t,46.25291687573918,46.25291687573918
1270,c,46.25291687573918,46.25291687573918
1271,t,46.25291687573918,46.25291687573918
1272,c,46.25291687573918,46.25291687573918
1273,c,46.25291687573918,46.25291687573918
1274,c,46.25291687573918,46.25291687573918
1275,t,46.25291687573918,46.25291687573918
1276,c,46.25291687573918,46.25291687573918
1277,c,46.25291687573918,46.25291687573918
1278,c,46.25291687573918,46.25291687573918
1279,c,46.25291687573918,46.25291687573918
1280,t,46.25291687573918,46.25291687573918
1281,c,46.25291687573918,46.25291687573918
1282,t,46.25291687573918,46.25291687573918
1283,c,46.25291687573918,46.25291687573918
1284,t,46.25291687573918,46.25291687573918
1285,c,46.25291687573918,46.25291687573918
1286,c,46.25291687573918,46.25291687573918
1287,c,46.25291687573918,46.25291687573918
1288,t,46.25291687573918,46.25291687573918
1289,t,46.25291687573918,46.25291687573918
1290,c,46.25291687573918,46.25291687573918
1291,c,46.25291687573918,46.25291687573918
1292,c,46.25291687573918,46.25291687573918
1293,c,46.25291687573918,46.25291687573918
1294,c,46.25291687573918,46.25291687573918
1295,c,46.25291687573918,46.25291687573918
1296,c,46.25291687573918,46.25291687573918
1297,c,46.25291687573918,46.25291687573918
1298,c,46.25291687573918,46.25291687573918
1299,na,17.067526868134134,23.959478055283082
1300,c,46.25291687573918,46.25291687573918
1301,c,46.25291687573918,46.25291687573918
1302,c,46.25291687573918,46.25291687573918
1303,c,46.25291687573918,46.25291687573918
1304,c,46.25291687573918,46.25291687573918
1305,c,46.25291687573918,46.25291687573918
1306,c,46.25291687573918,46.25291687573918
1307,c,46.25291687573918,46.25291687573918
1308,c,46.25291687573918,46.25291687573918
1309,t,46.25291687573918,46.25291687573918
1310,c,46.25291687573918,46.25291687573918
1311,c,46.25291687573918,46.25291687573918
1312,c,46.25291687573918,46.25291687573918
1313,c,46.25291687573918,46.25291687573918
1314,c,13.532186141247228,21.225492825531997
1315,t,46.25291687573918,46.25291687573918
1316,c,46.25291687573918,46.25291687573918
1317,c,46.25291687573918,46.25291687573918
1318,c,46.25291687573918,46.25291687573918
1319,c,46.25291687573918,46.25291687573918
1320,c,46.25291687573918,46.25291687573918
1321,c,46.25291687573918,46.25291687573918
1322,c,46.25291687573918,46.25291687573918
1323,c,46.25291687573918,46.25291687573918
1324,t,46.25291687573918,46.25291687573918
1325,c,46.25291687573918,46.25291687573918
1326,c,46.25291687573918,46.25291687573918
1327,c,46.25291687573918,46.25291687573918
1328,c,46.25291687573918,46.25291687573918
1329,c,46.25291687573918,46.25291687573918
1330,t,46.25291687573918,46.25291687573918
1331,c,46.25291687573918,46.25291687573918
1332,c,46.25291687573918,46.25291687573918
1333,c,46.25291687573918,46.25291687573918
1334,c,46.25291687573918,46.25291687573918
1335,c,46.25291687573918,46.25291687573918
1336,c,46.25291687573918,46.25291687573918
1337,c,46.25291687573918,46.25291687573918
1338,c,46.25291687573918,46.25291687573918
1339,c,46.25291687573918,46.25291687573918
1340,c,46.25291687573918,46.25291687573918
1341,c,46.25291687573918,46.25291687573918
1342,c,46.25291687573918,46.25291687573918
1343,c,46.25291687573918,46.25291687573918
1344,c,24.021205047233728,24.433959724512416
1345,t,46.25291687573918,46.25291687573918
1346,c,46.25291687573918,46.25291687573918
1347,c,46.25291687573918,46.25291687573918
1348,c,46.25291687573918,46.25291687573918
1349,c,46.25291687573918,46.25291687573918
1350,c,46.25291687573918,46.25291687573918
1351,c,46.25291687573918,46.25291687573918
1352,na,-1,0
1353,c,46.25291687573918,46.25291687573918
1354,t,46.25291687573918,46.25291687573918
1355,c,46.25291687573918,46.25291687573918
1356,t,46.25291687573918,46.25291687573918
1357,t,46.25291687573918,46.25291687573918
1358,t,46.25291687573918,46.25291687573918
1359,t,46.25291687573918,46.25291687573918
1360,c,46.25291687573918,46.25291687573918
1361,t,46.25291687573918,46.25291687573918
1362,t,46.25291687573918,46.25291687573918
1363,c,46.25291687573918,46.25291687573918
1364,c,46.25291687573918,46.25291687573918
1365,c,46.25291687573918,46.25291687573918
1366,c,46.25291687573918,46.25291687573918
1367,c,46.25291687573918,46.25291687573918
1368,t,46.25291687573918,46.25291687573918
1369,c,46.25291687573918,46.25291687573918
1370,c,46.25291687573918,46.25291687573918
1371,c,46.25291687573918,46.25291687573918
1372,c,46.25291687573918,46.25291687573918
1373,c,46.25291687573918,46.25291687573918
1374,t,46.25291687573918,46.25291687573918
1375,c,46.25291687573918,46.25291687573918
1376,c,46.25291687573918,46.25291687573918
1377,c,46.25291687573918,46.25291687573918
1378,t,46.25291687573918,46.25291687573918
1379,c,46.25291687573918,46.25291687573918
1380,c,46.25291687573918,46.25291687573918
1381,na,1.0511677809783457,2.3325705769506317
1382,c,46.25291687573918,46.25291687573918
1383,c,46.25291687573918,46.25291687573918
1384,t,46.25291687573918,46.25291687573918
1385,c,46.25291687573918,46.25291687573918
1386,t,46.25291687573918,46.25291687573918
1387,c,46.25291687573918,46.25291687573918
1388,c,46.25291687573918,46.25291687573918
1389,c,46.25291687573918,46.25291687573918
1390,c,46.25291687573918,46.25291687573918
1391,t,46.25291687573918,46.25291687573918
1392,t,46.25291687573918,46.25291687573918
1393,c,46.25291687573918,46.25291687573918
1394,c,10.042267104642622,15.870558097857849
1395,c,46.25291687573918,46.25291687573918
1396,c,46.25291687573918,46.25291687573918
1397,c,46.25291687573918,46.25291687573918
1398,c,46.25291687573918,46.25291687573918
1399,c,46.25291687573918,46.25291687573918
1400,c,3.5493886924958375,5.101392818963926
1401,c,46.25291687573918,46.25291687573918
1402,c,46.25291687573918,46.25291687573918
1403,c,46.25291687573918,46.25291687573918
1404,c,46.25291687573918,46.25291687573918
1405,c,46.25291687573918,46.25291687573918
1406,t,46.25291687573918,46.25291687573918
1407,t,46.25291687573918,46.25291687573918
1408,c,46.25291687573918,46.25291687573918
1409,c,46.25291687573918,46.25291687573918
1410,c,46.25291687573918,46.25291687573918
1411,c,46.25291687573918,46.25291687573918
1412,c,46.25291687573918,46.25291687573918
1413,c,46.25291687573918,46.25291687573918
1414,c,46.25291687573918,46.25291687573918
1415,c,46.25291687573918,46.25291687573918
1416,c,46.25291687573918,46.25291687573918
1417,c,46.25291687573918,46.25291687573918
1418,c,46.25291687573918,46.25291687573918
1419,c,46.25291687573918,46.25291687573918
1420,c,46.25291687573918,46.25291687573918
1421,c,46.25291687573918,46.25291687573918
1422,c,46.25291687573918,46.25291687573918
1423,c,46.25291687573918,46.25291687573918
1424,t,46.25291687573918,46.25291687573918
1425,c,46.25291687573918,46.25291687573918
1426,c,46.25291687573918,46.25291687573918
1427,c,46.25291687573918,46.25291687573918
1428,c,46.25291687573918,46.25291687573918
1429,c,46.25291687573918,46.25291687573918
1430,c,7.240912455363996,8.235120448013863
1431,t,46.25291687573918,46.25291687573918
1432,c,46.25291687573918,46.25291687573918
1433,c,46.25291687573918,46.25291687573918
1434,c,46.25291687573918,46.25291687573918
1435,t,46.25291687573918,46.25291687573918
1436,c,46.25291687573918,46.25291687573918
1437,c,46.25291687573918,46.25291687573918
1438,c,46.25291687573918,46.25291687573918
1439,c,46.25291687573918,46.25291687573918
1440,c,4.928315908982385,9.853989644957721
1441,c,46.25291687573918,46.25291687573918
1442,c,46.25291687573918,46.25291687573918
1443,c,46.25291687573918,46.25291687573918
1444,c,46.25291687573918,46.25291687573918
1445,t,46.25291687573918,46.25291687573918
1446,c,46.25291687573918,46.25291687573918
1447,c,46.25291687573918,46.25291687573918
1448,c,46.25291687573918,46.25291687573918
1449,c,46.25291687573918,46.25291687573918
1450,t,46.25291687573918,46.25291687573918
1451,t,46.25291687573918,46.25291687573918
1452,c,46.25291687573918,46.25291687573918
1453,c,46.25291687573918,46.25291687573918
1454,t,46.25291687573918,46.25291687573918
1455,c,46.25291687573918,46.25291687573918
1456,c,46.25291687573918,46.25291687573918
1457,t,46.25291687573918,46.25291687573918
1458,c,46.25291687573918,46.25291687573918
1459,c,46.25291687573918,46.25291687573918
1460,c,46.25291687573918,46.25291687573918
1461,c,46.25291687573918,46.25291687573918
1462,t,46.25291687573918,46.25291687573918
1463,c,46.25291687573918,46.25291687573918
1464,c,46.25291687573918,46.25291687573918
1465,t,46.25291687573918,46.25291687573918
1466,t,46.25291687573918,46.25291687573918
1467,c,46.25291687573918,46.25291687573918
1468,c,46.25291687573918,46.25291687573918
1469,c,46.25291687573918,46.25291687573918
1470,c,46.25291687573918,46.25291687573918
1471,na,0,1.7745403907260813
1472,c,46.25291687573918,46.25291687573918
1473,c,46.25291687573918,46.25291687573918
1474,c,46.25291687573918,46.25291687573918
1475,t,46.25291687573918,46.25291687573918
1476,c,46.25291687573918,46.25291687573918
1477,c,46.25291687573918,46.25291687573918
1478,t,46.25291687573918,46.25291687573918
1479,c,46.25291687573918,46.25291687573918
1480,t,46.25291687573918,46.25291687573918
1481,c,46.25291687573918,46.25291687573918
1482,c,46.25291687573918,46.25291687573918
1483,c,46.25291687573918,46.25291687573918
1484,c,46.25291687573918,46.25291687573918
1485,c,46.25291687573918,46.25291687573918
1486,c,10.87587806262813,16.462871760264196
1487,c,46.25291687573918,46.25291687573918
1488,t,46.25291687573918,46.25291687573918
1489,c,46.25291687573918,46.25291687573918
1490,c,46.25291687573918,46.25291687573918
1491,c,46.25291687573918,46.25291687573918
1492,c,46.25291687573918,46.25291687573918
1493,c,46.25291687573918,46.25291687573918
1494,c,46.25291687573918,46.25291687573918
1495,t,46.25291687573918,46.25291687573918
1496,c,46.25291687573918,46.25291687573918
1497,c,46.25291687573918,46.25291687573918
1498,c,46.25291687573918,46.25291687573918
1499,c,46.25291687573918,46.25291687573918
1500,c,46.25291687573918,46.25291687573918
1501,t,46.25291687573918,46.25291687573918
1502,c,46.25291687573918,46.25291687573918
1503,c,46.25291687573918,46.25291687573918
1504,c,46.25291687573918,46.25291687573918
1505,c,46.25291687573918,46.25291687573918
1506,c,46.25291687573918,46.25291687573918
1507,c,46.25291687573918,46.25291687573918
1508,c,46.25291687573918,46.25291687573918
1509,c,46.25291687573918,46.25291687573918
1510,t,46.25291687573918,46.25291687573918
1511,c,46.25291687573918,46.25291687573918
1512,c,46.25291687573918,46.25291687573918
1513,c,46.25291687573918,46.25291687573918
1514,c,46.25291687573918,46.25291687573918
1515,c,46.25291687573918,46.25291687573918
1516,t,46.25291687573918,46.25291687573918
1517,c,46.25291687573918,46.25291687573918
1518,c,46.25291687573918,46.25291687573918
1519,t,46.25291687573918,46.25291687573918
1520,na,-1,0
1521,c,46.25291687573918,46.25291687573918
1522,c,46.25291687573918,46.25291687573918
1523,c,46.25291687573918,46.25291687573918
1524,c,11.697976461133523,18.179177485785797
1525,c,46.25291687573918,46.25291687573918
1526,c,46.25291687573918,46.25291687573918
1527,c,46.25291687573918,46.25291687573918
1528,c,14.50290069759222,17.003872406498605
1529,c,46.25291687573918,46.25291687573918
1530,na,0,46.25291687573918
1531,c,46.25291687573918,46.25291687573918
1532,c,46.25291687573918,46.25291687573918
1533,c,46.25291687573918,46.25291687573918
1534,c,46.25291687573918,46.25291687573918
1535,t,46.25291687573918,46.25291687573918
1536,t,46.25291687573918,46.25291687573918
1537,c,46.25291687573918,46.25291687573918
1538,c,46.25291687573918,46.25291687573918
1539,c,46.25291687573918,46.25291687573918
1540,c,46.25291687573918,46.25291687573918
1541,c,46.25291687573918,46.25291687573918
1542,c,46.25291687573918,46.25291687573918
1543,c,46.25291687573918,46.25291687573918
1544,c,46.25291687573918,46.25291687573918
1545,c,46.25291687573918,46.25291687573918
1546,c,46.25291687573918,46.25291687573918
1547,c,46.25291687573918,46.25291687573918
1548,t,46.25291687573918,46.25291687573918
1549,c,46.25291687573918,46.25291687573918
1550,c,46.25291687573918,46.25291687573918
1551,c,14.599878279223287,18.389401231655725
1552,c,46.25291687573918,46.25291687573918
1553,c,46.25291687573918,46.25291687573918
1554,c,46.25291687573918,46.25291687573918
1555,c,46.25291687573918,46.25291687573918
1556,c,46.25291687573918,46.25291687573918
1557,c,46.25291687573918,46.25291687573918
1558,c,46.25291687573918,46.25291687573918
1559,c,46.25291687573918,46.25291687573918
1560,c,46.25291687573918,46.25291687573918
1561,c,46.25291687573918,46.25291687573918
1562,c,46.25291687573918,46.25291687573918
1563,c,46.25291687573918,46.25291687573918
1564,c,46.25291687573918,46.25291687573918
1565,c,46.25291687573918,46.25291687573918
1566,c,46.25291687573918,46.25291687573918
1567,c,46.25291687573918,46.25291687573918
1568,c,46.25291687573918,46.25291687573918
1569,c,46.25291687573918,46.25291687573918
1570,c,46.25291687573918,46.25291687573918
1571,na,4.839172619314059,8.033926335035458
1572,c,46.25291687573918,46.25291687573918
1573,c,46.25291687573918,46.25291687573918
1574,c,46.25291687573918,46.25291687573918
1575,c,46.25291687573918,46.25291687573918
1576,c,46.25291687573918,46.25291687573918
1577,c,46.25291687573918,46.25291687573918
1578,c,46.25291687573918,46.25291687573918
1579,c,11.691216810430124,15.198974833686904
1580,c,46.25291687573918,46.25291687573918
1581,c,46.25291687573918,46.25291687573918
1582,c,46.25291687573918,46.25291687573918
1583,t,46.25291687573918,46.25291687573918
1584,c,46.25291687573918,46.25291687573918
1585,c,46.25291687573918,46.25291687573918
1586,c,46.25291687573918,46.25291687573918
1587,c,46.25291687573918,46.25291687573918
1588,c,46.25291687573918,46.25291687573918
1589,c,46.25291687573918,46.25291687573918
1590,c,46.25291687573918,46.25291687573918
1591,c,46.25291687573918,46.25291687573918
1592,c,46.25291687573918,46.25291687573918
1593,c,46.25291687573918,46.25291687573918
1594,c,46.25291687573918,46.25291687573918
1595,c,46.25291687573918,46.25291687573918
1596,c,46.25291687573918,46.25291687573918
1597,c,46.25291687573918,46.25291687573918
1598,c,46.25291687573918,46.25291687573918
1599,c,46.25291687573918,46.25291687573918
1600,t,46.25291687573918,46.25291687573918
1601,c,46.25291687573918,46.25291687573918
1602,c,46.25291687573918,46.25291687573918
1603,c,46.25291687573918,46.25291687573918
1604,c,46.25291687573918,46.25291687573918
1605,c,9.471442094027939,16.47159679465454
1606,c,3.2182601178025623,4.165960822106755
1607,t,46.25291687573918,46.25291687573918
1608,c,46.25291687573918,46.25291687573918
1609,c,46.25291687573918,46.25291687573918
1610,c,46.25291687573918,46.25291687573918
1611,c,46.25291687573918,46.25291687573918
1612,c,46.25291687573918,46.25291687573918
1613,c,46.25291687573918,46.25291687573918
1614,c,46.25291687573918,46.25291687573918
1615,c,46.25291687573918,46.25291687573918
1616,c,46.25291687573918,46.25291687573918
1617,c,46.25291687573918,46.25291687573918
1618,c,46.25291687573918,46.25291687573918
1619,c,46.25291687573918,46.25291687573918
1620,c,46.25291687573918,46.25291687573918
1621,c,46.25291687573918,46.25291687573918
1622,t,46.25291687573918,46.25291687573918
1623,c,46.25291687573918,46.25291687573918
1624,t,46.25291687573918,46.25291687573918
1625,c,46.25291687573918,46.25291687573918
1626,c,46.25291687573918,46.25291687573918
1627,c,46.25291687573918,46.25291687573918
1628,c,46.25291687573918,46.25291687573918
1629,t,46.25291687573918,46.25291687573918
1630,c,46.25291687573918,46.25291687573918
1631,c,46.25291687573918,46.25291687573918
1632,c,46.25291687573918,46.25291687573918
1633,c,46.25291687573918,46.25291687573918
1634,c,46.25291687573918,46.25291687573918
1635,c,46.25291687573918,46.25291687573918
1636,c,46.25291687573918,46.25291687573918
1637,t,46.25291687573918,46.25291687573918
1638,t,46.25291687573918,46.25291687573918
1639,c,46.25291687573918,46.25291687573918
1640,t,46.25291687573918,46.25291687573918
1641,c,46.25291687573918,46.25291687573918
1642,c,46.25291687573918,46.25291687573918
1643,c,46.25291687573918,46.25291687573918
1644,c,46.25291687573918,46.25291687573918
1645,c,46.25291687573918,46.25291687573918
1646,c,46.25291687573918,46.25291687573918
1647,c,46.25291687573918,46.25291687573918
1648,t,46.25291687573918,46.25291687573918
1649,c,46.25291687573918,46.25291687573918
1650,c,46.25291687573918,46.25291687573918
1651,c,46.25291687573918,46.25291687573918
1652,c,46.25291687573918,46.25291687573918
1653,c,46.25291687573918,46.25291687573918
1654,c,46.25291687573918,46.25291687573918
1655,c,46.25291687573918,46.25291687573918
1656,c,46.25291687573918,46.25291687573918
1657,c,46.25291687573918,46.25291687573918
1658,c,13.14091424370649,19.881626007493487
1659,c,46.25291687573918,46.25291687573918
1660,t,46.25291687573918,46.25291687573918
1661,c,46.25291687573918,46.25291687573918
1662,c,46.25291687573918,46.25291687573918
1663,c,46.25291687573918,46.25291687573918
1664,c,2.410786373826208,10.591114182869557
1665,c,46.25291687573918,46.25291687573918
1666,c,46.25291687573918,46.25291687573918
1667,c,10.435310689210914,32.82648402349246
1668,c,46.25291687573918,46.25291687573918
1669,c,46.25291687573918,46.25291687573918
1670,c,46.25291687573918,46.25291687573918
1671,c,46.25291687573918,46.25291687573918
1672,t,46.25291687573918,46.25291687573918
1673,c,46.25291687573918,46.25291687573918
1674,c,46.25291687573918,46.25291687573918
1675,c,0.9971869196984692,2.9774536620610417
1676,c,46.25291687573918,46.25291687573918
1677,c,46.25291687573918,46.25291687573918
1678,t,46.25291687573918,46.25291687573918
1679,c,46.25291687573918,46.25291687573918
1680,c,46.25291687573918,46.25291687573918
1681,c,46.25291687573918,46.25291687573918
1682,c,46.25291687573918,46.25291687573918
1683,c,14.65443688817877,15.409833807454621
1684,c,46.25291687573918,46.25291687573918
1685,t,46.25291687573918,46.25291687573918
1686,c,46.25291687573918,46.25291687573918
1687,c,46.25291687573918,46.25291687573918
1688,t,46.25291687573918,46.25291687573918
1689,c,46.25291687573918,46.25291687573918
1690,c,46.25291687573918,46.25291687573918
1691,t,46.25291687573918,46.25291687573918
1692,c,46.25291687573918,46.25291687573918
1693,t,46.25291687573918,46.25291687573918
1694,c,46.25291687573918,46.25291687573918
1695,c,46.25291687573918,46.25291687573918
1696,t,46.25291687573918,46.25291687573918
1697,c,46.25291687573918,46.25291687573918
1698,c,46.25291687573918,46.25291687573918
1699,c,46.25291687573918,46.25291687573918
1700,c,46.25291687573918,46.25291687573918
1701,c,46.25291687573918,46.25291687573918
1702,c,46.25291687573918,46.25291687573918
1703,c,46.25291687573918,46.25291687573918
1704,c,46.25291687573918,46.25291687573918
1705,c,46.25291687573918,46.25291687573918
1706,c,46.25291687573918,46.25291687573918
1707,t,46.25291687573918,46.25291687573918
1708,c,7.666500916571228,8.682595766848584
1709,c,46.25291687573918,46.25291687573918
1710,c,46.25291687573918,46.25291687573918
1711,c,46.25291687573918,46.25291687573918
1712,c,46.25291687573918,46.25291687573918
1713,c,46.25291687573918,46.25291687573918
1714,c,46.25291687573918,46.25291687573918
1715,c,46.25291687573918,46.25291687573918
1716,t,46.25291687573918,46.25291687573918
1717,c,46.25291687573918,46.25291687573918
1718,t,46.25291687573918,46.25291687573918
1719,t,46.25291687573918,46.25291687573918
1720,c,46.25291687573918,46.25291687573918
1721,c,46.25291687573918,46.25291687573918
1722,t,46.25291687573918,46.25291687573918
1723,c,7.0050186247210275,7.124441156202222
1724,c,46.25291687573918,46.25291687573918
1725,c,46.25291687573918,46.25291687573918
1726,t,46.25291687573918,46.25291687573918
1727,c,46.25291687573918,46.25291687573918
1728,c,9.065743035184807,12.488754828802794
1729,c,46.25291687573918,46.25291687573918
1730,na,9.404435240043135,12.872868873077053
1731,t,46.25291687573918,46.25291687573918
1732,c,46.25291687573918,46.25291687573918
1733,na,-1,0
1734,c,46.25291687573918,46.25291687573918
1735,c,46.25291687573918,46.25291687573918
1736,c,46.25291687573918,46.25291687573918
1737,c,46.25291687573918,46.25291687573918
1738,c,46.25291687573918,46.25291687573918
1739,c,46.25291687573918,46.25291687573918
1740,na,7.671066640528468,14.756679873788183
1741,c,46.25291687573918,46.25291687573918
1742,t,46.25291687573918,46.25291687573918
1743,c,46.25291687573918,46.25291687573918
1744,t,46.25291687573918,46.25291687573918
1745,c,46.25291687573918,46.25291687573918
1746,na,7.119516353163216,10.948671253120843
1747,t,46.25291687573918,46.25291687573918
1748,c,46.25291687573918,46.25291687573918
1749,t,46.25291687573918,46.25291687573918
1750,c,46.25291687573918,46.25291687573918
1751,t,46.25291687573918,46.25291687573918
1752,c,46.25291687573918,46.25291687573918
1753,c,46.25291687573918,46.25291687573918
1754,c,46.25291687573918,46.25291687573918
1755,c,46.25291687573918,46.25291687573918
1756,c,46.25291687573918,46.25291687573918
1757,t,46.25291687573918,46.25291687573918
1758,t,46.25291687573918,46.25291687573918
1759,c,46.25291687573918,46.25291687573918
1760,c,46.25291687573918,46.25291687573918
1761,c,46.25291687573918,46.25291687573918
1762,c,46.25291687573918,46.25291687573918
1763,c,46.25291687573918,46.25291687573918
1764,c,46.25291687573918,46.25291687573918
1765,c,46.25291687573918,46.25291687573918
1766,c,46.25291687573918,46.25291687573918
1767,c,46.25291687573918,46.25291687573918
1768,c,46.25291687573918,46.25291687573918
1769,c,46.25291687573918,46.25291687573918
1770,c,46.25291687573918,46.25291687573918
1771,c,46.25291687573918,46.25291687573918
1772,c,46.25291687573918,46.25291687573918
1773,c,46.25291687573918,46.25291687573918
1774,c,46.25291687573918,46.25291687573918
1775,c,46.25291687573918,46.25291687573918
1776,c,46.25291687573918,46.25291687573918
1777,c,46.25291687573918,46.25291687573918
1778,c,46.25291687573918,46.25291687573918
1779,c,46.25291687573918,46.25291687573918
1780,c,46.25291687573918,46.25291687573918
1781,t,46.25291687573918,46.25291687573918
1782,c,46.25291687573918,46.25291687573918
1783,t,46.25291687573918,46.25291687573918
1784,c,46.25291687573918,46.25291687573918
1785,c,46.25291687573918,46.25291687573918
1786,c,46.25291687573918,46.25291687573918
1787,c,46.25291687573918,46.25291687573918
1788,c,46.25291687573918,46.25291687573918
1789,c,46.25291687573918,46.25291687573918
1790,c,46.25291687573918,46.25291687573918
1791,c,46.25291687573918,46.25291687573918
1792,t,46.25291687573918,46.25291687573918
1793,t,46.25291687573918,46.25291687573918
1794,c,46.25291687573918,46.25291687573918
1795,c,46.25291687573918,46.25291687573918
1796,t,46.25291687573918,46.25291687573918
1797,c,46.25291687573918,46.25291687573918
1798,c,46.25291687573918,46.25291687573918
1799,t,46.25291687573918,46.25291687573918
1800,c,46.25291687573918,46.25291687573918
1801,c,46.25291687573918,46.25291687573918
1802,c,46.25291687573918,46.25291687573918
1803,t,46.25291687573918,46.25291687573918
1804,c,46.25291687573918,46.25291687573918
1805,c,46.25291687573918,46.25291687573918
1806,c,46.25291687573918,46.25291687573918
1807,na,4.390455747016183,5.8300089966846045
1808,c,46.25291687573918,46.25291687573918
1809,c,46.25291687573918,46.25291687573918
1810,c,46.25291687573918,46.25291687573918
1811,c,46.25291687573918,46.25291687573918
1812,c,46.25291687573918,46.25291687573918
1813,c,46.25291687573918,46.25291687573918
1814,t,46.25291687573918,46.25291687573918
1815,c,46.25291687573918,46.25291687573918
1816,c,46.25291687573918,46.25291687573918
1817,c,46.25291687573918,46.25291687573918
1818,c,46.25291687573918,46.25291687573918
1819,c,46.25291687573918,46.25291687573918
1820,c,46.25291687573918,46.25291687573918
1821,c,46.25291687573918,46.25291687573918
1822,t,46.25291687573918,46.25291687573918
1823,c,46.25291687573918,46.25291687573918
1824,t,46.25291687573918,46.25291687573918
1825,t,46.25291687573918,46.25291687573918
1826,c,46.25291687573918,46.25291687573918
1827,c,46.25291687573918,46.25291687573918
1828,c,46.25291687573918,46.25291687573918
1829,c,46.25291687573918,46.25291687573918
1830,c,46.25291687573918,46.25291687573918
1831,c,46.25291687573918,46.25291687573918
1832,c,46.25291687573918,46.25291687573918
1833,c,46.25291687573918,46.25291687573918
1834,c,46.25291687573918,46.25291687573918
1835,c,46.25291687573918,46.25291687573918
1836,c,46.25291687573918,46.25291687573918
1837,c,46.25291687573918,46.25291687573918
1838,c,46.25291687573918,46.25291687573918
1839,c,46.25291687573918,46.25291687573918
1840,c,46.25291687573918,46.25291687573918
1841,c,46.25291687573918,46.25291687573918
1842,c,46.25291687573918,46.25291687573918
1843,c,8.556622373337087,11.371649885584816
1844,c,46.25291687573918,46.25291687573918
1845,c,46.25291687573918,46.25291687573918
1846,c,46.25291687573918,46.25291687573918
1847,c,3.512201825081998,18.141764622410527
1848,t,46.25291687573918,46.25291687573918
1849,c,46.25291687573918,46.25291687573918
1850,c,46.25291687573918,46.25291687573918
1851,c,46.25291687573918,46.25291687573918
1852,c,46.25291687573918,46.25291687573918
1853,c,46.25291687573918,46.25291687573918
1854,t,46.25291687573918,46.25291687573918
1855,c,46.25291687573918,46.25291687573918
1856,c,46.25291687573918,46.25291687573918
1857,c,9.827588212463894,46.25291687573918
1858,c,46.25291687573918,46.25291687573918
1859,c,46.25291687573918,46.25291687573918
1860,t,46.25291687573918,46.25291687573918
1861,t,46.25291687573918,46.25291687573918
1862,t,46.25291687573918,46.25291687573918
1863,c,46.25291687573918,46.25291687573918
1864,c,46.25291687573918,46.25291687573918
1865,c,46.25291687573918,46.25291687573918
1866,c,46.25291687573918,46.25291687573918
1867,c,7.079438839985135,8.1929143244563
1868,t,46.25291687573918,46.25291687573918
1869,c,46.25291687573918,46.25291687573918
1870,c,46.25291687573918,46.25291687573918
1871,c,46.25291687573918,46.25291687573918
1872,c,46.25291687573918,46.25291687573918
1873,t,46.25291687573918,46.25291687573918
1874,t,46.25291687573918,46.25291687573918
1875,c,46.25291687573918,46.25291687573918
1876,c,46.25291687573918,46.25291687573918
1877,c,46.25291687573918,46.25291687573918
1878,t,46.25291687573918,46.25291687573918
1879,c,46.25291687573918,46.25291687573918
1880,c,46.25291687573918,46.25291687573918
1881,c,46.25291687573918,46.25291687573918
1882,c,46.25291687573918,46.25291687573918
1883,c,46.25291687573918,46.25291687573918
1884,c,46.25291687573918,46.25291687573918
1885,na,-1,0
1886,t,46.25291687573918,46.25291687573918
1887,t,46.25291687573918,46.25291687573918
1888,c,46.25291687573918,46.25291687573918
1889,c,46.25291687573918,46.25291687573918
1890,c,46.25291687573918,46.25291687573918
1891,na,0,0.6125270051069266
1892,c,46.25291687573918,46.25291687573918
1893,t,46.25291687573918,46.25291687573918
1894,c,46.25291687573918,46.25291687573918
1895,t,46.25291687573918,46.25291687573918
1896,c,46.25291687573918,46.25291687573918
1897,c,46.25291687573918,46.25291687573918
1898,c,46.25291687573918,46.25291687573918
1899,c,46.25291687573918,46.25291687573918
1900,c,46.25291687573918,46.25291687573918
1901,c,46.25291687573918,46.25291687573918
1902,c,46.25291687573918,46.25291687573918
1903,c,46.25291687573918,46.25291687573918
1904,c,46.25291687573918,46.25291687573918
1905,t,46.25291687573918,46.25291687573918
1906,t,46.25291687573918,46.25291687573918
1907,c,46.25291687573918,46.25291687573918
1908,t,46.25291687573918,46.25291687573918
1909,t,46.25291687573918,46.25291687573918
1910,c,46.25291687573918,46.25291687573918
1911,c,46.25291687573918,46.25291687573918
1912,c,46.25291687573918,46.25291687573918
1913,c,46.25291687573918,46.25291687573918
1914,t,46.25291687573918,46.25291687573918
1915,c,46.25291687573918,46.25291687573918
1916,c,46.25291687573918,46.25291687573918
1917,c,46.25291687573918,46.25291687573918
1918,c,46.25291687573918,46.25291687573918
1919,c,46.25291687573918,46.25291687573918
1920,c,46.25291687573918,46.25291687573918
1921,c,46.25291687573918,46.25291687573918
1922,c,46.25291687573918,46.25291687573918
1923,c,46.25291687573918,46.25291687573918
1924,c,46.25291687573918,46.25291687573918
1925,c,46.25291687573918,46.25291687573918
1926,c,46.25291687573918,46.25291687573918
1927,c,46.25291687573918,46.25291687573918
1928,c,46.25291687573918,46.25291687573918
1929,c,46.25291687573918,46.25291687573918
1930,c,18.2695280298995,22.400361940564185
1931,c,46.25291687573918,46.25291687573918
1932,c,46.25291687573918,46.25291687573918
1933,c,46.25291687573918,46.25291687573918
1934,c,46.25291687573918,46.25291687573918
1935,c,46.25291687573918,46.25291687573918
1936,c,46.25291687573918,46.25291687573918
1937,c,46.25291687573918,46.25291687573918
1938,c,46.25291687573918,46.25291687573918
1939,t,46.25291687573918,46.25291687573918
1940,c,12.988174729945221,46.25291687573918
1941,c,13.340898669372129,17.126752718294984
1942,c,46.25291687573918,46.25291687573918
1943,c,13.193901727695144,14.07241354184069
1944,c,46.25291687573918,46.25291687573918
1945,c,46.25291687573918,46.25291687573918
1946,c,46.25291687573918,46.25291687573918
1947,c,9.442965515537383,11.213795694949418
1948,t,46.25291687573918,46.25291687573918
1949,t,46.25291687573918,46.25291687573918
1950,t,46.25291687573918,46.25291687573918
1951,c,46.25291687573918,46.25291687573918
1952,c,46.25291687573918,46.25291687573918
1953,c,46.25291687573918,46.25291687573918
1954,c,46.25291687573918,46.25291687573918
1955,na,7.894530320746105,16.843957532572354
1956,c,13.511885582943577,13.610229563463255
1957,c,46.25291687573918,46.25291687573918
1958,c,46.25291687573918,46.25291687573918
1959,c,46.25291687573918,46.25291687573918
1960,c,46.25291687573918,46.25291687573918
1961,c,46.25291687573918,46.25291687573918
1962,c,46.25291687573918,46.25291687573918
1963,c,46.25291687573918,46.25291687573918
1964,c,46.25291687573918,46.25291687573918
1965,c,46.25291687573918,46.25291687573918
1966,c,46.25291687573918,46.25291687573918
1967,c,46.25291687573918,46.25291687573918
1968,t,46.25291687573918,46.25291687573918
1969,t,46.25291687573918,46.25291687573918
1970,c,46.25291687573918,46.25291687573918
1971,c,46.25291687573918,46.25291687573918
1972,c,46.25291687573918,46.25291687573918
1973,c,46.25291687573918,46.25291687573918
1974,t,46.25291687573918,46.25291687573918
1975,c,46.25291687573918,46.25291687573918
1976,c,46.25291687573918,46.25291687573918
1977,c,46.25291687573918,46.25291687573918
1978,c,46.25291687573918,46.25291687573918
1979,t,46.25291687573918,46.25291687573918
1980,c,46.25291687573918,46.25291687573918
1981,c,46.25291687573918,46.25291687573918
1982,c,46.25291687573918,46.25291687573918
1983,t,46.25291687573918,46.25291687573918
1984,c,46.25291687573918,46.25291687573918
1985,c,46.25291687573918,46.25291687573918
1986,t,46.25291687573918,46.25291687573918
1987,c,46.25291687573918,46.25291687573918
1988,t,46.25291687573918,46.25291687573918
1989,c,11.763974219181007,12.428110600084828
1990,c,46.25291687573918,46.25291687573918
1991,t,46.25291687573918,46.25291687573918
1992,t,46.25291687573918,46.25291687573918
1993,c,46.25291687573918,46.25291687573918
1994,t,46.25291687573918,46.25291687573918
1995,t,46.25291687573918,46.25291687573918
1996,c,46.25291687573918,46.25291687573918
1997,c,46.25291687573918,46.25291687573918
1998,c,46.25291687573918,46.25291687573918
1999,c,46.25291687573918,46.25291687573918
2000,c,46.25291687573918,46.25291687573918
2001,c,46.25291687573918,46.25291687573918
2002,c,46.25291687573918,46.25291687573918
2003,c,46.25291687573918,46.25291687573918
2004,c,46.25291687573918,46.25291687573918
2005,c,46.25291687573918,46.25291687573918
2006,c,46.25291687573918,46.25291687573918
2007,na,0,1.0255705166440323
2008,c,46.25291687573918,46.25291687573918
2009,t,46.25291687573918,46.25291687573918
2010,na,0,9.041241563130628
2011,t,46.25291687573918,46.25291687573918
2012,t,46.25291687573918,46.25291687573918
2013,c,46.25291687573918,46.25291687573918
2014,t,46.25291687573918,46.25291687573918
2015,c,46.25291687573918,46.25291687573918
2016,c,4.658189330945663,4.75504353931189
2017,c,46.25291687573918,46.25291687573918
2018,c,46.25291687573918,46.25291687573918
2019,c,46.25291687573918,46.25291687573918
2020,c,46.25291687573918,46.25291687573918
2021,c,46.25291687573918,46.25291687573918
2022,c,46.25291687573918,46.25291687573918
2023,c,46.25291687573918,46.25291687573918
2024,c,46.25291687573918,46.25291687573918
2025,c,46.25291687573918,46.25291687573918
2026,c,46.25291687573918,46.25291687573918
2027,c,46.25291687573918,46.25291687573918
2028,t,46.25291687573918,46.25291687573918
2029,c,6.046709184143167,8.167586006648524
2030,c,46.25291687573918,46.25291687573918
2031,c,46.25291687573918,46.25291687573918
2032,c,5.172179138069789,5.571774642253736
2033,c,46.25291687573918,46.25291687573918
2034,c,46.25291687573918,46.25291687573918
2035,c,46.25291687573918,46.25291687573918
2036,c,46.25291687573918,46.25291687573918
2037,c,46.25291687573918,46.25291687573918
2038,c,46.25291687573918,46.25291687573918
2039,c,46.25291687573918,46.25291687573918
2040,c,46.25291687573918,46.25291687573918
2041,c,46.25291687573918,46.25291687573918
2042,c,46.25291687573918,46.25291687573918
2043,t,46.25291687573918,46.25291687573918
2044,c,46.25291687573918,46.25291687573918
2045,c,46.25291687573918,46.25291687573918
2046,c,46.25291687573918,46.25291687573918
2047,t,46.25291687573918,46.25291687573918
2048,t,46.25291687573918,46.25291687573918
2049,c,46.25291687573918,46.25291687573918
2050,c,12.317691645423954,12.906006499907628
2051,c,46.25291687573918,46.25291687573918
2052,c,46.25291687573918,46.25291687573918
2053,t,46.25291687573918,46.25291687573918
2054,t,46.25291687573918,46.25291687573918
2055,c,46.25291687573918,46.25291687573918
2056,c,46.25291687573918,46.25291687573918
2057,na,-1,0
2058,c,46.25291687573918,46.25291687573918
2059,c,46.25291687573918,46.25291687573918
2060,c,8.284197643284944,13.688629269180044
2061,c,46.25291687573918,46.25291687573918
2062,c,46.25291687573918,46.25291687573918
2063,c,46.25291687573918,46.25291687573918
2064,c,46.25291687573918,46.25291687573918
2065,c,46.25291687573918,46.25291687573918
2066,t,46.25291687573918,46.25291687573918
2067,c,46.25291687573918,46.25291687573918
2068,c,46.25291687573918,46.25291687573918
2069,c,46.25291687573918,46.25291687573918
2070,c,46.25291687573918,46.25291687573918
2071,c,46.25291687573918,46.25291687573918
2072,t,46.25291687573918,46.25291687573918
2073,c,46.25291687573918,46.25291687573918
2074,na,0.686515373445299,2.8582030221719754
2075,c,46.25291687573918,46.25291687573918
2076,t,46.25291687573918,46.25291687573918
2077,c,46.25291687573918,46.25291687573918
2078,c,46.25291687573918,46.25291687573918
2079,c,46.25291687573918,46.25291687573918
2080,t,46.25291687573918,46.25291687573918
2081,na,-1,0
2082,c,1.8936005331290997,6.993221554699226
2083,c,46.25291687573918,46.25291687573918
2084,c,46.25291687573918,46.25291687573918
2085,t,46.25291687573918,46.25291687573918
2086,c,46.25291687573918,46.25291687573918
2087,t,46.25291687573918,46.25291687573918
2088,t,46.25291687573918,46.25291687573918
2089,t,46.25291687573918,46.25291687573918
2090,c,46.25291687573918,46.25291687573918
2091,na,-1,0
2092,c,46.25291687573918,46.25291687573918
2093,c,46.25291687573918,46.25291687573918
2094,c,46.25291687573918,46.25291687573918
2095,c,46.25291687573918,46.25291687573918
2096,c,46.25291687573918,46.25291687573918
2097,c,46.25291687573918,46.25291687573918
2098,c,46.25291687573918,46.25291687573918
2099,t,46.25291687573918,46.25291687573918
2100,c,46.25291687573918,46.25291687573918
2101,c,46.25291687573918,46.25291687573918
2102,c,46.25291687573918,46.25291687573918
2103,c,46.25291687573918,46.25291687573918
2104,t,46.25291687573918,46.25291687573918
2105,c,46.25291687573918,46.25291687573918
2106,c,46.25291687573918,46.25291687573918
2107,t,46.25291687573918,46.25291687573918
2108,c,46.25291687573918,46.25291687573918
2109,c,46.25291687573918,46.25291687573918
2110,c,46.25291687573918,46.25291687573918
2111,c,46.25291687573918,46.25291687573918
2112,t,46.25291687573918,46.25291687573918
2113,c,46.25291687573918,46.25291687573918
2114,t,46.25291687573918,46.25291687573918
2115,c,46.25291687573918,46.25291687573918
2116,t,46.25291687573918,46.25291687573918
2117,c,46.25291687573918,46.25291687573918
2118,c,46.25291687573918,46.25291687573918
2119,t,46.25291687573918,46.25291687573918
2120,c,46.25291687573918,46.25291687573918
2121,t,46.25291687573918,46.25291687573918
2122,c,46.25291687573918,46.25291687573918
2123,na,0,0.6969868182181008
2124,c,46.25291687573918,46.25291687573918
2125,na,0.5291046093226456,10.382859205048833
2126,t,46.25291687573918,46.25291687573918
2127,c,46.25291687573918,46.25291687573918
2128,c,46.25291687573918,46.25291687573918
2129,c,46.25291687573918,46.25291687573918
2130,c,46.25291687573918,46.25291687573918
2131,t,46.25291687573918,46.25291687573918
2132,t,46.25291687573918,46.25291687573918
2133,c,46.25291687573918,46.25291687573918
2134,c,46.25291687573918,46.25291687573918
2135,c,46.25291687573918,46.25291687573918
2136,c,46.25291687573918,46.25291687573918
2137,c,46.25291687573918,46.25291687573918
2138,c,46.25291687573918,46.25291687573918
2139,c,46.25291687573918,46.25291687573918
2140,c,46.25291687573918,46.25291687573918
2141,c,46.25291687573918,46.25291687573918
2142,c,46.25291687573918,46.25291687573918
2143,c,46.25291687573918,46.25291687573918
2144,c,46.25291687573918,46.25291687573918
2145,c,46.25291687573918,46.25291687573918
2146,c,46.25291687573918,46.25291687573918
2147,c,46.25291687573918,46.25291687573918
2148,c,46.25291687573918,46.25291687573918
2149,c,46.25291687573918,46.25291687573918
2150,c,46.25291687573918,46.25291687573918
2151,c,46.25291687573918,46.25291687573918
2152,c,46.25291687573918,46.25291687573918
2153,c,46.25291687573918,46.25291687573918
2154,t,46.25291687573918,46.25291687573918
2155,t,46.25291687573918,46.25291687573918
2156,t,46.25291687573918,46.25291687573918
2157,t,46.25291687573918,46.25291687573918
2158,c,5.2437400751024805,10.469811369191415
2159,c,46.25291687573918,46.25291687573918
2160,c,46.25291687573918,46.25291687573918
2161,c,46.25291687573918,46.25291687573918
2162,c,46.25291687573918,46.25291687573918
2163,c,46.25291687573918,46.25291687573918
2164,t,46.25291687573918,46.25291687573918
2165,c,46.25291687573918,46.25291687573918
2166,t,46.25291687573918,46.25291687573918
2167,c,1.797797411128584,4.3921336123865125
2168,c,46.25291687573918,46.25291687573918
2169,c,46.25291687573918,46.25291687573918
2170,c,46.25291687573918,46.25291687573918
2171,c,46.25291687573918,46.25291687573918
2172,t,46.25291687573918,46.25291687573918
2173,c,46.25291687573918,46.25291687573918
2174,t,46.25291687573918,46.25291687573918
2175,c,46.25291687573918,46.25291687573918
2176,c,46.25291687573918,46.25291687573918
2177,c,46.25291687573918,46.25291687573918
2178,t,46.25291687573918,46.25291687573918
2179,c,46.25291687573918,46.25291687573918
2180,c,46.25291687573918,46.25291687573918
2181,c,46.25291687573918,46.25291687573918
2182,c,46.25291687573918,46.25291687573918
2183,c,46.25291687573918,46.25291687573918
2184,t,46.25291687573918,46.25291687573918
2185,c,46.25291687573918,46.25291687573918
2186,t,46.25291687573918,46.25291687573918
2187,t,46.25291687573918,46.25291687573918
2188,c,46.25291687573918,46.25291687573918
2189,c,46.25291687573918,46.25291687573918
2190,c,46.25291687573918,46.25291687573918
2191,c,46.25291687573918,46.25291687573918
2192,t,46.25291687573918,46.25291687573918
2193,c,46.25291687573918,46.25291687573918
2194,c,46.25291687573918,46.25291687573918
2195,c,46.25291687573918,46.25291687573918
2196,t,46.25291687573918,46.25291687573918
2197,c,46.25291687573918,46.25291687573918
2198,c,46.25291687573918,46.25291687573918
2199,c,46.25291687573918,46.25291687573918
2200,t,46.25291687573918,46.25291687573918
2201,c,46.25291687573918,46.25291687573918
2202,c,46.25291687573918,46.25291687573918
2203,c,46.25291687573918,46.25291687573918
2204,c,46.25291687573918,46.25291687573918
2205,t,46.25291687573918,46.25291687573918
2206,c,46.25291687573918,46.25291687573918
2207,t,46.25291687573918,46.25291687573918
2208,c,46.25291687573918,46.25291687573918
2209,c,46.25291687573918,46.25291687573918
2210,c,46.25291687573918,46.25291687573918
2211,c,46.25291687573918,46.25291687573918
2212,c,46.25291687573918,46.25291687573918
2213,c,46.25291687573918,46.25291687573918
2214,c,46.25291687573918,46.25291687573918
2215,c,46.25291687573918,46.25291687573918
2216,t,46.25291687573918,46.25291687573918
2217,c,46.25291687573918,46.25291687573918
2218,c,46.25291687573918,46.25291687573918
2219,c,46.25291687573918,46.25291687573918
2220,t,46.25291687573918,46.25291687573918
2221,c,46.25291687573918,46.25291687573918
2222,c,46.25291687573918,46.25291687573918
2223,c,46.25291687573918,46.25291687573918
2224,t,46.25291687573918,46.25291687573918
2225,c,46.25291687573918,46.25291687573918
2226,c,46.25291687573918,46.25291687573918
2227,c,46.25291687573918,46.25291687573918
2228,c,46.25291687573918,46.25291687573918
2229,t,46.25291687573918,46.25291687573918
2230,c,46.25291687573918,46.25291687573918
2231,c,46.25291687573918,46.25291687573918
2232,c,46.25291687573918,46.25291687573918
2233,c,46.25291687573918,46.25291687573918
2234,c,46.25291687573918,46.25291687573918
2235,c,46.25291687573918,46.25291687573918
2236,c,46.25291687573918,46.25291687573918
2237,c,6.578959646784854,9.430574192867853
2238,c,46.25291687573918,46.25291687573918
2239,t,46.25291687573918,46.25291687573918
2240,c,46.25291687573918,46.25291687573918
2241,c,46.25291687573918,46.25291687573918
2242,c,46.25291687573918,46.25291687573918
2243,c,46.25291687573918,46.25291687573918
2244,c,46.25291687573918,46.25291687573918
2245,c,46.25291687573918,46.25291687573918
2246,t,46.25291687573918,46.25291687573918
2247,c,46.25291687573918,46.25291687573918
2248,c,46.25291687573918,46.25291687573918
2249,t,46.25291687573918,46.25291687573918
2250,c,46.25291687573918,46.25291687573918
2251,c,46.25291687573918,46.25291687573918
2252,c,46.25291687573918,46.25291687573918
2253,c,46.25291687573918,46.25291687573918
2254,c,46.25291687573918,46.25291687573918
2255,c,46.25291687573918,46.25291687573918
2256,c,46.25291687573918,46.25291687573918
2257,c,46.25291687573918,46.25291687573918
2258,t,46.25291687573918,46.25291687573918
2259,c,46.25291687573918,46.25291687573918
2260,c,46.25291687573918,46.25291687573918
2261,t,46.25291687573918,46.25291687573918
2262,t,46.25291687573918,46.25291687573918
2263,c,46.25291687573918,46.25291687573918
2264,c,46.25291687573918,46.25291687573918
2265,c,46.25291687573918,46.25291687573918
2266,c,46.25291687573918,46.25291687573918
2267,c,46.25291687573918,46.25291687573918
2268,c,46.25291687573918,46.25291687573918
2269,c,46.25291687573918,46.25291687573918
2270,c,46.25291687573918,46.25291687573918
2271,c,46.25291687573918,46.25291687573918
2272,c,46.25291687573918,46.25291687573918
2273,t,46.25291687573918,46.25291687573918
2274,c,46.25291687573918,46.25291687573918
2275,t,46.25291687573918,46.25291687573918
2276,c,46.25291687573918,46.25291687573918
2277,c,46.25291687573918,46.25291687573918
2278,c,46.25291687573918,46.25291687573918
2279,c,46.25291687573918,46.25291687573918
2280,c,46.25291687573918,46.25291687573918
2281,c,46.25291687573918,46.25291687573918
2282,c,46.25291687573918,46.25291687573918
2283,c,46.25291687573918,46.25291687573918
2284,na,0,0.06120239327237026
2285,t,46.25291687573918,46.25291687573918
2286,c,9.158247080914542,14.534438990002316
2287,t,46.25291687573918,46.25291687573918
2288,t,46.25291687573918,46.25291687573918
2289,c,46.25291687573918,46.25291687573918
2290,c,46.25291687573918,46.25291687573918
2291,c,46.25291687573918,46.25291687573918
2292,t,46.25291687573918,46.25291687573918
2293,t,46.25291687573918,46.25291687573918
2294,c,46.25291687573918,46.25291687573918
2295,c,46.25291687573918,46.25291687573918
2296,c,46.25291687573918,46.25291687573918
2297,c,46.25291687573918,46.25291687573918
2298,t,46.25291687573918,46.25291687573918
2299,t,46.25291687573918,46.25291687573918
2300,t,46.25291687573918,46.25291687573918
2301,c,46.25291687573918,46.25291687573918
2302,c,46.25291687573918,46.25291687573918
2303,c,46.25291687573918,46.25291687573918
2304,c,46.25291687573918,46.25291687573918
2305,c,46.25291687573918,46.25291687573918
2306,c,46.25291687573918,46.25291687573918
2307,c,8.914218485855837,20.13579286180766
2308,t,46.25291687573918,46.25291687573918
2309,c,46.25291687573918,46.25291687573918
2310,c,46.25291687573918,46.25291687573918
2311,c,46.25291687573918,46.25291687573918
2312,t,46.25291687573918,46.25291687573918
2313,c,46.25291687573918,46.25291687573918
2314,c,46.25291687573918,46.25291687573918
2315,c,46.25291687573918,46.25291687573918
2316,c,46.25291687573918,46.25291687573918
2317,c,46.25291687573918,46.25291687573918
2318,c,46.25291687573918,46.25291687573918
2319,c,46.25291687573918,46.25291687573918
2320,c,46.25291687573918,46.25291687573918
2321,c,46.25291687573918,46.25291687573918
2322,c,46.25291687573918,46.25291687573918
2323,c,46.25291687573918,46.25291687573918
2324,c,46.25291687573918,46.25291687573918
2325,na,0,5.185924053876298
2326,c,46.25291687573918,46.25291687573918
2327,t,46.25291687573918,46.25291687573918
2328,c,46.25291687573918,46.25291687573918
2329,c,46.25291687573918,46.25291687573918
2330,c,46.25291687573918,46.25291687573918
2331,c,46.25291687573918,46.25291687573918
2332,c,46.25291687573918,46.25291687573918
2333,c,46.25291687573918,46.25291687573918
2334,c,46.25291687573918,46.25291687573918
2335,c,46.25291687573918,46.25291687573918
2336,t,46.25291687573918,46.25291687573918
2337,c,46.25291687573918,46.25291687573918
2338,t,46.25291687573918,46.25291687573918
2339,c,46.25291687573918,46.25291687573918
2340,c,46.25291687573918,46.25291687573918
2341,c,46.25291687573918,46.25291687573918
2342,c,46.25291687573918,46.25291687573918
2343,c,46.25291687573918,46.25291687573918
2344,t,46.25291687573918,46.25291687573918
2345,c,46.25291687573918,46.25291687573918
2346,c,46.25291687573918,46.25291687573918
2347,c,46.25291687573918,46.25291687573918
2348,c,46.25291687573918,46.25291687573918
2349,c,46.25291687573918,46.25291687573918
2350,t,46.25291687573918,46.25291687573918
2351,t,46.25291687573918,46.25291687573918
2352,t,46.25291687573918,46.25291687573918
2353,c,46.25291687573918,46.25291687573918
2354,c,46.25291687573918,46.25291687573918
2355,t,46.25291687573918,46.25291687573918
2356,c,46.25291687573918,46.25291687573918
2357,c,46.25291687573918,46.25291687573918
2358,c,46.25291687573918,46.25291687573918
2359,c,46.25291687573918,46.25291687573918
2360,c,46.25291687573918,46.25291687573918
2361,c,46.25291687573918,46.25291687573918
2362,c,46.25291687573918,46.25291687573918
2363,c,46.25291687573918,46.25291687573918
2364,t,46.25291687573918,46.25291687573918
2365,t,46.25291687573918,46.25291687573918
2366,c,8.759774479398821,9.241222935359128
2367,c,46.25291687573918,46.25291687573918
2368,c,46.25291687573918,46.25291687573918
2369,c,46.25291687573918,46.25291687573918
2370,c,46.25291687573918,46.25291687573918
2371,c,46.25291687573918,46.25291687573918
2372,c,46.25291687573918,46.25291687573918
2373,c,46.25291687573918,46.25291687573918
2374,c,46.25291687573918,46.25291687573918
2375,t,46.25291687573918,46.25291687573918
2376,c,46.25291687573918,46.25291687573918
2377,c,46.25291687573918,46.25291687573918
2378,c,46.25291687573918,46.25291687573918
2379,c,46.25291687573918,46.25291687573918
2380,c,46.25291687573918,46.25291687573918
2381,c,46.25291687573918,46.25291687573918
2382,t,46.25291687573918,46.25291687573918
2383,c,46.25291687573918,46.25291687573918
2384,c,46.25291687573918,46.25291687573918
2385,c,46.25291687573918,46.25291687573918
2386,c,46.25291687573918,46.25291687573918
2387,c,46.25291687573918,46.25291687573918
2388,c,46.25291687573918,46.25291687573918
2389,t,46.25291687573918,46.25291687573918
2390,t,46.25291687573918,46.25291687573918
2391,na,-1,0
2392,t,46.25291687573918,46.25291687573918
2393,c,46.25291687573918,46.25291687573918
2394,t,46.25291687573918,46.25291687573918
2395,c,46.25291687573918,46.25291687573918
2396,c,46.25291687573918,46.25291687573918
2397,c,46.25291687573918,46.25291687573918
2398,t,46.25291687573918,46.25291687573918
2399,t,46.25291687573918,46.25291687573918
2400,c,46.25291687573918,46.25291687573918
2401,t,46.25291687573918,46.25291687573918
2402,c,16.773699936044803,17.720233380938808
2403,c,46.25291687573918,46.25291687573918
2404,t,46.25291687573918,46.25291687573918
2405,c,20.676557113839007,24.662671647969308
2406,c,46.25291687573918,46.25291687573918
2407,c,46.25291687573918,46.25291687573918
2408,na,0,0.13793107505055138
2409,t,46.25291687573918,46.25291687573918
2410,c,46.25291687573918,46.25291687573918
2411,c,46.25291687573918,46.25291687573918
2412,c,46.25291687573918,46.25291687573918
2413,c,46.25291687573918,46.25291687573918
2414,t,46.25291687573918,46.25291687573918
2415,c,46.25291687573918,46.25291687573918
2416,c,46.25291687573918,46.25291687573918
2417,c,46.25291687573918,46.25291687573918
2418,c,46.25291687573918,46.25291687573918
2419,t,46.25291687573918,46.25291687573918
2420,c,46.25291687573918,46.25291687573918
2421,t,46.25291687573918,46.25291687573918
2422,c,46.25291687573918,46.25291687573918
2423,c,46.25291687573918,46.25291687573918
2424,c,46.25291687573918,46.25291687573918
2425,t,46.25291687573918,46.25291687573918
2426,c,46.25291687573918,46.25291687573918
2427,c,46.25291687573918,46.25291687573918
2428,t,46.25291687573918,46.25291687573918
2429,t,46.25291687573918,46.25291687573918
2430,c,46.25291687573918,46.25291687573918
2431,t,46.25291687573918,46.25291687573918
2432,c,46.25291687573918,46.25291687573918
2433,c,46.25291687573918,46.25291687573918
2434,c,46.25291687573918,46.25291687573918
2435,c,10.963730346397202,11.455858571552183
2436,c,46.25291687573918,46.25291687573918
2437,t,46.25291687573918,46.25291687573918
2438,t,46.25291687573918,46.25291687573918
2439,t,46.25291687573918,46.25291687573918
2440,c,46.25291687573918,46.25291687573918
2441,c,46.25291687573918,46.25291687573918
2442,c,46.25291687573918,46.25291687573918
2443,t,46.25291687573918,46.25291687573918
2444,c,46.25291687573918,46.25291687573918
2445,c,46.25291687573918,46.25291687573918
2446,c,46.25291687573918,46.25291687573918
2447,c,46.25291687573918,46.25291687573918
2448,c,46.25291687573918,46.25291687573918
2449,c,46.25291687573918,46.25291687573918
2450,t,46.25291687573918,46.25291687573918
2451,c,46.25291687573918,46.25291687573918
2452,c,46.25291687573918,46.25291687573918
2453,c,46.25291687573918,46.25291687573918
2454,c,46.25291687573918,46.25291687573918
2455,t,46.25291687573918,46.25291687573918
2456,c,46.25291687573918,46.25291687573918
2457,c,46.25291687573918,46.25291687573918
2458,c,46.25291687573918,46.25291687573918
2459,c,46.25291687573918,46.25291687573918
2460,c,46.25291687573918,46.25291687573918
2461,c,46.25291687573918,46.25291687573918
2462,na,1.268517254541885,3.529757257507811
2463,c,46.25291687573918,46.25291687573918
2464,c,46.25291687573918,46.25291687573918
2465,c,46.25291687573918,46.25291687573918
2466,c,46.25291687573918,46.25291687573918
2467,t,46.25291687573918,46.25291687573918
2468,c,46.25291687573918,46.25291687573918
2469,c,46.25291687573918,46.25291687573918
2470,c,46.25291687573918,46.25291687573918
2471,c,46.25291687573918,46.25291687573918
2472,c,46.25291687573918,46.25291687573918
2473,c,46.25291687573918,46.25291687573918
2474,c,46.25291687573918,46.25291687573918
2475,c,46.25291687573918,46.25291687573918
2476,t,46.25291687573918,46.25291687573918
2477,c,46.25291687573918,46.25291687573918
2478,t,46.25291687573918,46.25291687573918
2479,c,46.25291687573918,46.25291687573918
2480,t,46.25291687573918,46.25291687573918
2481,t,46.25291687573918,46.25291687573918
2482,c,46.25291687573918,46.25291687573918
2483,c,46.25291687573918,46.25291687573918
2484,t,46.25291687573918,46.25291687573918
2485,c,46.25291687573918,46.25291687573918
2486,na,0,4.212825339312312
2487,c,46.25291687573918,46.25291687573918
2488,c,46.25291687573918,46.25291687573918
2489,c,46.25291687573918,46.25291687573918
2490,c,46.25291687573918,46.25291687573918
2491,t,46.25291687573918,46.25291687573918
2492,c,46.25291687573918,46.25291687573918
2493,c,46.25291687573918,46.25291687573918
2494,t,46.25291687573918,46.25291687573918
2495,c,46.25291687573918,46.25291687573918
2496,c,46.25291687573918,46.25291687573918
2497,c,46.25291687573918,46.25291687573918
2498,c,46.25291687573918,46.25291687573918
2499,c,46.25291687573918,46.25291687573918
2500,c,46.25291687573918,46.25291687573918
2501,c,46.25291687573918,46.25291687573918
2502,c,46.25291687573918,46.25291687573918
2503,c,46.25291687573918,46.25291687573918
2504,c,46.25291687573918,46.25291687573918
2505,c,6.352393090668431,46.25291687573918
2506,c,46.25291687573918,46.25291687573918
2507,c,46.25291687573918,46.25291687573918
2508,c,46.25291687573918,46.25291687573918
2509,c,46.25291687573918,46.25291687573918
2510,c,46.25291687573918,46.25291687573918
2511,t,46.25291687573918,46.25291687573918
2512,c,46.25291687573918,46.25291687573918
2513,c,46.25291687573918,46.25291687573918
2514,t,46.25291687573918,46.25291687573918
2515,c,46.25291687573918,46.25291687573918
2516,t,46.25291687573918,46.25291687573918
2517,t,46.25291687573918,46.25291687573918
2518,c,46.25291687573918,46.25291687573918
2519,c,46.25291687573918,46.25291687573918
2520,c,46.25291687573918,46.25291687573918
2521,c,6.704806825127635,17.261385418426222
2522,t,46.25291687573918,46.25291687573918
2523,c,46.25291687573918,46.25291687573918
2524,c,9.942679539354216,9.990324877222186
2525,c,46.25291687573918,46.25291687573918
2526,c,46.25291687573918,46.25291687573918
2527,c,46.25291687573918,46.25291687573918
2528,c,46.25291687573918,46.25291687573918
2529,c,46.25291687573918,46.25291687573918
2530,t,46.25291687573918,46.25291687573918
2531,c,46.25291687573918,46.25291687573918
2532,c,46.25291687573918,46.25291687573918
2533,t,46.25291687573918,46.25291687573918
2534,c,46.25291687573918,46.25291687573918
2535,c,46.25291687573918,46.25291687573918
2536,c,46.25291687573918,46.25291687573918
2537,c,6.964777256653963,7.618867176943469
2538,c,2.3060056874402135,46.25291687573918
2539,t,46.25291687573918,46.25291687573918
2540,t,46.25291687573918,46.25291687573918
2541,c,46.25291687573918,46.25291687573918
2542,c,46.25291687573918,46.25291687573918
2543,c,46.25291687573918,46.25291687573918
2544,c,46.25291687573918,46.25291687573918
2545,c,46.25291687573918,46.25291687573918
2546,t,46.25291687573918,46.25291687573918
2547,c,21.983705012345823,24.194005530023627
2548,t,46.25291687573918,46.25291687573918
2549,c,46.25291687573918,46.25291687573918
2550,c,46.25291687573918,46.25291687573918
2551,c,46.25291687573918,46.25291687573918
2552,c,46.25291687573918,46.25291687573918
2553,c,4.148550743288639,16.774257569656758
2554,c,46.25291687573918,46.25291687573918
2555,c,46.25291687573918,46.25291687573918
2556,c,46.25291687573918,46.25291687573918
2557,c,46.25291687573918,46.25291687573918
2558,c,46.25291687573918,46.25291687573918
2559,c,46.25291687573918,46.25291687573918
2560,c,20.930658569979272,23.403866757309537
2561,c,46.25291687573918,46.25291687573918
2562,c,46.25291687573918,46.25291687573918
2563,c,46.25291687573918,46.25291687573918
2564,c,46.25291687573918,46.25291687573918
2565,c,46.25291687573918,46.25291687573918
2566,c,46.25291687573918,46.25291687573918
2567,c,46.25291687573918,46.25291687573918
2568,c,46.25291687573918,46.25291687573918
2569,c,46.25291687573918,46.25291687573918
2570,t,46.25291687573918,46.25291687573918
2571,c,46.25291687573918,46.25291687573918
2572,c,46.25291687573918,46.25291687573918
2573,c,46.25291687573918,46.25291687573918
2574,c,46.25291687573918,46.25291687573918
2575,c,46.25291687573918,46.25291687573918
2576,c,46.25291687573918,46.25291687573918
2577,t,46.25291687573918,46.25291687573918
2578,c,46.25291687573918,46.25291687573918
2579,c,46.25291687573918,46.25291687573918
2580,c,46.25291687573918,46.25291687573918
2581,c,46.25291687573918,46.25291687573918
2582,c,46.25291687573918,46.25291687573918
2583,c,46.25291687573918,46.25291687573918
2584,c,46.25291687573918,46.25291687573918
2585,c,46.25291687573918,46.25291687573918
2586,c,46.25291687573918,46.25291687573918
2587,c,46.25291687573918,46.25291687573918
2588,c,46.25291687573918,46.25291687573918
2589,c,46.25291687573918,46.25291687573918
2590,c,46.25291687573918,46.25291687573918
2591,c,46.25291687573918,46.25291687573918
2592,c,46.25291687573918,46.25291687573918
2593,c,46.25291687573918,46.25291687573918
2594,t,46.25291687573918,46.25291687573918
2595,c,46.25291687573918,46.25291687573918
2596,c,46.25291687573918,46.25291687573918
2597,c,46.25291687573918,46.25291687573918
2598,c,46.25291687573918,46.25291687573918
2599,t,46.25291687573918,46.25291687573918
2600,c,46.25291687573918,46.25291687573918
2601,t,46.25291687573918,46.25291687573918
2602,c,46.25291687573918,46.25291687573918
2603,c,46.25291687573918,46.25291687573918
2604,c,46.25291687573918,46.25291687573918
2605,c,46.25291687573918,46.25291687573918
2606,c,46.25291687573918,46.25291687573918
2607,na,0.7594358442832309,12.243119982353749
2608,c,46.25291687573918,46.25291687573918
2609,t,46.25291687573918,46.25291687573918
2610,c,46.25291687573918,46.25291687573918
2611,c,46.25291687573918,46.25291687573918
2612,c,46.25291687573918,46.25291687573918
2613,c,46.25291687573918,46.25291687573918
2614,t,46.25291687573918,46.25291687573918
2615,c,46.25291687573918,46.25291687573918
2616,c,46.25291687573918,46.25291687573918
2617,t,46.25291687573918,46.25291687573918
2618,t,46.25291687573918,46.25291687573918
2619,c,46.25291687573918,46.25291687573918
2620,c,46.25291687573918,46.25291687573918
2621,c,7.774763484638465,10.926948398917794
2622,c,46.25291687573918,46.25291687573918
2623,c,46.25291687573918,46.25291687573918
2624,c,46.25291687573918,46.25291687573918
2625,c,46.25291687573918,46.25291687573918
2626,t,46.25291687573918,46.25291687573918
2627,t,46.25291687573918,46.25291687573918
2628,t,46.25291687573918,46.25291687573918
2629,c,46.25291687573918,46.25291687573918
2630,t,46.25291687573918,46.25291687573918
2631,c,46.25291687573918,46.25291687573918
2632,c,46.25291687573918,46.25291687573918
2633,c,46.25291687573918,46.25291687573918
2634,c,46.25291687573918,46.25291687573918
2635,c,46.25291687573918,46.25291687573918
2636,c,46.25291687573918,46.25291687573918
2637,c,46.25291687573918,46.25291687573918
2638,c,46.25291687573918,46.25291687573918
2639,t,46.25291687573918,46.25291687573918
2640,t,46.25291687573918,46.25291687573918
2641,c,46.25291687573918,46.25291687573918
2642,c,46.25291687573918,46.25291687573918
2643,c,46.25291687573918,46.25291687573918
2644,c,46.25291687573918,46.25291687573918
2645,c,46.25291687573918,46.25291687573918
2646,c,46.25291687573918,46.25291687573918
2647,c,46.25291687573918,46.25291687573918
2648,t,46.25291687573918,46.25291687573918
2649,c,46.25291687573918,46.25291687573918
2650,c,46.25291687573918,46.25291687573918
2651,c,46.25291687573918,46.25291687573918
2652,c,46.25291687573918,46.25291687573918
2653,c,46.25291687573918,46.25291687573918
2654,c,46.25291687573918,46.25291687573918
2655,c,46.25291687573918,46.25291687573918
2656,c,46.25291687573918,46.25291687573918
2657,c,46.25291687573918,46.25291687573918
2658,c,46.25291687573918,46.25291687573918
2659,c,46.25291687573918,46.25291687573918
2660,c,46.25291687573918,46.25291687573918
2661,t,46.25291687573918,46.25291687573918
2662,c,46.25291687573918,46.25291687573918
2663,c,46.25291687573918,46.25291687573918
2664,c,46.25291687573918,46.25291687573918
2665,c,46.25291687573918,46.25291687573918
2666,c,46.25291687573918,46.25291687573918
2667,t,46.25291687573918,46.25291687573918
2668,t,46.25291687573918,46.25291687573918
2669,t,46.25291687573918,46.25291687573918
2670,c,46.25291687573918,46.25291687573918
2671,t,46.25291687573918,46.25291687573918
2672,c,46.25291687573918,46.25291687573918
2673,c,46.25291687573918,46.25291687573918
2674,t,46.25291687573918,46.25291687573918
2675,c,46.25291687573918,46.25291687573918
2676,c,46.25291687573918,46.25291687573918
2677,c,46.25291687573918,46.25291687573918
2678,c,46.25291687573918,46.25291687573918
2679,c,46.25291687573918,46.25291687573918
2680,t,46.25291687573918,46.25291687573918
2681,t,46.25291687573918,46.25291687573918
2682,t,46.25291687573918,46.25291687573918
2683,c,46.25291687573918,46.25291687573918
2684,t,46.25291687573918,46.25291687573918
2685,c,46.25291687573918,46.25291687573918
2686,c,46.25291687573918,46.25291687573918
2687,t,46.25291687573918,46.25291687573918
2688,t,46.25291687573918,46.25291687573918
2689,c,46.25291687573918,46.25291687573918
2690,c,46.25291687573918,46.25291687573918
2691,c,46.25291687573918,46.25291687573918
2692,t,46.25291687573918,46.25291687573918
2693,t,46.25291687573918,46.25291687573918
2694,c,46.25291687573918,46.25291687573918
2695,c,46.25291687573918,46.25291687573918
2696,t,46.25291687573918,46.25291687573918
2697,c,46.25291687573918,46.25291687573918
2698,c,1.004043159803899,9.544760428004384
2699,c,46.25291687573918,46.25291687573918
2700,c,46.25291687573918,46.25291687573918
2701,c,10.84852857067829,10.883583366301911
2702,c,46.25291687573918,46.25291687573918
2703,c,46.25291687573918,46.25291687573918
2704,c,46.25291687573918,46.25291687573918
2705,c,46.25291687573918,46.25291687573918
2706,c,46.25291687573918,46.25291687573918
2707,c,12.093350458340067,13.689957640370578
2708,c,46.25291687573918,46.25291687573918
2709,c,46.25291687573918,46.25291687573918
2710,c,46.25291687573918,46.25291687573918
2711,c,46.25291687573918,46.25291687573918
2712,c,46.25291687573918,46.25291687573918
2713,t,46.25291687573918,46.25291687573918
2714,c,46.25291687573918,46.25291687573918
2715,c,46.25291687573918,46.25291687573918
2716,c,46.25291687573918,46.25291687573918
2717,c,46.25291687573918,46.25291687573918
2718,c,46.25291687573918,46.25291687573918
2719,c,46.25291687573918,46.25291687573918
2720,c,46.25291687573918,46.25291687573918
2721,c,46.25291687573918,46.25291687573918
2722,c,15.051846572483015,18.53450081758582
2723,c,46.25291687573918,46.25291687573918
2724,c,46.25291687573918,46.25291687573918
2725,c,46.25291687573918,46.25291687573918
2726,c,46.25291687573918,46.25291687573918
2727,c,9.981759000257771,46.25291687573918
2728,c,46.25291687573918,46.25291687573918
2729,na,0.3349914092841436,0.624758107566422
2730,c,46.25291687573918,46.25291687573918
2731,c,46.25291687573918,46.25291687573918
2732,c,46.25291687573918,46.25291687573918
2733,c,46.25291687573918,46.25291687573918
2734,t,46.25291687573918,46.25291687573918
2735,t,46.25291687573918,46.25291687573918
2736,c,46.25291687573918,46.25291687573918
2737,t,46.25291687573918,46.25291687573918
2738,c,46.25291687573918,46.25291687573918
2739,c,46.25291687573918,46.25291687573918
2740,t,46.25291687573918,46.25291687573918
2741,c,46.25291687573918,46.25291687573918
2742,c,46.25291687573918,46.25291687573918
2743,c,46.25291687573918,46.25291687573918
2744,c,46.25291687573918,46.25291687573918
2745,t,46.25291687573918,46.25291687573918
2746,c,46.25291687573918,46.25291687573918
2747,c,46.25291687573918,46.25291687573918
2748,c,46.25291687573918,46.25291687573918
2749,c,46.25291687573918,46.25291687573918
2750,t,46.25291687573918,46.25291687573918
2751,c,46.25291687573918,46.25291687573918
2752,c,46.25291687573918,46.25291687573918
2753,c,46.25291687573918,46.25291687573918
2754,c,46.25291687573918,46.25291687573918
2755,c,46.25291687573918,46.25291687573918
2756,t,46.25291687573918,46.25291687573918
2757,t,46.25291687573918,46.25291687573918
2758,c,46.25291687573918,46.25291687573918
2759,t,46.25291687573918,46.25291687573918
2760,c,46.25291687573918,46.25291687573918
2761,t,46.25291687573918,46.25291687573918
2762,c,46.25291687573918,46.25291687573918
2763,c,46.25291687573918,46.25291687573918
2764,c,46.25291687573918,46.25291687573918
2765,na,0.061579681161445576,6.16880255828872
2766,c,46.25291687573918,46.25291687573918
2767,c,46.25291687573918,46.25291687573918
2768,c,46.25291687573918,46.25291687573918
2769,c,46.25291687573918,46.25291687573918
2770,c,46.25291687573918,46.25291687573918
2771,c,46.25291687573918,46.25291687573918
2772,t,46.25291687573918,46.25291687573918
2773,t,46.25291687573918,46.25291687573918
2774,t,46.25291687573918,46.25291687573918
2775,t,46.25291687573918,46.25291687573918
2776,c,46.25291687573918,46.25291687573918
2777,c,5.357936170013339,11.366443137581303
2778,c,46.25291687573918,46.25291687573918
2779,t,46.25291687573918,46.25291687573918
2780,t,46.25291687573918,46.25291687573918
2781,c,46.25291687573918,46.25291687573918
2782,t,46.25291687573918,46.25291687573918
2783,c,46.25291687573918,46.25291687573918
2784,c,46.25291687573918,46.25291687573918
2785,c,46.25291687573918,46.25291687573918
2786,c,46.25291687573918,46.25291687573918
2787,t,46.25291687573918,46.25291687573918
2788,t,46.25291687573918,46.25291687573918
2789,c,46.25291687573918,46.25291687573918
2790,c,46.25291687573918,46.25291687573918
2791,t,46.25291687573918,46.25291687573918
2792,c,46.25291687573918,46.25291687573918
2793,t,46.25291687573918,46.25291687573918
2794,c,46.25291687573918,46.25291687573918
2795,c,46.25291687573918,46.25291687573918
2796,t,46.25291687573918,46.25291687573918
2797,c,46.25291687573918,46.25291687573918
2798,c,46.25291687573918,46.25291687573918
2799,t,46.25291687573918,46.25291687573918
2800,c,46.25291687573918,46.25291687573918
2801,c,46.25291687573918,46.25291687573918
2802,c,46.25291687573918,46.25291687573918
2803,c,46.25291687573918,46.25291687573918
2804,c,46.25291687573918,46.25291687573918
2805,c,46.25291687573918,46.25291687573918
2806,c,46.25291687573918,46.25291687573918
2807,c,46.25291687573918,46.25291687573918
2808,c,46.25291687573918,46.25291687573918
2809,c,46.25291687573918,46.25291687573918
2810,c,46.25291687573918,46.25291687573918
2811,t,46.25291687573918,46.25291687573918
2812,c,46.25291687573918,46.25291687573918
2813,na,0,0.9641013659806105
2814,c,46.25291687573918,46.25291687573918
2815,c,11.655743556486541,12.503796490159184
2816,t,46.25291687573918,46.25291687573918
2817,c,46.25291687573918,46.25291687573918
2818,c,46.25291687573918,46.25291687573918
2819,c,46.25291687573918,46.25291687573918
2820,c,46.25291687573918,46.25291687573918
2821,c,46.25291687573918,46.25291687573918
2822,c,46.25291687573918,46.25291687573918
2823,c,46.25291687573918,46.25291687573918
2824,c,46.25291687573918,46.25291687573918
2825,t,46.25291687573918,46.25291687573918
2826,c,46.25291687573918,46.25291687573918
2827,t,46.25291687573918,46.25291687573918
2828,c,46.25291687573918,46.25291687573918
2829,c,46.25291687573918,46.25291687573918
2830,c,46.25291687573918,46.25291687573918
2831,t,46.25291687573918,46.25291687573918
2832,c,46.25291687573918,46.25291687573918
2833,c,46.25291687573918,46.25291687573918
2834,c,46.25291687573918,46.25291687573918
2835,c,46.25291687573918,46.25291687573918
2836,c,46.25291687573918,46.25291687573918
2837,c,46.25291687573918,46.25291687573918
2838,c,46.25291687573918,46.25291687573918
2839,c,46.25291687573918,46.25291687573918
2840,c,46.25291687573918,46.25291687573918
2841,c,46.25291687573918,46.25291687573918
2842,c,13.488631365930733,17.002207160699314
2843,t,46.25291687573918,46.25291687573918
2844,c,46.25291687573918,46.25291687573918
2845,c,46.25291687573918,46.25291687573918
2846,c,46.25291687573918,46.25291687573918
2847,c,46.25291687573918,46.25291687573918
2848,t,46.25291687573918,46.25291687573918
2849,c,46.25291687573918,46.25291687573918
2850,c,46.25291687573918,46.25291687573918
2851,c,46.25291687573918,46.25291687573918
2852,c,46.25291687573918,46.25291687573918
2853,t,46.25291687573918,46.25291687573918
2854,c,46.25291687573918,46.25291687573918
2855,c,46.25291687573918,46.25291687573918
2856,c,46.25291687573918,46.25291687573918
2857,c,46.25291687573918,46.25291687573918
2858,c,46.25291687573918,46.25291687573918
2859,t,46.25291687573918,46.25291687573918
2860,c,46.25291687573918,46.25291687573918
2861,t,46.25291687573918,46.25291687573918
2862,c,46.25291687573918,46.25291687573918
2863,na,0,3.597326556739412
2864,c,46.25291687573918,46.25291687573918
2865,c,46.25291687573918,46.25291687573918
2866,c,46.25291687573918,46.25291687573918
2867,c,46.25291687573918,46.25291687573918
2868,c,46.25291687573918,46.25291687573918
2869,c,46.25291687573918,46.25291687573918
2870,c,46.25291687573918,46.25291687573918
2871,t,46.25291687573918,46.25291687573918
2872,c,46.25291687573918,46.25291687573918
2873,t,46.25291687573918,46.25291687573918
2874,t,46.25291687573918,46.25291687573918
2875,c,46.25291687573918,46.25291687573918
2876,t,46.25291687573918,46.25291687573918
2877,t,46.25291687573918,46.25291687573918
2878,c,46.25291687573918,46.25291687573918
2879,t,46.25291687573918,46.25291687573918
2880,c,46.25291687573918,46.25291687573918
2881,c,46.25291687573918,46.25291687573918
2882,c,46.25291687573918,46.25291687573918
2883,c,46.25291687573918,46.25291687573918
2884,c,46.25291687573918,46.25291687573918
2885,c,46.25291687573918,46.25291687573918
2886,t,46.25291687573918,46.25291687573918
2887,c,46.25291687573918,46.25291687573918
2888,c,46.25291687573918,46.25291687573918
2889,t,46.25291687573918,46.25291687573918
2890,c,46.25291687573918,46.25291687573918
2891,c,46.25291687573918,46.25291687573918
2892,c,46.25291687573918,46.25291687573918
2893,c,46.25291687573918,46.25291687573918
2894,c,46.25291687573918,46.25291687573918
2895,c,46.25291687573918,46.25291687573918
2896,c,2.6168554037049905,5.568232061035223
2897,c,46.25291687573918,46.25291687573918
2898,c,46.25291687573918,46.25291687573918
2899,c,46.25291687573918,46.25291687573918
2900,c,46.25291687573918,46.25291687573918
2901,t,46.25291687573918,46.25291687573918
2902,t,46.25291687573918,46.25291687573918
2903,c,46.25291687573918,46.25291687573918
2904,c,46.25291687573918,46.25291687573918
2905,c,46.25291687573918,46.25291687573918
2906,c,46.25291687573918,46.25291687573918
2907,c,46.25291687573918,46.25291687573918
2908,c,46.25291687573918,46.25291687573918
2909,c,46.25291687573918,46.25291687573918
2910,t,46.25291687573918,46.25291687573918
2911,c,46.25291687573918,46.25291687573918
2912,c,46.25291687573918,46.25291687573918
2913,c,46.25291687573918,46.25291687573918
2914,c,46.25291687573918,46.25291687573918
2915,c,46.25291687573918,46.25291687573918
2916,c,46.25291687573918,46.25291687573918
2917,c,46.25291687573918,46.25291687573918
2918,c,46.25291687573918,46.25291687573918
2919,t,46.25291687573918,46.25291687573918
2920,c,46.25291687573918,46.25291687573918
2921,c,46.25291687573918,46.25291687573918
2922,c,46.25291687573918,46.25291687573918
2923,c,46.25291687573918,46.25291687573918
2924,c,46.25291687573918,46.25291687573918
2925,c,46.25291687573918,46.25291687573918
2926,c,46.25291687573918,46.25291687573918
2927,c,46.25291687573918,46.25291687573918
2928,c,46.25291687573918,46.25291687573918
2929,c,46.25291687573918,46.25291687573918
2930,c,46.25291687573918,46.25291687573918
2931,c,17.865639287757727,25.55236871504226
2932,t,46.25291687573918,46.25291687573918
2933,c,46.25291687573918,46.25291687573918
2934,c,46.25291687573918,46.25291687573918
2935,c,46.25291687573918,46.25291687573918
2936,c,46.25291687573918,46.25291687573918
2937,c,46.25291687573918,46.25291687573918
2938,c,46.25291687573918,46.25291687573918
2939,c,46.25291687573918,46.25291687573918
2940,c,46.25291687573918,46.25291687573918
2941,c,46.25291687573918,46.25291687573918
2942,c,46.25291687573918,46.25291687573918
2943,c,46.25291687573918,46.25291687573918
2944,c,46.25291687573918,46.25291687573918
2945,c,9.895870351688117,10.053677311002684
2946,c,46.25291687573918,46.25291687573918
2947,c,46.25291687573918,46.25291687573918
2948,t,46.25291687573918,46.25291687573918
2949,c,46.25291687573918,46.25291687573918
2950,c,46.25291687573918,46.25291687573918
2951,c,46.25291687573918,46.25291687573918
2952,c,46.25291687573918,46.25291687573918
2953,c,33.254027012983606,36.32685105039072
2954,c,46.25291687573918,46.25291687573918
2955,c,46.25291687573918,46.25291687573918
2956,t,46.25291687573918,46.25291687573918
2957,c,46.25291687573918,46.25291687573918
2958,c,46.25291687573918,46.25291687573918
2959,c,46.25291687573918,46.25291687573918
2960,c,46.25291687573918,46.25291687573918
2961,c,46.25291687573918,46.25291687573918
2962,c,46.25291687573918,46.25291687573918
2963,t,46.25291687573918,46.25291687573918
2964,c,46.25291687573918,46.25291687573918
2965,t,46.25291687573918,46.25291687573918
2966,c,46.25291687573918,46.25291687573918
2967,c,46.25291687573918,46.25291687573918
2968,t,46.25291687573918,46.25291687573918
2969,c,46.25291687573918,46.25291687573918
2970,c,46.25291687573918,46.25291687573918
2971,t,46.25291687573918,46.25291687573918
2972,t,46.25291687573918,46.25291687573918
2973,c,46.25291687573918,46.25291687573918
2974,t,46.25291687573918,46.25291687573918
2975,c,46.25291687573918,46.25291687573918
2976,t,46.25291687573918,46.25291687573918
2977,t,46.25291687573918,46.25291687573918
2978,c,46.25291687573918,46.25291687573918
2979,c,46.25291687573918,46.25291687573918
2980,c,46.25291687573918,46.25291687573918
2981,c,46.25291687573918,46.25291687573918
2982,c,46.25291687573918,46.25291687573918
2983,c,46.25291687573918,46.25291687573918
2984,c,46.25291687573918,46.25291687573918
2985,c,46.25291687573918,46.25291687573918
2986,t,46.25291687573918,46.25291687573918
2987,c,46.25291687573918,46.25291687573918
2988,c,46.25291687573918,46.25291687573918
2989,t,46.25291687573918,46.25291687573918
2990,c,46.25291687573918,46.25291687573918
2991,c,46.25291687573918,46.25291687573918
2992,c,46.25291687573918,46.25291687573918
2993,c,46.25291687573918,46.25291687573918
2994,c,46.25291687573918,46.25291687573918
2995,c,46.25291687573918,46.25291687573918
2996,c,46.25291687573918,46.25291687573918
2997,c,46.25291687573918,46.25291687573918
2998,t,46.25291687573918,46.25291687573918
2999,t,46.25291687573918,46.25291687573918
3000,c,46.25291687573918,46.25291687573918
3001,c,46.25291687573918,46.25291687573918
3002,c,46.25291687573918,46.25291687573918
3003,c,46.25291687573918,46.25291687573918
3004,c,46.25291687573918,46.25291687573918
3005,c,46.25291687573918,46.25291687573918
3006,c,46.25291687573918,46.25291687573918
3007,t,46.25291687573918,46.25291687573918
3008,c,46.25291687573918,46.25291687573918
3009,c,46.25291687573918,46.25291687573918
3010,c,46.25291687573918,46.25291687573918
3011,na,0.2148454271685165,3.0222110554650214
3012,c,46.25291687573918,46.25291687573918
3013,c,46.25291687573918,46.25291687573918
3014,c,46.25291687573918,46.25291687573918
3015,c,46.25291687573918,46.25291687573918
3016,c,46.25291687573918,46.25291687573918
3017,t,46.25291687573918,46.25291687573918
3018,c,46.25291687573918,46.25291687573918
3019,c,46.25291687573918,46.25291687573918
3020,c,46.25291687573918,46.25291687573918
3021,c,46.25291687573918,46.25291687573918
3022,c,46.25291687573918,46.25291687573918
3023,c,46.25291687573918,46.25291687573918
3024,t,46.25291687573918,46.25291687573918
3025,c,46.25291687573918,46.25291687573918
3026,c,46.25291687573918,46.25291687573918
3027,c,46.25291687573918,46.25291687573918
3028,t,46.25291687573918,46.25291687573918
3029,c,46.25291687573918,46.25291687573918
3030,c,46.25291687573918,46.25291687573918
3031,c,46.25291687573918,46.25291687573918
3032,t,46.25291687573918,46.25291687573918
3033,c,46.25291687573918,46.25291687573918
3034,c,46.25291687573918,46.25291687573918
3035,c,46.25291687573918,46.25291687573918
3036,c,46.25291687573918,46.25291687573918
3037,c,46.25291687573918,46.25291687573918
3038,c,46.25291687573918,46.25291687573918
3039,t,46.25291687573918,46.25291687573918
3040,c,46.25291687573918,46.25291687573918
3041,c,46.25291687573918,46.25291687573918
3042,c,46.25291687573918,46.25291687573918
3043,c,46.25291687573918,46.25291687573918
3044,c,46.25291687573918,46.25291687573918
3045,t,46.25291687573918,46.25291687573918
3046,c,46.25291687573918,46.25291687573918
3047,c,46.25291687573918,46.25291687573918
3048,c,46.25291687573918,46.25291687573918
3049,c,46.25291687573918,46.25291687573918
3050,t,46.25291687573918,46.25291687573918
3051,t,46.25291687573918,46.25291687573918
3052,c,46.25291687573918,46.25291687573918
3053,c,46.25291687573918,46.25291687573918
3054,c,46.25291687573918,46.25291687573918
3055,c,46.25291687573918,46.25291687573918
3056,c,46.25291687573918,46.25291687573918
3057,t,46.25291687573918,46.25291687573918
3058,c,46.25291687573918,46.25291687573918
3059,t,46.25291687573918,46.25291687573918
3060,c,46.25291687573918,46.25291687573918
3061,c,46.25291687573918,46.25291687573918
3062,c,46.25291687573918,46.25291687573918
3063,t,46.25291687573918,46.25291687573918
3064,t,46.25291687573918,46.25291687573918
3065,c,46.25291687573918,46.25291687573918
3066,c,46.25291687573918,46.25291687573918
3067,c,46.25291687573918,46.25291687573918
3068,c,46.25291687573918,46.25291687573918
3069,c,46.25291687573918,46.25291687573918
3070,c,46.25291687573918,46.25291687573918
3071,t,46.25291687573918,46.25291687573918
3072,c,46.25291687573918,46.25291687573918
3073,na,0,0.49076600748279536
3074,c,14.243556716479,19.006228933741706
3075,t,46.25291687573918,46.25291687573918
3076,c,46.25291687573918,46.25291687573918
3077,t,46.25291687573918,46.25291687573918
3078,c,46.25291687573918,46.25291687573918
3079,c,46.25291687573918,46.25291687573918
3080,t,46.25291687573918,46.25291687573918
3081,c,46.25291687573918,46.25291687573918
3082,c,46.25291687573918,46.25291687573918
3083,na,-1,0
3084,c,46.25291687573918,46.25291687573918
3085,t,46.25291687573918,46.25291687573918
3086,c,46.25291687573918,46.25291687573918
3087,t,46.25291687573918,46.25291687573918
3088,c,23.832733321137727,24.33287281244743
3089,c,46.25291687573918,46.25291687573918
3090,c,46.25291687573918,46.25291687573918
3091,t,46.25291687573918,46.25291687573918
3092,c,46.25291687573918,46.25291687573918
3093,c,46.25291687573918,46.25291687573918
3094,c,46.25291687573918,46.25291687573918
3095,c,46.25291687573918,46.25291687573918
3096,c,46.25291687573918,46.25291687573918
3097,c,46.25291687573918,46.25291687573918
3098,c,46.25291687573918,46.25291687573918
3099,c,46.25291687573918,46.25291687573918
3100,t,46.25291687573918,46.25291687573918
3101,t,46.25291687573918,46.25291687573918
3102,c,46.25291687573918,46.25291687573918
3103,c,46.25291687573918,46.25291687573918
3104,c,46.25291687573918,46.25291687573918
3105,t,46.25291687573918,46.25291687573918
3106,c,46.25291687573918,46.25291687573918
3107,c,12.953795863529296,13.000588626638313
3108,c,46.25291687573918,46.25291687573918
3109,t,46.25291687573918,46.25291687573918
3110,c,46.25291687573918,46.25291687573918
3111,c,46.25291687573918,46.25291687573918
3112,c,46.25291687573918,46.25291687573918
3113,c,46.25291687573918,46.25291687573918
3114,t,46.25291687573918,46.25291687573918
3115,c,46.25291687573918,46.25291687573918
3116,c,18.127447608171433,24.435567628509467
3117,c,46.25291687573918,46.25291687573918
3118,c,46.25291687573918,46.25291687573918
3119,c,46.25291687573918,46.25291687573918
3120,c,46.25291687573918,46.25291687573918
3121,c,46.25291687573918,46.25291687573918
3122,c,46.25291687573918,46.25291687573918
3123,c,46.25291687573918,46.25291687573918
3124,t,46.25291687573918,46.25291687573918
3125,c,46.25291687573918,46.25291687573918
3126,c,46.25291687573918,46.25291687573918
3127,c,18.071948881858933,25.51749714689162
3128,c,46.25291687573918,46.25291687573918
3129,c,46.25291687573918,46.25291687573918
3130,c,46.25291687573918,46.25291687573918
3131,c,46.25291687573918,46.25291687573918
3132,t,46.25291687573918,46.25291687573918
3133,t,46.25291687573918,46.25291687573918
3134,t,46.25291687573918,46.25291687573918
3135,c,46.25291687573918,46.25291687573918
3136,t,46.25291687573918,46.25291687573918
3137,c,46.25291687573918,46.25291687573918
3138,c,46.25291687573918,46.25291687573918
3139,t,46.25291687573918,46.25291687573918
3140,c,46.25291687573918,46.25291687573918
3141,c,46.25291687573918,46.25291687573918
3142,c,46.25291687573918,46.25291687573918
3143,c,46.25291687573918,46.25291687573918
3144,t,46.25291687573918,46.25291687573918
3145,c,46.25291687573918,46.25291687573918
3146,c,46.25291687573918,46.25291687573918
3147,c,46.25291687573918,46.25291687573918
3148,t,46.25291687573918,46.25291687573918
3149,c,46.25291687573918,46.25291687573918
3150,c,46.25291687573918,46.25291687573918
3151,c,46.25291687573918,46.25291687573918
3152,c,46.25291687573918,46.25291687573918
3153,c,46.25291687573918,46.25291687573918
3154,c,46.25291687573918,46.25291687573918
3155,c,46.25291687573918,46.25291687573918
3156,t,46.25291687573918,46.25291687573918
3157,c,6.389361602783388,8.294124866283214
3158,c,46.25291687573918,46.25291687573918
3159,c,46.25291687573918,46.25291687573918
3160,c,46.25291687573918,46.25291687573918
3161,c,46.25291687573918,46.25291687573918
3162,c,46.25291687573918,46.25291687573918
3163,c,46.25291687573918,46.25291687573918
3164,t,46.25291687573918,46.25291687573918
3165,c,46.25291687573918,46.25291687573918
3166,c,46.25291687573918,46.25291687573918
3167,t,46.25291687573918,46.25291687573918
3168,t,46.25291687573918,46.25291687573918
3169,t,46.25291687573918,46.25291687573918
3170,c,46.25291687573918,46.25291687573918
3171,c,46.25291687573918,46.25291687573918
3172,c,46.25291687573918,46.25291687573918
3173,c,46.25291687573918,46.25291687573918
3174,t,46.25291687573918,46.25291687573918
3175,c,46.25291687573918,46.25291687573918
3176,c,46.25291687573918,46.25291687573918
3177,c,46.25291687573918,46.25291687573918
3178,c,46.25291687573918,46.25291687573918
3179,c,46.25291687573918,46.25291687573918
3180,c,46.25291687573918,46.25291687573918
3181,c,46.25291687573918,46.25291687573918
3182,t,46.25291687573918,46.25291687573918
3183,c,46.25291687573918,46.25291687573918
3184,c,46.25291687573918,46.25291687573918
3185,t,46.25291687573918,46.25291687573918
3186,t,46.25291687573918,46.25291687573918
3187,c,46.25291687573918,46.25291687573918
3188,c,46.25291687573918,46.25291687573918
3189,c,46.25291687573918,46.25291687573918
3190,c,46.25291687573918,46.25291687573918
3191,c,46.25291687573918,46.25291687573918
3192,t,46.25291687573918,46.25291687573918
3193,c,46.25291687573918,46.25291687573918
3194,c,46.25291687573918,46.25291687573918
3195,c,46.25291687573918,46.25291687573918
3196,c,46.25291687573918,46.25291687573918
3197,t,46.25291687573918,46.25291687573918
3198,c,46.25291687573918,46.25291687573918
3199,c,46.25291687573918,46.25291687573918
3200,t,46.25291687573918,46.25291687573918
3201,t,46.25291687573918,46.25291687573918
3202,c,46.25291687573918,46.25291687573918
3203,c,46.25291687573918,46.25291687573918
3204,c,46.25291687573918,46.25291687573918
3205,c,46.25291687573918,46.25291687573918
3206,c,46.25291687573918,46.25291687573918
3207,na,10.900540014145172,12.341485948200987
3208,c,46.25291687573918,46.25291687573918
3209,c,46.25291687573918,46.25291687573918
3210,t,46.25291687573918,46.25291687573918
3211,c,46.25291687573918,46.25291687573918
3212,t,46.25291687573918,46.25291687573918
3213,c,46.25291687573918,46.25291687573918
3214,c,46.25291687573918,46.25291687573918
3215,t,46.25291687573918,46.25291687573918
3216,c,46.25291687573918,46.25291687573918
3217,c,18.708274023853033,24.531164624117764
3218,c,46.25291687573918,46.25291687573918
3219,t,46.25291687573918,46.25291687573918
3220,c,46.25291687573918,46.25291687573918
3221,c,46.25291687573918,46.25291687573918
3222,c,46.25291687573918,46.25291687573918
3223,c,46.25291687573918,46.25291687573918
3224,c,46.25291687573918,46.25291687573918
3225,c,12.372277034251276,15.258232270731803
3226,c,46.25291687573918,46.25291687573918
3227,c,46.25291687573918,46.25291687573918
3228,c,46.25291687573918,46.25291687573918
3229,c,46.25291687573918,46.25291687573918
3230,c,46.25291687573918,46.25291687573918
3231,c,46.25291687573918,46.25291687573918
3232,c,46.25291687573918,46.25291687573918
3233,c,46.25291687573918,46.25291687573918
3234,c,46.25291687573918,46.25291687573918
3235,c,46.25291687573918,46.25291687573918
3236,c,46.25291687573918,46.25291687573918
3237,c,46.25291687573918,46.25291687573918
3238,c,46.25291687573918,46.25291687573918
3239,c,46.25291687573918,46.25291687573918
3240,c,46.25291687573918,46.25291687573918
3241,c,46.25291687573918,46.25291687573918
3242,c,46.25291687573918,46.25291687573918
3243,t,46.25291687573918,46.25291687573918
3244,c,46.25291687573918,46.25291687573918
3245,t,46.25291687573918,46.25291687573918
3246,c,46.25291687573918,46.25291687573918
3247,c,46.25291687573918,46.25291687573918
3248,t,46.25291687573918,46.25291687573918
3249,c,46.25291687573918,46.25291687573918
3250,c,46.25291687573918,46.25291687573918
3251,c,46.25291687573918,46.25291687573918
3252,c,46.25291687573918,46.25291687573918
3253,c,46.25291687573918,46.25291687573918
3254,c,46.25291687573918,46.25291687573918
3255,c,46.25291687573918,46.25291687573918
3256,c,46.25291687573918,46.25291687573918
3257,t,46.25291687573918,46.25291687573918
3258,c,46.25291687573918,46.25291687573918
3259,c,46.25291687573918,46.25291687573918
3260,c,46.25291687573918,46.25291687573918
3261,t,46.25291687573918,46.25291687573918
3262,c,46.25291687573918,46.25291687573918
3263,t,46.25291687573918,46.25291687573918
3264,c,46.25291687573918,46.25291687573918
3265,c,46.25291687573918,46.25291687573918
3266,c,46.25291687573918,46.25291687573918
3267,c,46.25291687573918,46.25291687573918
3268,c,46.25291687573918,46.25291687573918
3269,t,46.25291687573918,46.25291687573918
3270,t,46.25291687573918,46.25291687573918
3271,t,46.25291687573918,46.25291687573918
3272,c,46.25291687573918,46.25291687573918
3273,t,46.25291687573918,46.25291687573918
3274,c,46.25291687573918,46.25291687573918
3275,c,46.25291687573918,46.25291687573918
3276,c,11.525683758731711,19.337697048686856
3277,c,46.25291687573918,46.25291687573918
3278,c,46.25291687573918,46.25291687573918
3279,c,46.25291687573918,46.25291687573918
3280,t,46.25291687573918,46.25291687573918
3281,c,46.25291687573918,46.25291687573918
3282,c,46.25291687573918,46.25291687573918
3283,c,46.25291687573918,46.25291687573918
3284,c,46.25291687573918,46.25291687573918
3285,c,46.25291687573918,46.25291687573918
3286,t,46.25291687573918,46.25291687573918
3287,c,46.25291687573918,46.25291687573918
3288,c,46.25291687573918,46.25291687573918
3289,t,46.25291687573918,46.25291687573918
3290,c,4.573124030818021,7.771223374091889
3291,c,46.25291687573918,46.25291687573918
3292,t,46.25291687573918,46.25291687573918
3293,c,46.25291687573918,46.25291687573918
3294,c,46.25291687573918,46.25291687573918
3295,c,46.25291687573918,46.25291687573918
3296,t,46.25291687573918,46.25291687573918
3297,c,46.25291687573918,46.25291687573918
3298,c,46.25291687573918,46.25291687573918
3299,c,46.25291687573918,46.25291687573918
3300,c,46.25291687573918,46.25291687573918
3301,t,46.25291687573918,46.25291687573918
3302,c,46.25291687573918,46.25291687573918
3303,c,46.25291687573918,46.25291687573918
3304,t,46.25291687573918,46.25291687573918
3305,c,46.25291687573918,46.25291687573918
3306,t,46.25291687573918,46.25291687573918
3307,c,46.25291687573918,46.25291687573918
3308,c,46.25291687573918,46.25291687573918
3309,t,46.25291687573918,46.25291687573918
3310,t,46.25291687573918,46.25291687573918
3311,t,46.25291687573918,46.25291687573918
3312,t,46.25291687573918,46.25291687573918
3313,c,46.25291687573918,46.25291687573918
3314,c,46.25291687573918,46.25291687573918
3315,c,46.25291687573918,46.25291687573918
3316,c,46.25291687573918,46.25291687573918
3317,c,16.001472371125793,18.480124444929938
3318,c,46.25291687573918,46.25291687573918
3319,c,46.25291687573918,46.25291687573918
3320,t,46.25291687573918,46.25291687573918
3321,t,46.25291687573918,46.25291687573918
3322,t,46.25291687573918,46.25291687573918
3323,c,46.25291687573918,46.25291687573918
3324,t,46.25291687573918,46.25291687573918
3325,c,46.25291687573918,46.25291687573918
3326,t,46.25291687573918,46.25291687573918
3327,c,0.5597819905683896,3.823084728706968
3328,c,46.25291687573918,46.25291687573918
3329,c,46.25291687573918,46.25291687573918
3330,c,46.25291687573918,46.25291687573918
3331,c,46.25291687573918,46.25291687573918
3332,c,46.25291687573918,46.25291687573918
3333,t,46.25291687573918,46.25291687573918
3334,na,8.047044040317719,9.849679487609773
3335,c,46.25291687573918,46.25291687573918
3336,c,46.25291687573918,46.25291687573918
3337,c,46.25291687573918,46.25291687573918
3338,na,0,2.547826008412317
3339,c,46.25291687573918,46.25291687573918
3340,c,46.25291687573918,46.25291687573918
3341,c,46.25291687573918,46.25291687573918
3342,t,46.25291687573918,46.25291687573918
3343,c,46.25291687573918,46.25291687573918
3344,c,46.25291687573918,46.25291687573918
3345,c,46.25291687573918,46.25291687573918
3346,t,46.25291687573918,46.25291687573918
3347,c,46.25291687573918,46.25291687573918
3348,c,46.25291687573918,46.25291687573918
3349,c,46.25291687573918,46.25291687573918
3350,c,46.25291687573918,46.25291687573918
3351,c,46.25291687573918,46.25291687573918
3352,c,46.25291687573918,46.25291687573918
3353,c,46.25291687573918,46.25291687573918
3354,c,46.25291687573918,46.25291687573918
3355,c,46.25291687573918,46.25291687573918
3356,c,21.05901748617034,21.23666140948654
3357,c,46.25291687573918,46.25291687573918
3358,c,46.25291687573918,46.25291687573918
3359,c,46.25291687573918,46.25291687573918
3360,c,46.25291687573918,46.25291687573918
3361,c,14.202199157938159,18.597589759476232
3362,c,46.25291687573918,46.25291687573918
3363,c,46.25291687573918,46.25291687573918
3364,c,46.25291687573918,46.25291687573918
3365,c,46.25291687573918,46.25291687573918
3366,c,46.25291687573918,46.25291687573918
3367,c,46.25291687573918,46.25291687573918
3368,c,46.25291687573918,46.25291687573918
3369,c,46.25291687573918,46.25291687573918
3370,c,46.25291687573918,46.25291687573918
3371,t,46.25291687573918,46.25291687573918
3372,t,46.25291687573918,46.25291687573918
3373,c,46.25291687573918,46.25291687573918
3374,c,46.25291687573918,46.25291687573918
3375,t,46.25291687573918,46.25291687573918
3376,c,46.25291687573918,46.25291687573918
3377,c,46.25291687573918,46.25291687573918
3378,c,46.25291687573918,46.25291687573918
3379,c,46.25291687573918,46.25291687573918
3380,c,46.25291687573918,46.25291687573918
3381,c,46.25291687573918,46.25291687573918
3382,c,46.25291687573918,46.25291687573918
3383,t,46.25291687573918,46.25291687573918
3384,c,46.25291687573918,46.25291687573918
3385,c,46.25291687573918,46.25291687573918
3386,c,46.25291687573918,46.25291687573918
3387,c,46.25291687573918,46.25291687573918
3388,c,46.25291687573918,46.25291687573918
3389,c,46.25291687573918,46.25291687573918
3390,c,46.25291687573918,46.25291687573918
3391,c,46.25291687573918,46.25291687573918
3392,c,16.6115690763928,37.81108285185176
3393,c,46.25291687573918,46.25291687573918
3394,c,46.25291687573918,46.25291687573918
3395,c,46.25291687573918,46.25291687573918
3396,c,46.25291687573918,46.25291687573918
3397,c,46.25291687573918,46.25291687573918
3398,c,46.25291687573918,46.25291687573918
3399,c,46.25291687573918,46.25291687573918
3400,c,46.25291687573918,46.25291687573918
3401,t,46.25291687573918,46.25291687573918
3402,t,46.25291687573918,46.25291687573918
3403,c,46.25291687573918,46.25291687573918
3404,c,46.25291687573918,46.25291687573918
3405,c,46.25291687573918,46.25291687573918
3406,c,46.25291687573918,46.25291687573918
3407,c,46.25291687573918,46.25291687573918
3408,c,46.25291687573918,46.25291687573918
3409,t,46.25291687573918,46.25291687573918
3410,c,46.25291687573918,46.25291687573918
3411,c,46.25291687573918,46.25291687573918
3412,t,46.25291687573918,46.25291687573918
3413,c,46.25291687573918,46.25291687573918
3414,c,46.25291687573918,46.25291687573918
3415,c,46.25291687573918,46.25291687573918
3416,c,46.25291687573918,46.25291687573918
3417,c,46.25291687573918,46.25291687573918
3418,c,11.543648202551351,21.168382181333804
3419,c,46.25291687573918,46.25291687573918
3420,c,46.25291687573918,46.25291687573918
3421,c,46.25291687573918,46.25291687573918
3422,c,46.25291687573918,46.25291687573918
3423,c,46.25291687573918,46.25291687573918
3424,c,46.25291687573918,46.25291687573918
3425,c,46.25291687573918,46.25291687573918
3426,c,46.25291687573918,46.25291687573918
3427,c,46.25291687573918,46.25291687573918
3428,c,46.25291687573918,46.25291687573918
3429,t,46.25291687573918,46.25291687573918
3430,c,46.25291687573918,46.25291687573918
3431,c,46.25291687573918,46.25291687573918
3432,t,46.25291687573918,46.25291687573918
3433,c,46.25291687573918,46.25291687573918
3434,c,46.25291687573918,46.25291687573918
3435,t,46.25291687573918,46.25291687573918
3436,t,46.25291687573918,46.25291687573918
3437,t,46.25291687573918,46.25291687573918
3438,c,46.25291687573918,46.25291687573918
3439,c,46.25291687573918,46.25291687573918
3440,c,46.25291687573918,46.25291687573918
3441,c,46.25291687573918,46.25291687573918
3442,c,46.25291687573918,46.25291687573918
3443,c,46.25291687573918,46.25291687573918
3444,t,46.25291687573918,46.25291687573918
3445,t,46.25291687573918,46.25291687573918
3446,c,46.25291687573918,46.25291687573918
3447,c,46.25291687573918,46.25291687573918
3448,c,46.25291687573918,46.25291687573918
3449,c,46.25291687573918,46.25291687573918
3450,c,46.25291687573918,46.25291687573918
3451,t,46.25291687573918,46.25291687573918
3452,c,46.25291687573918,46.25291687573918
3453,c,46.25291687573918,46.25291687573918
3454,t,46.25291687573918,46.25291687573918
3455,c,46.25291687573918,46.25291687573918
3456,c,4.5398698597382525,14.371423688593524
3457,c,46.25291687573918,46.25291687573918
3458,c,46.25291687573918,46.25291687573918
3459,c,46.25291687573918,46.25291687573918
3460,c,46.25291687573918,46.25291687573918
3461,c,46.25291687573918,46.25291687573918
3462,c,46.25291687573918,46.25291687573918
3463,c,46.25291687573918,46.25291687573918
3464,t,46.25291687573918,46.25291687573918
3465,c,46.25291687573918,46.25291687573918
3466,c,46.25291687573918,46.25291687573918
3467,c,46.25291687573918,46.25291687573918
3468,c,46.25291687573918,46.25291687573918
3469,t,46.25291687573918,46.25291687573918
3470,c,46.25291687573918,46.25291687573918
3471,c,46.25291687573918,46.25291687573918
3472,c,46.25291687573918,46.25291687573918
3473,c,46.25291687573918,46.25291687573918
3474,c,46.25291687573918,46.25291687573918
3475,c,46.25291687573918,46.25291687573918
3476,c,46.25291687573918,46.25291687573918
3477,c,46.25291687573918,46.25291687573918
3478,c,46.25291687573918,46.25291687573918
3479,c,46.25291687573918,46.25291687573918
3480,c,46.25291687573918,46.25291687573918
3481,c,46.25291687573918,46.25291687573918
3482,c,46.25291687573918,46.25291687573918
3483,t,46.25291687573918,46.25291687573918
3484,c,46.25291687573918,46.25291687573918
3485,c,46.25291687573918,46.25291687573918
3486,c,46.25291687573918,46.25291687573918
3487,c,46.25291687573918,46.25291687573918
3488,c,46.25291687573918,46.25291687573918
3489,c,46.25291687573918,46.25291687573918
3490,c,46.25291687573918,46.25291687573918
3491,c,46.25291687573918,46.25291687573918
3492,c,46.25291687573918,46.25291687573918
3493,c,46.25291687573918,46.25291687573918
3494,c,46.25291687573918,46.25291687573918
3495,c,46.25291687573918,46.25291687573918
3496,c,46.25291687573918,46.25291687573918
3497,c,46.25291687573918,46.25291687573918
3498,c,46.25291687573918,46.25291687573918
3499,c,46.25291687573918,46.25291687573918
3500,c,46.25291687573918,46.25291687573918
3501,c,46.25291687573918,46.25291687573918
3502,c,46.25291687573918,46.25291687573918
3503,t,46.25291687573918,46.25291687573918
3504,c,46.25291687573918,46.25291687573918
3505,t,46.25291687573918,46.25291687573918
3506,c,46.25291687573918,46.25291687573918
3507,c,46.25291687573918,46.25291687573918
3508,c,46.25291687573918,46.25291687573918
3509,t,46.25291687573918,46.25291687573918
3510,t,46.25291687573918,46.25291687573918
3511,c,46.25291687573918,46.25291687573918
3512,c,46.25291687573918,46.25291687573918
3513,c,46.25291687573918,46.25291687573918
3514,c,46.25291687573918,46.25291687573918
3515,c,46.25291687573918,46.25291687573918
3516,c,11.010515387890868,15.214354207772352
3517,t,46.25291687573918,46.25291687573918
3518,c,46.25291687573918,46.25291687573918
3519,c,46.25291687573918,46.25291687573918
3520,c,46.25291687573918,46.25291687573918
3521,c,46.25291687573918,46.25291687573918
3522,t,46.25291687573918,46.25291687573918
3523,c,46.25291687573918,46.25291687573918
3524,t,46.25291687573918,46.25291687573918
3525,c,46.25291687573918,46.25291687573918
3526,c,46.25291687573918,46.25291687573918
3527,c,46.25291687573918,46.25291687573918
3528,c,5.790684308463907,18.988071441310318
3529,c,46.25291687573918,46.25291687573918
3530,t,46.25291687573918,46.25291687573918
3531,c,46.25291687573918,46.25291687573918
3532,t,46.25291687573918,46.25291687573918
3533,c,46.25291687573918,46.25291687573918
3534,c,46.25291687573918,46.25291687573918
3535,c,46.25291687573918,46.25291687573918
3536,c,46.25291687573918,46.25291687573918
3537,c,15.450171959938048,17.64194412010146
3538,c,46.25291687573918,46.25291687573918
3539,c,46.25291687573918,46.25291687573918
3540,t,46.25291687573918,46.25291687573918
3541,c,16.971314837346902,21.054670381577353
3542,c,5.261159309204458,14.391092439648489
3543,t,46.25291687573918,46.25291687573918
3544,c,46.25291687573918,46.25291687573918
3545,c,46.25291687573918,46.25291687573918
3546,t,46.25291687573918,46.25291687573918
3547,c,46.25291687573918,46.25291687573918
3548,c,46.25291687573918,46.25291687573918
3549,c,46.25291687573918,46.25291687573918
3550,t,46.25291687573918,46.25291687573918
3551,c,46.25291687573918,46.25291687573918
3552,t,46.25291687573918,46.25291687573918
3553,c,29.376717466920155,31.113751826219843
3554,c,46.25291687573918,46.25291687573918
3555,c,8.98894150857513,12.787550431786972
3556,c,46.25291687573918,46.25291687573918
3557,c,46.25291687573918,46.25291687573918
3558,c,46.25291687573918,46.25291687573918
3559,c,46.25291687573918,46.25291687573918
3560,t,46.25291687573918,46.25291687573918
3561,c,46.25291687573918,46.25291687573918
3562,t,46.25291687573918,46.25291687573918
3563,t,46.25291687573918,46.25291687573918
3564,c,46.25291687573918,46.25291687573918
3565,c,46.25291687573918,46.25291687573918
3566,c,46.25291687573918,46.25291687573918
3567,c,46.25291687573918,46.25291687573918
3568,c,46.25291687573918,46.25291687573918
3569,t,46.25291687573918,46.25291687573918
3570,c,46.25291687573918,46.25291687573918
3571,c,46.25291687573918,46.25291687573918
3572,c,46.25291687573918,46.25291687573918
3573,c,46.25291687573918,46.25291687573918
3574,c,46.25291687573918,46.25291687573918
3575,t,46.25291687573918,46.25291687573918
3576,c,46.25291687573918,46.25291687573918
3577,c,14.26793882070099,15.925128088678976
3578,t,46.25291687573918,46.25291687573918
3579,c,46.25291687573918,46.25291687573918
3580,t,46.25291687573918,46.25291687573918
3581,c,46.25291687573918,46.25291687573918
3582,c,46.25291687573918,46.25291687573918
3583,t,46.25291687573918,46.25291687573918
3584,c,46.25291687573918,46.25291687573918
3585,c,46.25291687573918,46.25291687573918
3586,c,46.25291687573918,46.25291687573918
3587,t,46.25291687573918,46.25291687573918
3588,c,46.25291687573918,46.25291687573918
3589,c,46.25291687573918,46.25291687573918
3590,t,46.25291687573918,46.25291687573918
3591,c,46.25291687573918,46.25291687573918
3592,c,46.25291687573918,46.25291687573918
3593,c,46.25291687573918,46.25291687573918
3594,c,46.25291687573918,46.25291687573918
3595,t,46.25291687573918,46.25291687573918
3596,c,46.25291687573918,46.25291687573918
3597,t,46.25291687573918,46.25291687573918
3598,c,46.25291687573918,46.25291687573918
3599,t,46.25291687573918,46.25291687573918
3600,c,46.25291687573918,46.25291687573918
3601,t,46.25291687573918,46.25291687573918
3602,c,46.25291687573918,46.25291687573918
3603,c,46.25291687573918,46.25291687573918
3604,c,46.25291687573918,46.25291687573918
3605,c,46.25291687573918,46.25291687573918
3606,c,46.25291687573918,46.25291687573918
3607,c,46.25291687573918,46.25291687573918
3608,c,46.25291687573918,46.25291687573918
3609,c,46.25291687573918,46.25291687573918
3610,c,46.25291687573918,46.25291687573918
3611,t,46.25291687573918,46.25291687573918
3612,c,46.25291687573918,46.25291687573918
3613,c,46.25291687573918,46.25291687573918
3614,t,46.25291687573918,46.25291687573918
3615,c,46.25291687573918,46.25291687573918
3616,c,46.25291687573918,46.25291687573918
3617,c,46.25291687573918,46.25291687573918
3618,c,46.25291687573918,46.25291687573918
3619,c,46.25291687573918,46.25291687573918
3620,c,46.25291687573918,46.25291687573918
3621,c,23.398702179178816,23.58478315332861
3622,t,46.25291687573918,46.25291687573918
3623,c,10.141598662915166,16.644579877633145
3624,c,46.25291687573918,46.25291687573918
3625,c,5.386198252705744,5.5334401132546684
3626,t,46.25291687573918,46.25291687573918
3627,t,46.25291687573918,46.25291687573918
3628,c,46.25291687573918,46.25291687573918
3629,c,46.25291687573918,46.25291687573918
3630,c,46.25291687573918,46.25291687573918
3631,c,46.25291687573918,46.25291687573918
3632,c,46.25291687573918,46.25291687573918
3633,c,46.25291687573918,46.25291687573918
3634,na,7.972481538998349,16.29250143618932
3635,c,46.25291687573918,46.25291687573918
3636,c,17.603399932792826,23.66314833969155
3637,c,46.25291687573918,46.25291687573918
3638,c,46.25291687573918,46.25291687573918
3639,c,46.25291687573918,46.25291687573918
3640,c,46.25291687573918,46.25291687573918
3641,t,46.25291687573918,46.25291687573918
3642,c,46.25291687573918,46.25291687573918
3643,na,8.526071405440042,9.22172983504646
3644,c,46.25291687573918,46.25291687573918
3645,c,46.25291687573918,46.25291687573918
3646,c,46.25291687573918,46.25291687573918
3647,c,46.25291687573918,46.25291687573918
3648,c,46.25291687573918,46.25291687573918
3649,c,46.25291687573918,46.25291687573918
3650,c,4.295095019046732,11.967137572987303
3651,c,46.25291687573918,46.25291687573918
3652,c,46.25291687573918,46.25291687573918
3653,c,46.25291687573918,46.25291687573918
3654,c,46.25291687573918,46.25291687573918
3655,c,46.25291687573918,46.25291687573918
3656,t,46.25291687573918,46.25291687573918
3657,c,46.25291687573918,46.25291687573918
3658,c,46.25291687573918,46.25291687573918
3659,t,46.25291687573918,46.25291687573918
3660,c,46.25291687573918,46.25291687573918
3661,c,46.25291687573918,46.25291687573918
3662,c,46.25291687573918,46.25291687573918
3663,c,46.25291687573918,46.25291687573918
3664,c,46.25291687573918,46.25291687573918
3665,c,46.25291687573918,46.25291687573918
3666,c,46.25291687573918,46.25291687573918
3667,c,46.25291687573918,46.25291687573918
3668,c,46.25291687573918,46.25291687573918
3669,c,6.245893658295816,14.630857558310078
3670,c,46.25291687573918,46.25291687573918
3671,c,46.25291687573918,46.25291687573918
3672,c,46.25291687573918,46.25291687573918
3673,c,46.25291687573918,46.25291687573918
3674,t,46.25291687573918,46.25291687573918
3675,c,46.25291687573918,46.25291687573918
3676,t,46.25291687573918,46.25291687573918
3677,c,46.25291687573918,46.25291687573918
3678,c,46.25291687573918,46.25291687573918
3679,c,46.25291687573918,46.25291687573918
3680,c,46.25291687573918,46.25291687573918
3681,c,46.25291687573918,46.25291687573918
3682,t,46.25291687573918,46.25291687573918
3683,c,46.25291687573918,46.25291687573918
3684,c,46.25291687573918,46.25291687573918
3685,t,46.25291687573918,46.25291687573918
3686,c,46.25291687573918,46.25291687573918
3687,c,46.25291687573918,46.25291687573918
3688,c,46.25291687573918,46.25291687573918
3689,t,46.25291687573918,46.25291687573918
3690,c,46.25291687573918,46.25291687573918
3691,c,46.25291687573918,46.25291687573918
3692,c,46.25291687573918,46.25291687573918
3693,c,46.25291687573918,46.25291687573918
3694,c,46.25291687573918,46.25291687573918
3695,c,46.25291687573918,46.25291687573918
3696,na,2.6017227590970293,3.2867636081416385
3697,t,46.25291687573918,46.25291687573918
3698,c,46.25291687573918,46.25291687573918
3699,c,46.25291687573918,46.25291687573918
3700,c,46.25291687573918,46.25291687573918
3701,c,46.25291687573918,46.25291687573918
3702,c,46.25291687573918,46.25291687573918
3703,c,46.25291687573918,46.25291687573918
3704,c,46.25291687573918,46.25291687573918
3705,c,46.25291687573918,46.25291687573918
3706,t,46.25291687573918,46.25291687573918
3707,c,46.25291687573918,46.25291687573918
3708,c,46.25291687573918,46.25291687573918
3709,c,46.25291687573918,46.25291687573918
3710,c,8.037483378510549,21.46053949799102
3711,t,46.25291687573918,46.25291687573918
3712,c,46.25291687573918,46.25291687573918
3713,c,11.281805151778965,12.936671377701266
3714,c,46.25291687573918,46.25291687573918
3715,c,46.25291687573918,46.25291687573918
3716,c,46.25291687573918,46.25291687573918
3717,c,46.25291687573918,46.25291687573918
3718,t,46.25291687573918,46.25291687573918
3719,c,46.25291687573918,46.25291687573918
3720,t,46.25291687573918,46.25291687573918
3721,na,0.450159106162487,1.7635079165632308
3722,c,46.25291687573918,46.25291687573918
3723,c,46.25291687573918,46.25291687573918
3724,c,46.25291687573918,46.25291687573918
3725,c,46.25291687573918,46.25291687573918
3726,na,0,3.441982357743351
3727,c,46.25291687573918,46.25291687573918
3728,c,46.25291687573918,46.25291687573918
3729,t,46.25291687573918,46.25291687573918
3730,c,46.25291687573918,46.25291687573918
3731,c,46.25291687573918,46.25291687573918
3732,t,46.25291687573918,46.25291687573918
3733,c,46.25291687573918,46.25291687573918
3734,c,46.25291687573918,46.25291687573918
3735,c,46.25291687573918,46.25291687573918
3736,c,46.25291687573918,46.25291687573918
3737,t,46.25291687573918,46.25291687573918
3738,c,46.25291687573918,46.25291687573918
3739,c,46.25291687573918,46.25291687573918
3740,c,46.25291687573918,46.25291687573918
3741,c,46.25291687573918,46.25291687573918
3742,t,46.25291687573918,46.25291687573918
3743,c,31.9974437650989,35.58600392726663
3744,t,46.25291687573918,46.25291687573918
3745,c,46.25291687573918,46.25291687573918
3746,c,46.25291687573918,46.25291687573918
3747,c,46.25291687573918,46.25291687573918
3748,c,46.25291687573918,46.25291687573918
3749,t,46.25291687573918,46.25291687573918
3750,c,46.25291687573918,46.25291687573918
3751,c,46.25291687573918,46.25291687573918
3752,c,46.25291687573918,46.25291687573918
3753,c,46.25291687573918,46.25291687573918
3754,c,46.25291687573918,46.25291687573918
3755,c,12.678984550931164,16.127193889268387
3756,c,46.25291687573918,46.25291687573918
3757,t,46.25291687573918,46.25291687573918
3758,c,46.25291687573918,46.25291687573918
3759,c,46.25291687573918,46.25291687573918
3760,t,46.25291687573918,46.25291687573918
3761,t,46.25291687573918,46.25291687573918
3762,na,13.027374379338125,28.671664820077478
3763,c,46.25291687573918,46.25291687573918
3764,c,46.25291687573918,46.25291687573918
3765,t,46.25291687573918,46.25291687573918
3766,c,46.25291687573918,46.25291687573918
3767,c,46.25291687573918,46.25291687573918
3768,c,46.25291687573918,46.25291687573918
3769,c,46.25291687573918,46.25291687573918
3770,c,46.25291687573918,46.25291687573918
3771,c,46.25291687573918,46.25291687573918
3772,c,46.25291687573918,46.25291687573918
3773,t,46.25291687573918,46.25291687573918
3774,c,46.25291687573918,46.25291687573918
3775,c,46.25291687573918,46.25291687573918
3776,c,46.25291687573918,46.25291687573918
3777,c,46.25291687573918,46.25291687573918
3778,c,46.25291687573918,46.25291687573918
3779,t,46.25291687573918,46.25291687573918
3780,c,46.25291687573918,46.25291687573918
3781,na,0.1630458039999028,3.4945093145778103
3782,c,46.25291687573918,46.25291687573918
3783,c,46.25291687573918,46.25291687573918
3784,c,46.25291687573918,46.25291687573918
3785,c,46.25291687573918,46.25291687573918
3786,t,46.25291687573918,46.25291687573918
3787,t,46.25291687573918,46.25291687573918
3788,c,46.25291687573918,46.25291687573918
3789,t,46.25291687573918,46.25291687573918
3790,c,46.25291687573918,46.25291687573918
3791,c,46.25291687573918,46.25291687573918
3792,c,46.25291687573918,46.25291687573918
3793,c,46.25291687573918,46.25291687573918
3794,c,46.25291687573918,46.25291687573918
3795,c,46.25291687573918,46.25291687573918
3796,c,46.25291687573918,46.25291687573918
3797,c,46.25291687573918,46.25291687573918
3798,t,46.25291687573918,46.25291687573918
3799,c,46.25291687573918,46.25291687573918
3800,c,46.25291687573918,46.25291687573918
3801,c,46.25291687573918,46.25291687573918
3802,c,46.25291687573918,46.25291687573918
3803,t,46.25291687573918,46.25291687573918
3804,c,46.25291687573918,46.25291687573918
3805,c,46.25291687573918,46.25291687573918
3806,c,46.25291687573918,46.25291687573918
3807,c,46.25291687573918,46.25291687573918
3808,t,46.25291687573918,46.25291687573918
3809,c,46.25291687573918,46.25291687573918
3810,c,46.25291687573918,46.25291687573918
3811,c,46.25291687573918,46.25291687573918
3812,c,46.25291687573918,46.25291687573918
3813,c,46.25291687573918,46.25291687573918
3814,na,-1,0
3815,c,46.25291687573918,46.25291687573918
3816,c,46.25291687573918,46.25291687573918
3817,t,46.25291687573918,46.25291687573918
3818,t,46.25291687573918,46.25291687573918
3819,c,46.25291687573918,46.25291687573918
3820,c,46.25291687573918,46.25291687573918
3821,t,46.25291687573918,46.25291687573918
3822,c,46.25291687573918,46.25291687573918
3823,c,46.25291687573918,46.25291687573918
3824,t,46.25291687573918,46.25291687573918
3825,c,46.25291687573918,46.25291687573918
3826,c,46.25291687573918,46.25291687573918
3827,c,46.25291687573918,46.25291687573918
3828,c,46.25291687573918,46.25291687573918
3829,c,46.25291687573918,46.25291687573918
3830,c,46.25291687573918,46.25291687573918
3831,c,46.25291687573918,46.25291687573918
3832,c,46.25291687573918,46.25291687573918
3833,c,46.25291687573918,46.25291687573918
3834,c,46.25291687573918,46.25291687573918
3835,c,46.25291687573918,46.25291687573918
3836,c,46.25291687573918,46.25291687573918
3837,c,46.25291687573918,46.25291687573918
3838,t,46.25291687573918,46.25291687573918
3839,c,46.25291687573918,46.25291687573918
3840,c,46.25291687573918,46.25291687573918
3841,c,46.25291687573918,46.25291687573918
3842,c,46.25291687573918,46.25291687573918
3843,c,46.25291687573918,46.25291687573918
3844,t,46.25291687573918,46.25291687573918
3845,c,46.25291687573918,46.25291687573918
3846,t,46.25291687573918,46.25291687573918
3847,c,46.25291687573918,46.25291687573918
3848,c,46.25291687573918,46.25291687573918
3849,c,46.25291687573918,46.25291687573918
3850,c,46.25291687573918,46.25291687573918
3851,c,46.25291687573918,46.25291687573918
3852,c,46.25291687573918,46.25291687573918
3853,c,46.25291687573918,46.25291687573918
3854,c,46.25291687573918,46.25291687573918
3855,c,46.25291687573918,46.25291687573918
3856,c,46.25291687573918,46.25291687573918
3857,c,46.25291687573918,46.25291687573918
3858,c,46.25291687573918,46.25291687573918
3859,c,46.25291687573918,46.25291687573918
3860,c,46.25291687573918,46.25291687573918
3861,t,46.25291687573918,46.25291687573918
3862,c,46.25291687573918,46.25291687573918
3863,c,46.25291687573918,46.25291687573918
3864,c,46.25291687573918,46.25291687573918
3865,c,46.25291687573918,46.25291687573918
3866,t,46.25291687573918,46.25291687573918
3867,t,46.25291687573918,46.25291687573918
3868,c,46.25291687573918,46.25291687573918
3869,c,46.25291687573918,46.25291687573918
3870,c,46.25291687573918,46.25291687573918
3871,c,46.25291687573918,46.25291687573918
3872,c,46.25291687573918,46.25291687573918
3873,c,46.25291687573918,46.25291687573918
3874,c,46.25291687573918,46.25291687573918
3875,t,46.25291687573918,46.25291687573918
3876,c,46.25291687573918,46.25291687573918
3877,c,46.25291687573918,46.25291687573918
3878,t,46.25291687573918,46.25291687573918
3879,c,46.25291687573918,46.25291687573918
3880,c,46.25291687573918,46.25291687573918
3881,c,46.25291687573918,46.25291687573918
3882,c,46.25291687573918,46.25291687573918
3883,c,7.4413172156161735,11.109893788368927
3884,c,46.25291687573918,46.25291687573918
3885,c,46.25291687573918,46.25291687573918
3886,c,46.25291687573918,46.25291687573918
3887,c,46.25291687573918,46.25291687573918
3888,c,46.25291687573918,46.25291687573918
3889,t,46.25291687573918,46.25291687573918
3890,c,46.25291687573918,46.25291687573918
3891,c,46.25291687573918,46.25291687573918
3892,c,46.25291687573918,46.25291687573918
3893,t,46.25291687573918,46.25291687573918
3894,c,46.25291687573918,46.25291687573918
3895,c,46.25291687573918,46.25291687573918
3896,t,46.25291687573918,46.25291687573918
3897,c,46.25291687573918,46.25291687573918
3898,c,46.25291687573918,46.25291687573918
3899,c,46.25291687573918,46.25291687573918
3900,c,46.25291687573918,46.25291687573918
3901,c,46.25291687573918,46.25291687573918
3902,c,46.25291687573918,46.25291687573918
3903,na,0,6.349540377279698
3904,c,46.25291687573918,46.25291687573918
3905,c,46.25291687573918,46.25291687573918
3906,c,46.25291687573918,46.25291687573918
3907,na,3.470187076792847,6.387195549445051
3908,c,46.25291687573918,46.25291687573918
3909,c,46.25291687573918,46.25291687573918
3910,c,46.25291687573918,46.25291687573918
3911,c,46.25291687573918,46.25291687573918
3912,t,46.25291687573918,46.25291687573918
3913,c,46.25291687573918,46.25291687573918
3914,t,46.25291687573918,46.25291687573918
3915,c,46.25291687573918,46.25291687573918
3916,c,46.25291687573918,46.25291687573918
3917,t,46.25291687573918,46.25291687573918
3918,c,46.25291687573918,46.25291687573918
3919,c,46.25291687573918,46.25291687573918
3920,c,46.25291687573918,46.25291687573918
3921,c,3.0420016287064224,3.111189364926283
3922,c,46.25291687573918,46.25291687573918
3923,t,46.25291687573918,46.25291687573918
3924,c,46.25291687573918,46.25291687573918
3925,c,46.25291687573918,46.25291687573918
3926,c,46.25291687573918,46.25291687573918
3927,c,46.25291687573918,46.25291687573918
3928,c,46.25291687573918,46.25291687573918
3929,t,46.25291687573918,46.25291687573918
3930,c,46.25291687573918,46.25291687573918
3931,t,46.25291687573918,46.25291687573918
3932,c,46.25291687573918,46.25291687573918
3933,c,46.25291687573918,46.25291687573918
3934,c,46.25291687573918,46.25291687573918
3935,c,46.25291687573918,46.25291687573918
3936,c,46.25291687573918,46.25291687573918
3937,c,46.25291687573918,46.25291687573918
3938,c,46.25291687573918,46.25291687573918
3939,t,46.25291687573918,46.25291687573918
3940,c,46.25291687573918,46.25291687573918
3941,c,46.25291687573918,46.25291687573918
3942,c,46.25291687573918,46.25291687573918
3943,c,13.731762196846006,17.339428527891297
3944,c,46.25291687573918,46.25291687573918
3945,c,46.25291687573918,46.25291687573918
3946,t,46.25291687573918,46.25291687573918
3947,t,46.25291687573918,46.25291687573918
3948,c,46.25291687573918,46.25291687573918
3949,c,46.25291687573918,46.25291687573918
3950,c,15.405593049199565,16.685991718819167
3951,c,46.25291687573918,46.25291687573918
3952,c,46.25291687573918,46.25291687573918
3953,c,46.25291687573918,46.25291687573918
3954,c,46.25291687573918,46.25291687573918
3955,c,46.25291687573918,46.25291687573918
3956,c,46.25291687573918,46.25291687573918
3957,c,46.25291687573918,46.25291687573918
3958,c,46.25291687573918,46.25291687573918
3959,c,46.25291687573918,46.25291687573918
3960,c,7.00015599927035,11.238099430684905
3961,c,46.25291687573918,46.25291687573918
3962,c,46.25291687573918,46.25291687573918
3963,t,46.25291687573918,46.25291687573918
3964,c,46.25291687573918,46.25291687573918
3965,c,46.25291687573918,46.25291687573918
3966,c,46.25291687573918,46.25291687573918
3967,t,46.25291687573918,46.25291687573918
3968,c,46.25291687573918,46.25291687573918
3969,c,46.25291687573918,46.25291687573918
3970,c,46.25291687573918,46.25291687573918
3971,c,46.25291687573918,46.25291687573918
3972,c,46.25291687573918,46.25291687573918
3973,c,46.25291687573918,46.25291687573918
3974,c,46.25291687573918,46.25291687573918
3975,c,46.25291687573918,46.25291687573918
3976,c,46.25291687573918,46.25291687573918
3977,c,46.25291687573918,46.25291687573918
3978,c,46.25291687573918,46.25291687573918
3979,c,46.25291687573918,46.25291687573918
3980,t,46.25291687573918,46.25291687573918
3981,c,46.25291687573918,46.25291687573918
3982,c,46.25291687573918,46.25291687573918
3983,c,46.25291687573918,46.25291687573918
3984,c,46.25291687573918,46.25291687573918
3985,c,46.25291687573918,46.25291687573918
3986,c,46.25291687573918,46.25291687573918
3987,c,46.25291687573918,46.25291687573918
3988,c,19.90864904946471,27.936328247739283
3989,t,46.25291687573918,46.25291687573918
3990,c,46.25291687573918,46.25291687573918
3991,c,46.25291687573918,46.25291687573918
3992,t,46.25291687573918,46.25291687573918
3993,c,46.25291687573918,46.25291687573918
3994,c,46.25291687573918,46.25291687573918
3995,c,46.25291687573918,46.25291687573918
3996,c,46.25291687573918,46.25291687573918
3997,c,46.25291687573918,46.25291687573918
3998,t,46.25291687573918,46.25291687573918
3999,c,46.25291687573918,46.25291687573918
4000,c,46.25291687573918,46.25291687573918
4001,c,46.25291687573918,46.25291687573918
4002,c,46.25291687573918,46.25291687573918
4003,t,46.25291687573918,46.25291687573918
4004,c,46.25291687573918,46.25291687573918
4005,c,46.25291687573918,46.25291687573918
4006,t,46.25291687573918,46.25291687573918
4007,c,46.25291687573918,46.25291687573918
4008,na,4.007250814408197,20.499693502846885
4009,c,46.25291687573918,46.25291687573918
4010,t,46.25291687573918,46.25291687573918
4011,c,46.25291687573918,46.25291687573918
4012,t,46.25291687573918,46.25291687573918
4013,t,46.25291687573918,46.25291687573918
4014,t,46.25291687573918,46.25291687573918
4015,t,46.25291687573918,46.25291687573918
4016,c,46.25291687573918,46.25291687573918
4017,t,46.25291687573918,46.25291687573918
4018,c,46.25291687573918,46.25291687573918
4019,c,46.25291687573918,46.25291687573918
4020,t,46.25291687573918,46.25291687573918
4021,c,46.25291687573918,46.25291687573918
4022,t,46.25291687573918,46.25291687573918
4023,t,46.25291687573918,46.25291687573918
4024,c,46.25291687573918,46.25291687573918
4025,t,46.25291687573918,46.25291687573918
4026,c,46.25291687573918,46.25291687573918
4027,c,46.25291687573918,46.25291687573918
4028,t,46.25291687573918,46.25291687573918
4029,c,46.25291687573918,46.25291687573918
4030,c,46.25291687573918,46.25291687573918
4031,c,46.25291687573918,46.25291687573918
4032,t,46.25291687573918,46.25291687573918
4033,t,46.25291687573918,46.25291687573918
4034,c,46.25291687573918,46.25291687573918
4035,c,46.25291687573918,46.25291687573918
4036,c,46.25291687573918,46.25291687573918
4037,c,46.25291687573918,46.25291687573918
4038,c,46.25291687573918,46.25291687573918
4039,c,46.25291687573918,46.25291687573918
4040,c,46.25291687573918,46.25291687573918
4041,c,46.25291687573918,46.25291687573918
4042,c,46.25291687573918,46.25291687573918
4043,c,26.635526489448672,30.199888867595224
4044,c,46.25291687573918,46.25291687573918
4045,c,46.25291687573918,46.25291687573918
4046,t,46.25291687573918,46.25291687573918
4047,c,19.676900376483214,24.323874866481205
4048,c,46.25291687573918,46.25291687573918
4049,c,46.25291687573918,46.25291687573918
4050,c,46.25291687573918,46.25291687573918
4051,c,46.25291687573918,46.25291687573918
4052,t,46.25291687573918,46.25291687573918
4053,c,3.7304501744670593,8.706733762246508
4054,c,46.25291687573918,46.25291687573918
4055,c,46.25291687573918,46.25291687573918
4056,c,46.25291687573918,46.25291687573918
4057,c,46.25291687573918,46.25291687573918
4058,c,46.25291687573918,46.25291687573918
4059,t,46.25291687573918,46.25291687573918
4060,c,46.25291687573918,46.25291687573918
4061,c,4.785242695754323,13.104258600854651
4062,c,46.25291687573918,46.25291687573918
4063,t,46.25291687573918,46.25291687573918
4064,c,46.25291687573918,46.25291687573918
4065,na,2.0428770278689754,7.052623204781386
4066,t,46.25291687573918,46.25291687573918
4067,c,46.25291687573918,46.25291687573918
4068,c,46.25291687573918,46.25291687573918
4069,c,46.25291687573918,46.25291687573918
4070,na,18.345880480941474,24.386057699440936
4071,c,46.25291687573918,46.25291687573918
4072,c,46.25291687573918,46.25291687573918
4073,c,46.25291687573918,46.25291687573918
4074,t,46.25291687573918,46.25291687573918
4075,c,46.25291687573918,46.25291687573918
4076,c,46.25291687573918,46.25291687573918
4077,c,46.25291687573918,46.25291687573918
4078,na,0,5.066001710523541
4079,c,46.25291687573918,46.25291687573918
4080,t,46.25291687573918,46.25291687573918
4081,c,46.25291687573918,46.25291687573918
4082,c,5.679330151328561,10.505947376970482
4083,c,46.25291687573918,46.25291687573918
4084,t,46.25291687573918,46.25291687573918
4085,c,46.25291687573918,46.25291687573918
4086,t,46.25291687573918,46.25291687573918
4087,t,46.25291687573918,46.25291687573918
4088,c,46.25291687573918,46.25291687573918
4089,c,46.25291687573918,46.25291687573918
4090,c,46.25291687573918,46.25291687573918
4091,c,46.25291687573918,46.25291687573918
4092,c,46.25291687573918,46.25291687573918
4093,c,46.25291687573918,46.25291687573918
4094,c,46.25291687573918,46.25291687573918
4095,c,46.25291687573918,46.25291687573918
4096,c,46.25291687573918,46.25291687573918
4097,c,46.25291687573918,46.25291687573918
4098,c,46.25291687573918,46.25291687573918
4099,c,46.25291687573918,46.25291687573918
4100,t,46.25291687573918,46.25291687573918
4101,t,46.25291687573918,46.25291687573918
4102,c,46.25291687573918,46.25291687573918
4103,c,46.25291687573918,46.25291687573918
4104,c,46.25291687573918,46.25291687573918
4105,c,46.25291687573918,46.25291687573918
4106,c,46.25291687573918,46.25291687573918
4107,c,46.25291687573918,46.25291687573918
4108,c,46.25291687573918,46.25291687573918
4109,t,46.25291687573918,46.25291687573918
4110,t,46.25291687573918,46.25291687573918
4111,c,46.25291687573918,46.25291687573918
4112,na,0,0.782824552859732
4113,c,46.25291687573918,46.25291687573918
4114,t,46.25291687573918,46.25291687573918
4115,c,46.25291687573918,46.25291687573918
4116,c,13.571672279355303,15.976869654396804
4117,c,46.25291687573918,46.25291687573918
4118,c,46.25291687573918,46.25291687573918
4119,c,46.25291687573918,46.25291687573918
4120,c,46.25291687573918,46.25291687573918
4121,c,1.3206328536782068,5.302308091970812
4122,t,46.25291687573918,46.25291687573918
4123,c,46.25291687573918,46.25291687573918
4124,t,46.25291687573918,46.25291687573918
4125,c,46.25291687573918,46.25291687573918
4126,c,46.25291687573918,46.25291687573918
4127,c,46.25291687573918,46.25291687573918
4128,c,6.155209417415625,7.813762314315084
4129,t,46.25291687573918,46.25291687573918
4130,na,7.471128460302593,11.085724724414506
4131,c,46.25291687573918,46.25291687573918
4132,c,46.25291687573918,46.25291687573918
4133,c,46.25291687573918,46.25291687573918
4134,c,46.25291687573918,46.25291687573918
4135,na,0,5.595616498802441
4136,c,46.25291687573918,46.25291687573918
4137,c,46.25291687573918,46.25291687573918
4138,c,46.25291687573918,46.25291687573918
4139,c,46.25291687573918,46.25291687573918
4140,na,18.966358654239283,27.328069151002232
4141,c,46.25291687573918,46.25291687573918
4142,c,46.25291687573918,46.25291687573918
4143,c,46.25291687573918,46.25291687573918
4144,t,46.25291687573918,46.25291687573918
4145,t,46.25291687573918,46.25291687573918
4146,c,46.25291687573918,46.25291687573918
4147,c,46.25291687573918,46.25291687573918
4148,c,46.25291687573918,46.25291687573918
4149,c,46.25291687573918,46.25291687573918
4150,c,46.25291687573918,46.25291687573918
4151,c,46.25291687573918,46.25291687573918
4152,c,46.25291687573918,46.25291687573918
4153,c,46.25291687573918,46.25291687573918
4154,t,46.25291687573918,46.25291687573918
4155,na,0,0.07994290308087164
4156,c,46.25291687573918,46.25291687573918
4157,c,46.25291687573918,46.25291687573918
4158,c,46.25291687573918,46.25291687573918
4159,c,46.25291687573918,46.25291687573918
4160,c,46.25291687573918,46.25291687573918
4161,c,46.25291687573918,46.25291687573918
4162,t,46.25291687573918,46.25291687573918
4163,c,46.25291687573918,46.25291687573918
4164,c,18.68044319413702,22.97007915801246
4165,c,46.25291687573918,46.25291687573918
4166,c,46.25291687573918,46.25291687573918
4167,c,46.25291687573918,46.25291687573918
4168,c,46.25291687573918,46.25291687573918
4169,c,46.25291687573918,46.25291687573918
4170,t,46.25291687573918,46.25291687573918
4171,c,30.0427167412954,35.36101825081886
4172,c,46.25291687573918,46.25291687573918
4173,c,46.25291687573918,46.25291687573918
4174,t,46.25291687573918,46.25291687573918
4175,t,46.25291687573918,46.25291687573918
4176,c,46.25291687573918,46.25291687573918
4177,c,46.25291687573918,46.25291687573918
4178,c,46.25291687573918,46.25291687573918
4179,c,46.25291687573918,46.25291687573918
4180,c,46.25291687573918,46.25291687573918
4181,c,46.25291687573918,46.25291687573918
4182,c,46.25291687573918,46.25291687573918
4183,c,46.25291687573918,46.25291687573918
4184,t,46.25291687573918,46.25291687573918
4185,c,46.25291687573918,46.25291687573918
4186,c,46.25291687573918,46.25291687573918
4187,c,46.25291687573918,46.25291687573918
4188,c,46.25291687573918,46.25291687573918
4189,c,46.25291687573918,46.25291687573918
4190,c,46.25291687573918,46.25291687573918
4191,t,46.25291687573918,46.25291687573918
4192,t,46.25291687573918,46.25291687573918
4193,c,46.25291687573918,46.25291687573918
4194,c,6.606398980869629,12.381242487250404
4195,c,46.25291687573918,46.25291687573918
4196,c,46.25291687573918,46.25291687573918
4197,t,46.25291687573918,46.25291687573918
4198,c,46.25291687573918,46.25291687573918
4199,c,46.25291687573918,46.25291687573918
4200,t,46.25291687573918,46.25291687573918
4201,c,46.25291687573918,46.25291687573918
4202,c,46.25291687573918,46.25291687573918
4203,c,46.25291687573918,46.25291687573918
4204,c,46.25291687573918,46.25291687573918
4205,t,46.25291687573918,46.25291687573918
4206,c,46.25291687573918,46.25291687573918
4207,c,46.25291687573918,46.25291687573918
4208,t,46.25291687573918,46.25291687573918
4209,c,11.722479064875474,18.004907542906828
4210,t,46.25291687573918,46.25291687573918
4211,c,46.25291687573918,46.25291687573918
4212,c,46.25291687573918,46.25291687573918
4213,c,46.25291687573918,46.25291687573918
4214,c,46.25291687573918,46.25291687573918
4215,t,46.25291687573918,46.25291687573918
4216,c,46.25291687573918,46.25291687573918
4217,c,46.25291687573918,46.25291687573918
4218,c,46.25291687573918,46.25291687573918
4219,c,46.25291687573918,46.25291687573918
4220,c,46.25291687573918,46.25291687573918
4221,na,5.153283846611411,9.08311760233879
4222,c,46.25291687573918,46.25291687573918
4223,c,46.25291687573918,46.25291687573918
4224,c,46.25291687573918,46.25291687573918
4225,c,46.25291687573918,46.25291687573918
4226,c,46.25291687573918,46.25291687573918
4227,c,46.25291687573918,46.25291687573918
4228,c,46.25291687573918,46.25291687573918
4229,c,46.25291687573918,46.25291687573918
4230,t,46.25291687573918,46.25291687573918
4231,c,46.25291687573918,46.25291687573918
4232,c,46.25291687573918,46.25291687573918
4233,c,46.25291687573918,46.25291687573918
4234,c,46.25291687573918,46.25291687573918
4235,c,46.25291687573918,46.25291687573918
4236,c,46.25291687573918,46.25291687573918
4237,c,46.25291687573918,46.25291687573918
4238,c,46.25291687573918,46.25291687573918
4239,c,46.25291687573918,46.25291687573918
4240,t,46.25291687573918,46.25291687573918
4241,c,46.25291687573918,46.25291687573918
4242,t,46.25291687573918,46.25291687573918
4243,c,46.25291687573918,46.25291687573918
4244,c,46.25291687573918,46.25291687573918
4245,c,10.927347818793432,23.559664880044256
4246,c,46.25291687573918,46.25291687573918
4247,c,46.25291687573918,46.25291687573918
4248,c,46.25291687573918,46.25291687573918
4249,c,46.25291687573918,46.25291687573918
4250,c,46.25291687573918,46.25291687573918
4251,t,46.25291687573918,46.25291687573918
4252,c,46.25291687573918,46.25291687573918
4253,t,46.25291687573918,46.25291687573918
4254,c,46.25291687573918,46.25291687573918
4255,c,46.25291687573918,46.25291687573918
4256,c,46.25291687573918,46.25291687573918
4257,t,46.25291687573918,46.25291687573918
4258,t,46.25291687573918,46.25291687573918
4259,t,46.25291687573918,46.25291687573918
4260,c,46.25291687573918,46.25291687573918
4261,c,46.25291687573918,46.25291687573918
4262,c,9.721419897321987,11.445156658442384
4263,t,46.25291687573918,46.25291687573918
4264,c,46.25291687573918,46.25291687573918
4265,t,46.25291687573918,46.25291687573918
4266,c,46.25291687573918,46.25291687573918
4267,c,46.25291687573918,46.25291687573918
4268,c,46.25291687573918,46.25291687573918
4269,c,46.25291687573918,46.25291687573918
4270,c,46.25291687573918,46.25291687573918
4271,t,46.25291687573918,46.25291687573918
4272,c,46.25291687573918,46.25291687573918
4273,c,46.25291687573918,46.25291687573918
4274,c,46.25291687573918,46.25291687573918
4275,na,0,5.394252258193168
4276,na,0.7822783833711,6.806555214842138
4277,c,46.25291687573918,46.25291687573918
4278,c,46.25291687573918,46.25291687573918
4279,c,46.25291687573918,46.25291687573918
4280,c,46.25291687573918,46.25291687573918
4281,c,46.25291687573918,46.25291687573918
4282,t,46.25291687573918,46.25291687573918
4283,c,46.25291687573918,46.25291687573918
4284,c,46.25291687573918,46.25291687573918
4285,c,46.25291687573918,46.25291687573918
4286,t,46.25291687573918,46.25291687573918
4287,t,46.25291687573918,46.25291687573918
4288,c,15.507628768320599,19.322157893146954
4289,c,46.25291687573918,46.25291687573918
4290,na,5.872852151840122,11.12681410402387
4291,c,46.25291687573918,46.25291687573918
4292,c,46.25291687573918,46.25291687573918
4293,t,46.25291687573918,46.25291687573918
4294,c,2.409014688980086,2.656885887765989
4295,t,46.25291687573918,46.25291687573918
4296,c,46.25291687573918,46.25291687573918
4297,c,46.25291687573918,46.25291687573918
4298,c,46.25291687573918,46.25291687573918
4299,c,46.25291687573918,46.25291687573918
4300,t,46.25291687573918,46.25291687573918
4301,c,46.25291687573918,46.25291687573918
4302,t,46.25291687573918,46.25291687573918
4303,c,46.25291687573918,46.25291687573918
4304,c,46.25291687573918,46.25291687573918
4305,t,46.25291687573918,46.25291687573918
4306,t,46.25291687573918,46.25291687573918
4307,t,46.25291687573918,46.25291687573918
4308,c,46.25291687573918,46.25291687573918
4309,c,46.25291687573918,46.25291687573918
4310,c,46.25291687573918,46.25291687573918
4311,c,46.25291687573918,46.25291687573918
4312,c,46.25291687573918,46.25291687573918
4313,c,46.25291687573918,46.25291687573918
4314,c,46.25291687573918,46.25291687573918
4315,c,46.25291687573918,46.25291687573918
4316,c,46.25291687573918,46.25291687573918
4317,c,46.25291687573918,46.25291687573918
4318,t,46.25291687573918,46.25291687573918
4319,c,46.25291687573918,46.25291687573918
4320,c,46.25291687573918,46.25291687573918
4321,c,46.25291687573918,46.25291687573918
4322,c,46.25291687573918,46.25291687573918
4323,c,46.25291687573918,46.25291687573918
4324,c,46.25291687573918,46.25291687573918
4325,c,46.25291687573918,46.25291687573918
4326,c,46.25291687573918,46.25291687573918
4327,c,46.25291687573918,46.25291687573918
4328,c,46.25291687573918,46.25291687573918
4329,c,46.25291687573918,46.25291687573918
4330,c,46.25291687573918,46.25291687573918
4331,c,46.25291687573918,46.25291687573918
4332,c,46.25291687573918,46.25291687573918
4333,c,11.128659115065785,15.015648661415032
4334,c,46.25291687573918,46.25291687573918
4335,na,1.4122148756949318,5.631830323578624
4336,c,46.25291687573918,46.25291687573918
4337,t,46.25291687573918,46.25291687573918
4338,c,46.25291687573918,46.25291687573918
4339,c,46.25291687573918,46.25291687573918
4340,c,46.25291687573918,46.25291687573918
4341,c,46.25291687573918,46.25291687573918
4342,c,46.25291687573918,46.25291687573918
4343,t,46.25291687573918,46.25291687573918
4344,c,46.25291687573918,46.25291687573918
4345,c,46.25291687573918,46.25291687573918
4346,c,46.25291687573918,46.25291687573918
4347,t,46.25291687573918,46.25291687573918
4348,c,46.25291687573918,46.25291687573918
4349,c,46.25291687573918,46.25291687573918
4350,c,46.25291687573918,46.25291687573918
4351,c,46.25291687573918,46.25291687573918
4352,c,46.25291687573918,46.25291687573918
4353,c,46.25291687573918,46.25291687573918
4354,t,46.25291687573918,46.25291687573918
4355,c,46.25291687573918,46.25291687573918
4356,c,46.25291687573918,46.25291687573918
4357,c,46.25291687573918,46.25291687573918
4358,t,46.25291687573918,46.25291687573918
4359,c,46.25291687573918,46.25291687573918
4360,c,46.25291687573918,46.25291687573918
4361,t,46.25291687573918,46.25291687573918
4362,c,46.25291687573918,46.25291687573918
4363,t,46.25291687573918,46.25291687573918
4364,c,46.25291687573918,46.25291687573918
4365,c,46.25291687573918,46.25291687573918
4366,na,0,1.7735179376889771
4367,c,46.25291687573918,46.25291687573918
4368,c,46.25291687573918,46.25291687573918
4369,c,46.25291687573918,46.25291687573918
4370,t,46.25291687573918,46.25291687573918
4371,c,46.25291687573918,46.25291687573918
4372,c,46.25291687573918,46.25291687573918
4373,c,46.25291687573918,46.25291687573918
4374,c,46.25291687573918,46.25291687573918
4375,t,46.25291687573918,46.25291687573918
4376,c,46.25291687573918,46.25291687573918
4377,c,46.25291687573918,46.25291687573918
4378,c,46.25291687573918,46.25291687573918
4379,c,46.25291687573918,46.25291687573918
4380,t,46.25291687573918,46.25291687573918
4381,c,46.25291687573918,46.25291687573918
4382,c,46.25291687573918,46.25291687573918
4383,c,46.25291687573918,46.25291687573918
4384,c,46.25291687573918,46.25291687573918
4385,c,46.25291687573918,46.25291687573918
4386,c,46.25291687573918,46.25291687573918
4387,c,46.25291687573918,46.25291687573918
4388,c,46.25291687573918,46.25291687573918
4389,c,46.25291687573918,46.25291687573918
4390,t,46.25291687573918,46.25291687573918
4391,t,46.25291687573918,46.25291687573918
4392,c,46.25291687573918,46.25291687573918
4393,c,46.25291687573918,46.25291687573918
4394,c,10.434920196419876,13.582804038089252
4395,c,46.25291687573918,46.25291687573918
4396,c,46.25291687573918,46.25291687573918
4397,na,0.24086018147837057,46.25291687573918
4398,c,46.25291687573918,46.25291687573918
4399,t,46.25291687573918,46.25291687573918
4400,c,46.25291687573918,46.25291687573918
4401,c,46.25291687573918,46.25291687573918
4402,c,46.25291687573918,46.25291687573918
4403,c,46.25291687573918,46.25291687573918
4404,c,46.25291687573918,46.25291687573918
4405,t,46.25291687573918,46.25291687573918
4406,c,46.25291687573918,46.25291687573918
4407,c,11.810380669865966,46.25291687573918
4408,c,46.25291687573918,46.25291687573918
4409,c,46.25291687573918,46.25291687573918
4410,t,46.25291687573918,46.25291687573918
4411,c,46.25291687573918,46.25291687573918
4412,c,46.25291687573918,46.25291687573918
4413,c,46.25291687573918,46.25291687573918
4414,c,46.25291687573918,46.25291687573918
4415,c,46.25291687573918,46.25291687573918
4416,c,19.023915438943536,20.57170414492492
4417,na,7.8766936262947445,9.18874280954343
4418,t,46.25291687573918,46.25291687573918
4419,c,46.25291687573918,46.25291687573918
4420,c,46.25291687573918,46.25291687573918
4421,t,46.25291687573918,46.25291687573918
4422,c,46.25291687573918,46.25291687573918
4423,c,46.25291687573918,46.25291687573918
4424,t,46.25291687573918,46.25291687573918
4425,c,2.354282546333051,3.3390854382760273
4426,c,46.25291687573918,46.25291687573918
4427,c,46.25291687573918,46.25291687573918
4428,c,46.25291687573918,46.25291687573918
4429,c,10.739703197157814,14.518226492674273
4430,c,46.25291687573918,46.25291687573918
4431,t,46.25291687573918,46.25291687573918
4432,c,46.25291687573918,46.25291687573918
4433,c,46.25291687573918,46.25291687573918
4434,c,3.9290314443889582,12.712253385016595
4435,c,46.25291687573918,46.25291687573918
4436,c,46.25291687573918,46.25291687573918
4437,c,46.25291687573918,46.25291687573918
4438,t,46.25291687573918,46.25291687573918
4439,t,46.25291687573918,46.25291687573918
4440,c,46.25291687573918,46.25291687573918
4441,c,46.25291687573918,46.25291687573918
4442,t,46.25291687573918,46.25291687573918
4443,t,46.25291687573918,46.25291687573918
4444,c,4.910459385450967,11.348488816741066
4445,c,46.25291687573918,46.25291687573918
4446,c,46.25291687573918,46.25291687573918
4447,c,46.25291687573918,46.25291687573918
4448,c,46.25291687573918,46.25291687573918
4449,c,46.25291687573918,46.25291687573918
4450,c,46.25291687573918,46.25291687573918
4451,c,46.25291687573918,46.25291687573918
4452,c,46.25291687573918,46.25291687573918
4453,c,46.25291687573918,46.25291687573918
4454,c,46.25291687573918,46.25291687573918
4455,c,46.25291687573918,46.25291687573918
4456,t,46.25291687573918,46.25291687573918
4457,c,46.25291687573918,46.25291687573918
4458,c,46.25291687573918,46.25291687573918
4459,c,46.25291687573918,46.25291687573918
4460,c,46.25291687573918,46.25291687573918
4461,c,46.25291687573918,46.25291687573918
4462,c,46.25291687573918,46.25291687573918
4463,c,46.25291687573918,46.25291687573918
4464,c,46.25291687573918,46.25291687573918
4465,c,46.25291687573918,46.25291687573918
4466,c,46.25291687573918,46.25291687573918
4467,c,46.25291687573918,46.25291687573918
4468,c,46.25291687573918,46.25291687573918
4469,t,46.25291687573918,46.25291687573918
4470,c,9.95153870496772,16.367556544594372
4471,c,46.25291687573918,46.25291687573918
4472,c,46.25291687573918,46.25291687573918
4473,c,46.25291687573918,46.25291687573918
4474,c,46.25291687573918,46.25291687573918
4475,c,46.25291687573918,46.25291687573918
4476,c,46.25291687573918,46.25291687573918
4477,t,46.25291687573918,46.25291687573918
4478,t,46.25291687573918,46.25291687573918
4479,c,46.25291687573918,46.25291687573918
4480,c,46.25291687573918,46.25291687573918
4481,t,46.25291687573918,46.25291687573918
4482,c,46.25291687573918,46.25291687573918
4483,c,46.25291687573918,46.25291687573918
4484,c,46.25291687573918,46.25291687573918
4485,t,46.25291687573918,46.25291687573918
4486,c,46.25291687573918,46.25291687573918
4487,c,46.25291687573918,46.25291687573918
4488,c,46.25291687573918,46.25291687573918
4489,c,46.25291687573918,46.25291687573918
4490,t,46.25291687573918,46.25291687573918
4491,t,46.25291687573918,46.25291687573918
4492,c,46.25291687573918,46.25291687573918
4493,c,46.25291687573918,46.25291687573918
4494,t,46.25291687573918,46.25291687573918
4495,c,46.25291687573918,46.25291687573918
4496,c,46.25291687573918,46.25291687573918
4497,na,10.607210971106076,11.949933549557784
4498,c,46.25291687573918,46.25291687573918
4499,c,46.25291687573918,46.25291687573918
4500,t,46.25291687573918,46.25291687573918
4501,c,46.25291687573918,46.25291687573918
4502,c,6.00980600646443,7.681712083796794
4503,t,46.25291687573918,46.25291687573918
4504,c,46.25291687573918,46.25291687573918
4505,c,46.25291687573918,46.25291687573918
4506,c,46.25291687573918,46.25291687573918
4507,c,46.25291687573918,46.25291687573918
4508,c,46.25291687573918,46.25291687573918
4509,t,46.25291687573918,46.25291687573918
4510,c,46.25291687573918,46.25291687573918
4511,c,46.25291687573918,46.25291687573918
4512,t,46.25291687573918,46.25291687573918
4513,t,46.25291687573918,46.25291687573918
4514,c,46.25291687573918,46.25291687573918
4515,c,46.25291687573918,46.25291687573918
4516,c,46.25291687573918,46.25291687573918
4517,c,46.25291687573918,46.25291687573918
4518,c,46.25291687573918,46.25291687573918
4519,c,46.25291687573918,46.25291687573918
4520,c,46.25291687573918,46.25291687573918
4521,c,46.25291687573918,46.25291687573918
4522,c,46.25291687573918,46.25291687573918
4523,c,46.25291687573918,46.25291687573918
4524,c,46.25291687573918,46.25291687573918
4525,c,46.25291687573918,46.25291687573918
4526,t,46.25291687573918,46.25291687573918
4527,c,46.25291687573918,46.25291687573918
4528,c,46.25291687573918,46.25291687573918
4529,c,46.25291687573918,46.25291687573918
4530,c,46.25291687573918,46.25291687573918
4531,c,46.25291687573918,46.25291687573918
4532,t,46.25291687573918,46.25291687573918
4533,c,46.25291687573918,46.25291687573918
4534,c,46.25291687573918,46.25291687573918
4535,c,46.25291687573918,46.25291687573918
4536,c,46.25291687573918,46.25291687573918
4537,c,46.25291687573918,46.25291687573918
4538,c,46.25291687573918,46.25291687573918
4539,c,46.25291687573918,46.25291687573918
4540,c,46.25291687573918,46.25291687573918
4541,c,46.25291687573918,46.25291687573918
4542,c,46.25291687573918,46.25291687573918
4543,c,46.25291687573918,46.25291687573918
4544,c,46.25291687573918,46.25291687573918
4545,c,46.25291687573918,46.25291687573918
4546,c,46.25291687573918,46.25291687573918
4547,c,19.057470515735137,22.756674994592476
4548,t,46.25291687573918,46.25291687573918
4549,c,46.25291687573918,46.25291687573918
4550,c,46.25291687573918,46.25291687573918
4551,t,46.25291687573918,46.25291687573918
4552,c,46.25291687573918,46.25291687573918
4553,t,46.25291687573918,46.25291687573918
4554,c,46.25291687573918,46.25291687573918
4555,c,46.25291687573918,46.25291687573918
4556,c,46.25291687573918,46.25291687573918
4557,t,46.25291687573918,46.25291687573918
4558,na,2.846025471949588,3.631057957682613
4559,c,46.25291687573918,46.25291687573918
4560,t,46.25291687573918,46.25291687573918
4561,c,23.113454580830258,25.952509481516675
4562,c,46.25291687573918,46.25291687573918
4563,c,12.061817999648452,13.728359127883339
4564,c,46.25291687573918,46.25291687573918
4565,c,46.25291687573918,46.25291687573918
4566,t,46.25291687573918,46.25291687573918
4567,t,46.25291687573918,46.25291687573918
4568,c,32.37205988411176,34.49966004372994
4569,c,46.25291687573918,46.25291687573918
4570,c,46.25291687573918,46.25291687573918
4571,c,46.25291687573918,46.25291687573918
4572,c,46.25291687573918,46.25291687573918
4573,c,46.25291687573918,46.25291687573918
4574,c,46.25291687573918,46.25291687573918
4575,c,46.25291687573918,46.25291687573918
4576,c,46.25291687573918,46.25291687573918
4577,c,46.25291687573918,46.25291687573918
4578,c,46.25291687573918,46.25291687573918
4579,t,46.25291687573918,46.25291687573918
4580,c,46.25291687573918,46.25291687573918
4581,t,46.25291687573918,46.25291687573918
4582,t,46.25291687573918,46.25291687573918
4583,c,46.25291687573918,46.25291687573918
4584,c,46.25291687573918,46.25291687573918
4585,c,46.25291687573918,46.25291687573918
4586,c,46.25291687573918,46.25291687573918
4587,t,46.25291687573918,46.25291687573918
4588,c,46.25291687573918,46.25291687573918
4589,c,46.25291687573918,46.25291687573918
4590,c,46.25291687573918,46.25291687573918
4591,c,46.25291687573918,46.25291687573918
4592,c,46.25291687573918,46.25291687573918
4593,c,46.25291687573918,46.25291687573918
4594,t,46.25291687573918,46.25291687573918
4595,c,46.25291687573918,46.25291687573918
4596,c,46.25291687573918,46.25291687573918
4597,na,2.238957617610043,3.937196169463899
4598,c,46.25291687573918,46.25291687573918
4599,c,46.25291687573918,46.25291687573918
4600,t,46.25291687573918,46.25291687573918
4601,c,46.25291687573918,46.25291687573918
4602,t,46.25291687573918,46.25291687573918
4603,na,0,5.324838416821306
4604,c,46.25291687573918,46.25291687573918
4605,c,46.25291687573918,46.25291687573918
4606,c,46.25291687573918,46.25291687573918
4607,c,46.25291687573918,46.25291687573918
4608,c,46.25291687573918,46.25291687573918
4609,c,46.25291687573918,46.25291687573918
4610,c,46.25291687573918,46.25291687573918
4611,c,46.25291687573918,46.25291687573918
4612,c,46.25291687573918,46.25291687573918
4613,c,46.25291687573918,46.25291687573918
4614,c,46.25291687573918,46.25291687573918
4615,c,46.25291687573918,46.25291687573918
4616,c,46.25291687573918,46.25291687573918
4617,c,46.25291687573918,46.25291687573918
4618,c,46.25291687573918,46.25291687573918
4619,c,46.25291687573918,46.25291687573918
4620,c,46.25291687573918,46.25291687573918
4621,c,46.25291687573918,46.25291687573918
4622,c,46.25291687573918,46.25291687573918
4623,c,46.25291687573918,46.25291687573918
4624,c,13.531946990624194,14.824890295234173
4625,c,46.25291687573918,46.25291687573918
4626,c,46.25291687573918,46.25291687573918
4627,c,46.25291687573918,46.25291687573918
4628,c,46.25291687573918,46.25291687573918
4629,c,46.25291687573918,46.25291687573918
4630,c,46.25291687573918,46.25291687573918
4631,c,4.928619822229184,11.174136891726324
4632,c,46.25291687573918,46.25291687573918
4633,c,46.25291687573918,46.25291687573918
4634,c,46.25291687573918,46.25291687573918
4635,t,46.25291687573918,46.25291687573918
4636,c,46.25291687573918,46.25291687573918
4637,c,46.25291687573918,46.25291687573918
4638,c,46.25291687573918,46.25291687573918
4639,c,46.25291687573918,46.25291687573918
4640,c,46.25291687573918,46.25291687573918
4641,c,46.25291687573918,46.25291687573918
4642,c,46.25291687573918,46.25291687573918
4643,t,46.25291687573918,46.25291687573918
4644,c,46.25291687573918,46.25291687573918
4645,t,46.25291687573918,46.25291687573918
4646,t,46.25291687573918,46.25291687573918
4647,c,46.25291687573918,46.25291687573918
4648,c,46.25291687573918,46.25291687573918
4649,c,46.25291687573918,46.25291687573918
4650,t,46.25291687573918,46.25291687573918
4651,c,46.25291687573918,46.25291687573918
4652,c,46.25291687573918,46.25291687573918
4653,c,46.25291687573918,46.25291687573918
4654,c,46.25291687573918,46.25291687573918
4655,c,46.25291687573918,46.25291687573918
4656,c,46.25291687573918,46.25291687573918
4657,t,46.25291687573918,46.25291687573918
4658,c,46.25291687573918,46.25291687573918
4659,t,46.25291687573918,46.25291687573918
4660,c,46.25291687573918,46.25291687573918
4661,t,46.25291687573918,46.25291687573918
4662,c,46.25291687573918,46.25291687573918
4663,c,46.25291687573918,46.25291687573918
4664,c,46.25291687573918,46.25291687573918
4665,c,46.25291687573918,46.25291687573918
4666,t,46.25291687573918,46.25291687573918
4667,c,46.25291687573918,46.25291687573918
4668,c,46.25291687573918,46.25291687573918
4669,c,46.25291687573918,46.25291687573918
4670,c,46.25291687573918,46.25291687573918
4671,c,46.25291687573918,46.25291687573918
4672,t,46.25291687573918,46.25291687573918
4673,c,46.25291687573918,46.25291687573918
4674,c,46.25291687573918,46.25291687573918
4675,c,46.25291687573918,46.25291687573918
4676,na,3.669277664393824,4.811900177986204
4677,t,46.25291687573918,46.25291687573918
4678,c,46.25291687573918,46.25291687573918
4679,c,46.25291687573918,46.25291687573918
4680,c,46.25291687573918,46.25291687573918
4681,t,46.25291687573918,46.25291687573918
4682,c,46.25291687573918,46.25291687573918
4683,c,4.941598017338104,5.63764468227931
4684,c,46.25291687573918,46.25291687573918
4685,t,46.25291687573918,46.25291687573918
4686,c,46.25291687573918,46.25291687573918
4687,c,46.25291687573918,46.25291687573918
4688,c,46.25291687573918,46.25291687573918
4689,c,46.25291687573918,46.25291687573918
4690,c,46.25291687573918,46.25291687573918
4691,t,46.25291687573918,46.25291687573918
4692,c,46.25291687573918,46.25291687573918
4693,c,46.25291687573918,46.25291687573918
4694,t,46.25291687573918,46.25291687573918
4695,c,17.382709922333454,17.937325247200864
4696,c,46.25291687573918,46.25291687573918
4697,c,46.25291687573918,46.25291687573918
4698,c,46.25291687573918,46.25291687573918
4699,c,46.25291687573918,46.25291687573918
4700,c,46.25291687573918,46.25291687573918
4701,c,46.25291687573918,46.25291687573918
4702,c,46.25291687573918,46.25291687573918
4703,c,46.25291687573918,46.25291687573918
4704,c,46.25291687573918,46.25291687573918
4705,c,46.25291687573918,46.25291687573918
4706,c,46.25291687573918,46.25291687573918
4707,t,46.25291687573918,46.25291687573918
4708,c,46.25291687573918,46.25291687573918
4709,c,46.25291687573918,46.25291687573918
4710,c,46.25291687573918,46.25291687573918
4711,c,46.25291687573918,46.25291687573918
4712,c,46.25291687573918,46.25291687573918
4713,c,46.25291687573918,46.25291687573918
4714,t,46.25291687573918,46.25291687573918
4715,c,46.25291687573918,46.25291687573918
4716,c,46.25291687573918,46.25291687573918
4717,c,46.25291687573918,46.25291687573918
4718,c,46.25291687573918,46.25291687573918
4719,c,46.25291687573918,46.25291687573918
4720,t,46.25291687573918,46.25291687573918
4721,c,46.25291687573918,46.25291687573918
4722,c,46.25291687573918,46.25291687573918
4723,c,46.25291687573918,46.25291687573918
4724,c,46.25291687573918,46.25291687573918
4725,c,46.25291687573918,46.25291687573918
4726,c,46.25291687573918,46.25291687573918
4727,t,46.25291687573918,46.25291687573918
4728,c,46.25291687573918,46.25291687573918
4729,t,46.25291687573918,46.25291687573918
4730,c,46.25291687573918,46.25291687573918
4731,t,46.25291687573918,46.25291687573918
4732,c,46.25291687573918,46.25291687573918
4733,c,4.022410981456141,9.873255311691375
4734,c,46.25291687573918,46.25291687573918
4735,c,46.25291687573918,46.25291687573918
4736,c,46.25291687573918,46.25291687573918
4737,c,46.25291687573918,46.25291687573918
4738,c,46.25291687573918,46.25291687573918
4739,c,46.25291687573918,46.25291687573918
4740,c,46.25291687573918,46.25291687573918
4741,c,46.25291687573918,46.25291687573918
4742,c,46.25291687573918,46.25291687573918
4743,c,46.25291687573918,46.25291687573918
4744,t,46.25291687573918,46.25291687573918
4745,t,46.25291687573918,46.25291687573918
4746,c,46.25291687573918,46.25291687573918
4747,t,46.25291687573918,46.25291687573918
4748,c,46.25291687573918,46.25291687573918
4749,c,10.06040814450368,13.141925803358768
4750,t,46.25291687573918,46.25291687573918
4751,c,46.25291687573918,46.25291687573918
4752,t,46.25291687573918,46.25291687573918
4753,c,46.25291687573918,46.25291687573918
4754,c,46.25291687573918,46.25291687573918
4755,c,46.25291687573918,46.25291687573918
4756,c,46.25291687573918,46.25291687573918
4757,c,46.25291687573918,46.25291687573918
4758,c,46.25291687573918,46.25291687573918
4759,c,46.25291687573918,46.25291687573918
4760,na,0.0774402248879802,46.25291687573918
4761,c,21.273387110413875,30.49923085969491
4762,c,46.25291687573918,46.25291687573918
4763,c,46.25291687573918,46.25291687573918
4764,c,8.1042692154497,9.662016750045675
4765,c,46.25291687573918,46.25291687573918
4766,t,46.25291687573918,46.25291687573918
4767,c,46.25291687573918,46.25291687573918
4768,c,46.25291687573918,46.25291687573918
4769,t,46.25291687573918,46.25291687573918
4770,t,46.25291687573918,46.25291687573918
4771,c,46.25291687573918,46.25291687573918
4772,c,46.25291687573918,46.25291687573918
4773,c,46.25291687573918,46.25291687573918
4774,c,46.25291687573918,46.25291687573918
4775,c,46.25291687573918,46.25291687573918
4776,c,5.046085107579897,8.340166516232793
4777,t,46.25291687573918,46.25291687573918
4778,c,46.25291687573918,46.25291687573918
4779,c,21.483275343287847,23.773399816096852
4780,c,46.25291687573918,46.25291687573918
4781,c,46.25291687573918,46.25291687573918
4782,c,46.25291687573918,46.25291687573918
4783,c,46.25291687573918,46.25291687573918
4784,t,46.25291687573918,46.25291687573918
4785,c,46.25291687573918,46.25291687573918
4786,c,46.25291687573918,46.25291687573918
4787,c,46.25291687573918,46.25291687573918
4788,na,4.107771281338996,12.665776575085467
4789,c,46.25291687573918,46.25291687573918
4790,c,46.25291687573918,46.25291687573918
4791,c,46.25291687573918,46.25291687573918
4792,c,46.25291687573918,46.25291687573918
4793,c,46.25291687573918,46.25291687573918
4794,c,46.25291687573918,46.25291687573918
4795,c,46.25291687573918,46.25291687573918
4796,c,46.25291687573918,46.25291687573918
4797,c,46.25291687573918,46.25291687573918
4798,c,46.25291687573918,46.25291687573918
4799,c,46.25291687573918,46.25291687573918
4800,c,46.25291687573918,46.25291687573918
4801,c,46.25291687573918,46.25291687573918
4802,t,46.25291687573918,46.25291687573918
4803,c,46.25291687573918,46.25291687573918
4804,c,46.25291687573918,46.25291687573918
4805,c,46.25291687573918,46.25291687573918
4806,c,46.25291687573918,46.25291687573918
4807,c,46.25291687573918,46.25291687573918
4808,t,46.25291687573918,46.25291687573918
4809,c,46.25291687573918,46.25291687573918
4810,c,46.25291687573918,46.25291687573918
4811,c,46.25291687573918,46.25291687573918
4812,c,46.25291687573918,46.25291687573918
4813,c,46.25291687573918,46.25291687573918
4814,c,46.25291687573918,46.25291687573918
4815,c,46.25291687573918,46.25291687573918
4816,t,46.25291687573918,46.25291687573918
4817,t,46.25291687573918,46.25291687573918
4818,c,46.25291687573918,46.25291687573918
4819,c,46.25291687573918,46.25291687573918
4820,c,46.25291687573918,46.25291687573918
4821,c,46.25291687573918,46.25291687573918
4822,t,46.25291687573918,46.25291687573918
4823,c,46.25291687573918,46.25291687573918
4824,c,46.25291687573918,46.25291687573918
4825,c,46.25291687573918,46.25291687573918
4826,t,46.25291687573918,46.25291687573918
4827,c,46.25291687573918,46.25291687573918
4828,c,46.25291687573918,46.25291687573918
4829,c,46.25291687573918,46.25291687573918
4830,c,46.25291687573918,46.25291687573918
4831,c,46.25291687573918,46.25291687573918
4832,c,46.25291687573918,46.25291687573918
4833,t,46.25291687573918,46.25291687573918
4834,c,46.25291687573918,46.25291687573918
4835,c,46.25291687573918,46.25291687573918
4836,c,46.25291687573918,46.25291687573918
4837,c,46.25291687573918,46.25291687573918
4838,c,7.320556117303696,10.847715392671857
4839,c,46.25291687573918,46.25291687573918
4840,t,46.25291687573918,46.25291687573918
4841,c,46.25291687573918,46.25291687573918
4842,c,46.25291687573918,46.25291687573918
4843,c,46.25291687573918,46.25291687573918
4844,c,46.25291687573918,46.25291687573918
4845,c,46.25291687573918,46.25291687573918
4846,c,46.25291687573918,46.25291687573918
4847,c,46.25291687573918,46.25291687573918
4848,t,46.25291687573918,46.25291687573918
4849,c,46.25291687573918,46.25291687573918
4850,c,46.25291687573918,46.25291687573918
4851,c,46.25291687573918,46.25291687573918
4852,c,46.25291687573918,46.25291687573918
4853,c,46.25291687573918,46.25291687573918
4854,c,46.25291687573918,46.25291687573918
4855,t,46.25291687573918,46.25291687573918
4856,c,46.25291687573918,46.25291687573918
4857,c,46.25291687573918,46.25291687573918
4858,t,46.25291687573918,46.25291687573918
4859,t,46.25291687573918,46.25291687573918
4860,c,46.25291687573918,46.25291687573918
4861,c,46.25291687573918,46.25291687573918
4862,c,46.25291687573918,46.25291687573918
4863,c,46.25291687573918,46.25291687573918
4864,c,46.25291687573918,46.25291687573918
4865,c,46.25291687573918,46.25291687573918
4866,c,46.25291687573918,46.25291687573918
4867,t,46.25291687573918,46.25291687573918
4868,t,46.25291687573918,46.25291687573918
4869,c,46.25291687573918,46.25291687573918
4870,c,46.25291687573918,46.25291687573918
4871,c,9.234778826175598,11.615719899183105
4872,c,46.25291687573918,46.25291687573918
4873,c,46.25291687573918,46.25291687573918
4874,t,46.25291687573918,46.25291687573918
4875,c,8.19410949086843,8.49679294621581
4876,c,46.25291687573918,46.25291687573918
4877,t,46.25291687573918,46.25291687573918
4878,t,46.25291687573918,46.25291687573918
4879,c,46.25291687573918,46.25291687573918
4880,t,46.25291687573918,46.25291687573918
4881,c,46.25291687573918,46.25291687573918
4882,c,46.25291687573918,46.25291687573918
4883,c,46.25291687573918,46.25291687573918
4884,c,46.25291687573918,46.25291687573918
4885,c,5.087210295427501,7.292758802146263
4886,t,46.25291687573918,46.25291687573918
4887,c,46.25291687573918,46.25291687573918
4888,c,46.25291687573918,46.25291687573918
4889,c,46.25291687573918,46.25291687573918
4890,c,46.25291687573918,46.25291687573918
4891,c,46.25291687573918,46.25291687573918
4892,t,46.25291687573918,46.25291687573918
4893,c,46.25291687573918,46.25291687573918
4894,c,46.25291687573918,46.25291687573918
4895,t,46.25291687573918,46.25291687573918
4896,t,46.25291687573918,46.25291687573918
4897,c,46.25291687573918,46.25291687573918
4898,c,46.25291687573918,46.25291687573918
4899,c,46.25291687573918,46.25291687573918
4900,c,46.25291687573918,46.25291687573918
4901,c,46.25291687573918,46.25291687573918
4902,c,46.25291687573918,46.25291687573918
4903,c,46.25291687573918,46.25291687573918
4904,t,46.25291687573918,46.25291687573918
4905,c,46.25291687573918,46.25291687573918
4906,c,46.25291687573918,46.25291687573918
4907,c,46.25291687573918,46.25291687573918
4908,t,46.25291687573918,46.25291687573918
4909,c,25.628041852053098,25.98217901265458
4910,c,46.25291687573918,46.25291687573918
4911,c,46.25291687573918,46.25291687573918
4912,na,0,0.17467483538572004
4913,t,46.25291687573918,46.25291687573918
4914,c,46.25291687573918,46.25291687573918
4915,c,46.25291687573918,46.25291687573918
4916,c,46.25291687573918,46.25291687573918
4917,c,46.25291687573918,46.25291687573918
4918,c,46.25291687573918,46.25291687573918
4919,c,46.25291687573918,46.25291687573918
4920,c,46.25291687573918,46.25291687573918
4921,c,46.25291687573918,46.25291687573918
4922,c,46.25291687573918,46.25291687573918
4923,t,46.25291687573918,46.25291687573918
4924,c,2.814571069100935,17.2036399700939
4925,c,17.491482708860715,20.800993268120667
4926,c,46.25291687573918,46.25291687573918
4927,c,46.25291687573918,46.25291687573918
4928,c,46.25291687573918,46.25291687573918
4929,c,46.25291687573918,46.25291687573918
4930,c,46.25291687573918,46.25291687573918
4931,c,46.25291687573918,46.25291687573918
4932,c,46.25291687573918,46.25291687573918
4933,c,46.25291687573918,46.25291687573918
4934,c,46.25291687573918,46.25291687573918
4935,c,46.25291687573918,46.25291687573918
4936,c,46.25291687573918,46.25291687573918
4937,c,46.25291687573918,46.25291687573918
4938,t,46.25291687573918,46.25291687573918
4939,c,46.25291687573918,46.25291687573918
4940,c,46.25291687573918,46.25291687573918
4941,c,46.25291687573918,46.25291687573918
4942,c,46.25291687573918,46.25291687573918
4943,c,46.25291687573918,46.25291687573918
4944,c,46.25291687573918,46.25291687573918
4945,c,46.25291687573918,46.25291687573918
4946,t,46.25291687573918,46.25291687573918
4947,c,46.25291687573918,46.25291687573918
4948,c,46.25291687573918,46.25291687573918
4949,t,46.25291687573918,46.25291687573918
4950,c,46.25291687573918,46.25291687573918
4951,t,46.25291687573918,46.25291687573918
4952,c,46.25291687573918,46.25291687573918
4953,c,46.25291687573918,46.25291687573918
4954,c,46.25291687573918,46.25291687573918
4955,c,46.25291687573918,46.25291687573918
4956,c,46.25291687573918,46.25291687573918
4957,t,46.25291687573918,46.25291687573918
4958,c,3.2214107696472474,10.029864004782365
4959,c,46.25291687573918,46.25291687573918
4960,c,46.25291687573918,46.25291687573918
4961,c,46.25291687573918,46.25291687573918
4962,c,46.25291687573918,46.25291687573918
4963,c,46.25291687573918,46.25291687573918
4964,c,46.25291687573918,46.25291687573918
4965,c,46.25291687573918,46.25291687573918
4966,c,46.25291687573918,46.25291687573918
4967,c,46.25291687573918,46.25291687573918
4968,c,46.25291687573918,46.25291687573918
4969,c,46.25291687573918,46.25291687573918
4970,c,46.25291687573918,46.25291687573918
4971,c,46.25291687573918,46.25291687573918
4972,c,46.25291687573918,46.25291687573918
4973,c,46.25291687573918,46.25291687573918
4974,c,46.25291687573918,46.25291687573918
4975,c,46.25291687573918,46.25291687573918
4976,t,46.25291687573918,46.25291687573918
4977,c,46.25291687573918,46.25291687573918
4978,c,46.25291687573918,46.25291687573918
4979,c,46.25291687573918,46.25291687573918
4980,c,8.519588776235814,17.639978683884227
4981,t,46.25291687573918,46.25291687573918
4982,c,46.25291687573918,46.25291687573918
4983,t,46.25291687573918,46.25291687573918
4984,c,46.25291687573918,46.25291687573918
4985,c,46.25291687573918,46.25291687573918
4986,c,46.25291687573918,46.25291687573918
4987,t,46.25291687573918,46.25291687573918
4988,t,46.25291687573918,46.25291687573918
4989,c,46.25291687573918,46.25291687573918
4990,t,46.25291687573918,46.25291687573918
4991,c,46.25291687573918,46.25291687573918
4992,c,46.25291687573918,46.25291687573918
4993,c,46.25291687573918,46.25291687573918
4994,c,46.25291687573918,46.25291687573918
4995,c,46.25291687573918,46.25291687573918
4996,c,46.25291687573918,46.25291687573918
4997,t,46.25291687573918,46.25291687573918
4998,c,46.25291687573918,46.25291687573918
4999,c,46.25291687573918,46.25291687573918
5000,c,46.25291687573918,46.25291687573918
5001,t,46.25291687573918,46.25291687573918
5002,t,46.25291687573918,46.25291687573918
5003,c,46.25291687573918,46.25291687573918
5004,c,46.25291687573918,46.25291687573918
5005,c,46.25291687573918,46.25291687573918
5006,c,46.25291687573918,46.25291687573918
5007,c,46.25291687573918,46.25291687573918
5008,c,46.25291687573918,46.25291687573918
5009,c,46.25291687573918,46.25291687573918
5010,c,46.25291687573918,46.25291687573918
5011,c,46.25291687573918,46.25291687573918
5012,c,46.25291687573918,46.25291687573918
5013,c,46.25291687573918,46.25291687573918
5014,c,46.25291687573918,46.25291687573918
5015,c,46.25291687573918,46.25291687573918
5016,c,46.25291687573918,46.25291687573918
5017,c,46.25291687573918,46.25291687573918
5018,c,46.25291687573918,46.25291687573918
5019,c,46.25291687573918,46.25291687573918
5020,c,46.25291687573918,46.25291687573918
5021,t,46.25291687573918,46.25291687573918
5022,c,46.25291687573918,46.25291687573918
5023,t,46.25291687573918,46.25291687573918
5024,c,46.25291687573918,46.25291687573918
5025,t,46.25291687573918,46.25291687573918
5026,c,46.25291687573918,46.25291687573918
5027,t,46.25291687573918,46.25291687573918
5028,t,46.25291687573918,46.25291687573918
5029,t,46.25291687573918,46.25291687573918
5030,c,46.25291687573918,46.25291687573918
5031,c,46.25291687573918,46.25291687573918
5032,c,46.25291687573918,46.25291687573918
5033,t,46.25291687573918,46.25291687573918
5034,c,46.25291687573918,46.25291687573918
5035,c,46.25291687573918,46.25291687573918
5036,t,46.25291687573918,46.25291687573918
5037,t,46.25291687573918,46.25291687573918
5038,c,46.25291687573918,46.25291687573918
5039,c,46.25291687573918,46.25291687573918
5040,c,46.25291687573918,46.25291687573918
5041,c,46.25291687573918,46.25291687573918
5042,c,46.25291687573918,46.25291687573918
5043,c,46.25291687573918,46.25291687573918
5044,t,46.25291687573918,46.25291687573918
5045,t,46.25291687573918,46.25291687573918
5046,c,46.25291687573918,46.25291687573918
5047,t,46.25291687573918,46.25291687573918
5048,c,46.25291687573918,46.25291687573918
5049,t,46.25291687573918,46.25291687573918
5050,c,46.25291687573918,46.25291687573918
5051,c,46.25291687573918,46.25291687573918
5052,c,46.25291687573918,46.25291687573918
5053,t,46.25291687573918,46.25291687573918
5054,c,46.25291687573918,46.25291687573918
5055,t,46.25291687573918,46.25291687573918
5056,c,46.25291687573918,46.25291687573918
5057,c,46.25291687573918,46.25291687573918
5058,c,46.25291687573918,46.25291687573918
5059,c,46.25291687573918,46.25291687573918
5060,c,46.25291687573918,46.25291687573918
5061,c,46.25291687573918,46.25291687573918
5062,c,46.25291687573918,46.25291687573918
5063,c,46.25291687573918,46.25291687573918
5064,c,46.25291687573918,46.25291687573918
5065,c,46.25291687573918,46.25291687573918
5066,t,46.25291687573918,46.25291687573918
5067,t,46.25291687573918,46.25291687573918
5068,t,46.25291687573918,46.25291687573918
5069,c,46.25291687573918,46.25291687573918
5070,c,46.25291687573918,46.25291687573918
5071,c,46.25291687573918,46.25291687573918
5072,t,46.25291687573918,46.25291687573918
5073,c,46.25291687573918,46.25291687573918
5074,c,46.25291687573918,46.25291687573918
5075,t,46.25291687573918,46.25291687573918
5076,c,46.25291687573918,46.25291687573918
5077,t,46.25291687573918,46.25291687573918
5078,t,46.25291687573918,46.25291687573918
5079,c,46.25291687573918,46.25291687573918
5080,c,46.25291687573918,46.25291687573918
5081,c,46.25291687573918,46.25291687573918
5082,c,46.25291687573918,46.25291687573918
5083,c,46.25291687573918,46.25291687573918
5084,t,46.25291687573918,46.25291687573918
5085,c,46.25291687573918,46.25291687573918
5086,t,46.25291687573918,46.25291687573918
5087,t,46.25291687573918,46.25291687573918
5088,c,46.25291687573918,46.25291687573918
5089,t,46.25291687573918,46.25291687573918
5090,c,46.25291687573918,46.25291687573918
5091,c,46.25291687573918,46.25291687573918
5092,t,46.25291687573918,46.25291687573918
5093,c,46.25291687573918,46.25291687573918
5094,c,46.25291687573918,46.25291687573918
5095,t,46.25291687573918,46.25291687573918
5096,c,46.25291687573918,46.25291687573918
5097,c,46.25291687573918,46.25291687573918
5098,c,46.25291687573918,46.25291687573918
5099,c,46.25291687573918,46.25291687573918
5100,c,46.25291687573918,46.25291687573918
5101,c,46.25291687573918,46.25291687573918
5102,c,46.25291687573918,46.25291687573918
5103,c,46.25291687573918,46.25291687573918
5104,na,4.774583578326064,12.04289126695568
5105,c,46.25291687573918,46.25291687573918
5106,t,46.25291687573918,46.25291687573918
5107,c,46.25291687573918,46.25291687573918
5108,c,46.25291687573918,46.25291687573918
5109,t,46.25291687573918,46.25291687573918
5110,c,46.25291687573918,46.25291687573918
5111,c,46.25291687573918,46.25291687573918
5112,c,46.25291687573918,46.25291687573918
5113,c,46.25291687573918,46.25291687573918
5114,c,46.25291687573918,46.25291687573918
5115,c,46.25291687573918,46.25291687573918
5116,t,46.25291687573918,46.25291687573918
5117,c,46.25291687573918,46.25291687573918
5118,c,46.25291687573918,46.25291687573918
5119,c,46.25291687573918,46.25291687573918
5120,c,46.25291687573918,46.25291687573918
5121,t,46.25291687573918,46.25291687573918
5122,t,46.25291687573918,46.25291687573918
5123,c,46.25291687573918,46.25291687573918
5124,t,46.25291687573918,46.25291687573918
5125,c,46.25291687573918,46.25291687573918
5126,c,46.25291687573918,46.25291687573918
5127,c,46.25291687573918,46.25291687573918
5128,c,46.25291687573918,46.25291687573918
5129,c,46.25291687573918,46.25291687573918
5130,c,46.25291687573918,46.25291687573918
5131,t,46.25291687573918,46.25291687573918
5132,c,46.25291687573918,46.25291687573918
5133,c,46.25291687573918,46.25291687573918
5134,c,46.25291687573918,46.25291687573918
5135,c,46.25291687573918,46.25291687573918
5136,t,46.25291687573918,46.25291687573918
5137,c,46.25291687573918,46.25291687573918
5138,c,46.25291687573918,46.25291687573918
5139,na,0,8.833044117788251
5140,c,46.25291687573918,46.25291687573918
5141,c,46.25291687573918,46.25291687573918
5142,c,46.25291687573918,46.25291687573918
5143,c,46.25291687573918,46.25291687573918
5144,c,46.25291687573918,46.25291687573918
5145,c,46.25291687573918,46.25291687573918
5146,t,46.25291687573918,46.25291687573918
5147,t,46.25291687573918,46.25291687573918
5148,c,46.25291687573918,46.25291687573918
5149,c,46.25291687573918,46.25291687573918
5150,c,46.25291687573918,46.25291687573918
5151,c,46.25291687573918,46.25291687573918
5152,c,46.25291687573918,46.25291687573918
5153,c,46.25291687573918,46.25291687573918
5154,c,46.25291687573918,46.25291687573918
5155,c,46.25291687573918,46.25291687573918
5156,c,46.25291687573918,46.25291687573918
5157,c,46.25291687573918,46.25291687573918
5158,c,46.25291687573918,46.25291687573918
5159,c,46.25291687573918,46.25291687573918
5160,t,46.25291687573918,46.25291687573918
5161,c,46.25291687573918,46.25291687573918
5162,c,46.25291687573918,46.25291687573918
5163,t,46.25291687573918,46.25291687573918
5164,c,46.25291687573918,46.25291687573918
5165,c,46.25291687573918,46.25291687573918
5166,t,46.25291687573918,46.25291687573918
5167,c,46.25291687573918,46.25291687573918
5168,c,46.25291687573918,46.25291687573918
5169,c,46.25291687573918,46.25291687573918
5170,c,46.25291687573918,46.25291687573918
5171,c,46.25291687573918,46.25291687573918
5172,na,-1,0
5173,c,46.25291687573918,46.25291687573918
5174,t,46.25291687573918,46.25291687573918
5175,c,46.25291687573918,46.25291687573918
5176,t,46.25291687573918,46.25291687573918
5177,c,46.25291687573918,46.25291687573918
5178,c,46.25291687573918,46.25291687573918
5179,c,46.25291687573918,46.25291687573918
5180,c,46.25291687573918,46.25291687573918
5181,na,2.0008872609060186,5.999490226302897
5182,c,46.25291687573918,46.25291687573918
5183,t,46.25291687573918,46.25291687573918
5184,c,46.25291687573918,46.25291687573918
5185,c,46.25291687573918,46.25291687573918
5186,c,46.25291687573918,46.25291687573918
5187,t,46.25291687573918,46.25291687573918
5188,c,46.25291687573918,46.25291687573918
5189,t,46.25291687573918,46.25291687573918
5190,c,46.25291687573918,46.25291687573918
5191,c,46.25291687573918,46.25291687573918
5192,c,46.25291687573918,46.25291687573918
5193,c,46.25291687573918,46.25291687573918
5194,c,46.25291687573918,46.25291687573918
5195,c,46.25291687573918,46.25291687573918
5196,c,46.25291687573918,46.25291687573918
5197,c,46.25291687573918,46.25291687573918
5198,c,46.25291687573918,46.25291687573918
5199,c,46.25291687573918,46.25291687573918
5200,c,46.25291687573918,46.25291687573918
5201,c,46.25291687573918,46.25291687573918
5202,c,46.25291687573918,46.25291687573918
5203,c,46.25291687573918,46.25291687573918
5204,c,46.25291687573918,46.25291687573918
5205,c,46.25291687573918,46.25291687573918
5206,c,46.25291687573918,46.25291687573918
5207,c,46.25291687573918,46.25291687573918
5208,c,46.25291687573918,46.25291687573918
5209,c,46.25291687573918,46.25291687573918
5210,t,46.25291687573918,46.25291687573918
5211,c,46.25291687573918,46.25291687573918
5212,c,46.25291687573918,46.25291687573918
5213,c,46.25291687573918,46.25291687573918
5214,c,46.25291687573918,46.25291687573918
5215,t,46.25291687573918,46.25291687573918
5216,c,46.25291687573918,46.25291687573918
5217,t,46.25291687573918,46.25291687573918
5218,c,46.25291687573918,46.25291687573918
5219,c,46.25291687573918,46.25291687573918
5220,c,46.25291687573918,46.25291687573918
5221,c,46.25291687573918,46.25291687573918
5222,c,46.25291687573918,46.25291687573918
5223,c,46.25291687573918,46.25291687573918
5224,t,46.25291687573918,46.25291687573918
5225,c,46.25291687573918,46.25291687573918
5226,c,46.25291687573918,46.25291687573918
5227,t,46.25291687573918,46.25291687573918
5228,t,46.25291687573918,46.25291687573918
5229,c,46.25291687573918,46.25291687573918
5230,c,46.25291687573918,46.25291687573918
5231,c,46.25291687573918,46.25291687573918
5232,c,46.25291687573918,46.25291687573918
5233,t,46.25291687573918,46.25291687573918
5234,c,46.25291687573918,46.25291687573918
5235,c,46.25291687573918,46.25291687573918
5236,c,46.25291687573918,46.25291687573918
5237,c,46.25291687573918,46.25291687573918
5238,na,0,0.32975969728927157
5239,c,46.25291687573918,46.25291687573918
5240,c,46.25291687573918,46.25291687573918
5241,c,46.25291687573918,46.25291687573918
5242,c,46.25291687573918,46.25291687573918
5243,c,46.25291687573918,46.25291687573918
5244,c,46.25291687573918,46.25291687573918
5245,c,46.25291687573918,46.25291687573918
5246,c,46.25291687573918,46.25291687573918
5247,t,46.25291687573918,46.25291687573918
5248,c,46.25291687573918,46.25291687573918
5249,c,46.25291687573918,46.25291687573918
5250,c,46.25291687573918,46.25291687573918
5251,t,46.25291687573918,46.25291687573918
5252,c,46.25291687573918,46.25291687573918
5253,c,46.25291687573918,46.25291687573918
5254,c,46.25291687573918,46.25291687573918
5255,c,46.25291687573918,46.25291687573918
5256,c,46.25291687573918,46.25291687573918
5257,c,46.25291687573918,46.25291687573918
5258,t,46.25291687573918,46.25291687573918
5259,c,46.25291687573918,46.25291687573918
5260,c,46.25291687573918,46.25291687573918
5261,c,46.25291687573918,46.25291687573918
5262,c,46.25291687573918,46.25291687573918
5263,t,46.25291687573918,46.25291687573918
5264,c,46.25291687573918,46.25291687573918
5265,t,46.25291687573918,46.25291687573918
5266,c,46.25291687573918,46.25291687573918
5267,c,46.25291687573918,46.25291687573918
5268,c,46.25291687573918,46.25291687573918
5269,t,46.25291687573918,46.25291687573918
5270,c,46.25291687573918,46.25291687573918
5271,c,46.25291687573918,46.25291687573918
5272,c,46.25291687573918,46.25291687573918
5273,c,46.25291687573918,46.25291687573918
5274,c,46.25291687573918,46.25291687573918
5275,c,46.25291687573918,46.25291687573918
5276,t,46.25291687573918,46.25291687573918
5277,c,46.25291687573918,46.25291687573918
5278,c,15.922648286916722,17.316509814462595
5279,c,46.25291687573918,46.25291687573918
5280,c,46.25291687573918,46.25291687573918
5281,t,46.25291687573918,46.25291687573918
5282,c,46.25291687573918,46.25291687573918
5283,t,46.25291687573918,46.25291687573918
5284,t,46.25291687573918,46.25291687573918
5285,c,46.25291687573918,46.25291687573918
5286,c,46.25291687573918,46.25291687573918
5287,c,46.25291687573918,46.25291687573918
5288,c,46.25291687573918,46.25291687573918
5289,c,46.25291687573918,46.25291687573918
5290,c,46.25291687573918,46.25291687573918
5291,c,46.25291687573918,46.25291687573918
5292,c,46.25291687573918,46.25291687573918
5293,c,15.373374186865483,18.33131456218758
5294,c,46.25291687573918,46.25291687573918
5295,c,46.25291687573918,46.25291687573918
5296,t,46.25291687573918,46.25291687573918
5297,t,46.25291687573918,46.25291687573918
5298,c,46.25291687573918,46.25291687573918
5299,c,46.25291687573918,46.25291687573918
5300,c,46.25291687573918,46.25291687573918
5301,c,46.25291687573918,46.25291687573918
5302,c,46.25291687573918,46.25291687573918
5303,c,46.25291687573918,46.25291687573918
5304,t,46.25291687573918,46.25291687573918
5305,c,46.25291687573918,46.25291687573918
5306,c,46.25291687573918,46.25291687573918
5307,c,46.25291687573918,46.25291687573918
5308,t,46.25291687573918,46.25291687573918
5309,c,46.25291687573918,46.25291687573918
5310,c,46.25291687573918,46.25291687573918
5311,c,46.25291687573918,46.25291687573918
5312,c,46.25291687573918,46.25291687573918
5313,c,46.25291687573918,46.25291687573918
5314,c,46.25291687573918,46.25291687573918
5315,c,46.25291687573918,46.25291687573918
5316,t,46.25291687573918,46.25291687573918
5317,c,46.25291687573918,46.25291687573918
5318,t,46.25291687573918,46.25291687573918
5319,na,0,0.717706721523289
5320,na,-1,0
5321,c,46.25291687573918,46.25291687573918
5322,c,46.25291687573918,46.25291687573918
5323,c,46.25291687573918,46.25291687573918
5324,c,46.25291687573918,46.25291687573918
5325,c,46.25291687573918,46.25291687573918
5326,c,46.25291687573918,46.25291687573918
5327,c,46.25291687573918,46.25291687573918
5328,c,46.25291687573918,46.25291687573918
5329,c,5.165912493794018,6.3524407806580845
5330,t,46.25291687573918,46.25291687573918
5331,c,46.25291687573918,46.25291687573918
5332,c,46.25291687573918,46.25291687573918
5333,t,46.25291687573918,46.25291687573918
5334,c,46.25291687573918,46.25291687573918
5335,c,9.875195180729863,21.57065081942809
5336,c,46.25291687573918,46.25291687573918
5337,c,46.25291687573918,46.25291687573918
5338,c,46.25291687573918,46.25291687573918
5339,c,46.25291687573918,46.25291687573918
5340,t,46.25291687573918,46.25291687573918
5341,c,46.25291687573918,46.25291687573918
5342,c,46.25291687573918,46.25291687573918
5343,t,46.25291687573918,46.25291687573918
5344,c,46.25291687573918,46.25291687573918
5345,t,46.25291687573918,46.25291687573918
5346,t,46.25291687573918,46.25291687573918
5347,c,46.25291687573918,46.25291687573918
5348,c,46.25291687573918,46.25291687573918
5349,c,26.563915144968245,43.60710339580136
5350,c,46.25291687573918,46.25291687573918
5351,c,46.25291687573918,46.25291687573918
5352,c,46.25291687573918,46.25291687573918
5353,c,46.25291687573918,46.25291687573918
5354,c,46.25291687573918,46.25291687573918
5355,c,46.25291687573918,46.25291687573918
5356,t,46.25291687573918,46.25291687573918
5357,c,46.25291687573918,46.25291687573918
5358,c,46.25291687573918,46.25291687573918
5359,c,46.25291687573918,46.25291687573918
5360,c,46.25291687573918,46.25291687573918
5361,c,46.25291687573918,46.25291687573918
5362,c,46.25291687573918,46.25291687573918
5363,c,46.25291687573918,46.25291687573918
5364,c,46.25291687573918,46.25291687573918
5365,t,46.25291687573918,46.25291687573918
5366,c,46.25291687573918,46.25291687573918
5367,c,46.25291687573918,46.25291687573918
5368,t,46.25291687573918,46.25291687573918
5369,c,46.25291687573918,46.25291687573918
5370,c,46.25291687573918,46.25291687573918
5371,c,46.25291687573918,46.25291687573918
5372,c,46.25291687573918,46.25291687573918
5373,c,46.25291687573918,46.25291687573918
5374,t,46.25291687573918,46.25291687573918
5375,c,46.25291687573918,46.25291687573918
5376,c,46.25291687573918,46.25291687573918
5377,t,46.25291687573918,46.25291687573918
5378,c,46.25291687573918,46.25291687573918
5379,c,46.25291687573918,46.25291687573918
5380,c,46.25291687573918,46.25291687573918
5381,c,46.25291687573918,46.25291687573918
5382,na,15.48487655692298,26.51648956649991
5383,c,12.764749612179214,15.164411088124693
5384,c,46.25291687573918,46.25291687573918
5385,c,46.25291687573918,46.25291687573918
5386,c,46.25291687573918,46.25291687573918
5387,c,46.25291687573918,46.25291687573918
5388,c,46.25291687573918,46.25291687573918
5389,c,46.25291687573918,46.25291687573918
5390,c,46.25291687573918,46.25291687573918
5391,t,46.25291687573918,46.25291687573918
5392,c,46.25291687573918,46.25291687573918
5393,c,46.25291687573918,46.25291687573918
5394,c,46.25291687573918,46.25291687573918
5395,c,46.25291687573918,46.25291687573918
5396,c,46.25291687573918,46.25291687573918
5397,c,46.25291687573918,46.25291687573918
5398,t,46.25291687573918,46.25291687573918
5399,t,46.25291687573918,46.25291687573918
5400,c,46.25291687573918,46.25291687573918
5401,c,46.25291687573918,46.25291687573918
5402,c,46.25291687573918,46.25291687573918
5403,c,46.25291687573918,46.25291687573918
5404,t,46.25291687573918,46.25291687573918
5405,c,46.25291687573918,46.25291687573918
5406,c,46.25291687573918,46.25291687573918
5407,c,12.35563010197673,15.385308599332076
5408,t,46.25291687573918,46.25291687573918
5409,c,46.25291687573918,46.25291687573918
5410,c,46.25291687573918,46.25291687573918
5411,c,46.25291687573918,46.25291687573918
5412,t,46.25291687573918,46.25291687573918
5413,c,46.25291687573918,46.25291687573918
5414,c,46.25291687573918,46.25291687573918
5415,c,5.4133187203154325,6.192753035093796
5416,c,46.25291687573918,46.25291687573918
5417,c,46.25291687573918,46.25291687573918
5418,t,46.25291687573918,46.25291687573918
5419,c,46.25291687573918,46.25291687573918
5420,c,46.25291687573918,46.25291687573918
5421,c,46.25291687573918,46.25291687573918
5422,c,6.561893794061637,7.0625969530970725
5423,c,14.30390969424759,33.49415530031789
5424,c,46.25291687573918,46.25291687573918
5425,t,46.25291687573918,46.25291687573918
5426,c,46.25291687573918,46.25291687573918
5427,c,46.25291687573918,46.25291687573918
5428,c,46.25291687573918,46.25291687573918
5429,c,46.25291687573918,46.25291687573918
5430,c,46.25291687573918,46.25291687573918
5431,t,46.25291687573918,46.25291687573918
5432,c,46.25291687573918,46.25291687573918
5433,c,46.25291687573918,46.25291687573918
5434,c,46.25291687573918,46.25291687573918
5435,c,46.25291687573918,46.25291687573918
5436,c,46.25291687573918,46.25291687573918
5437,c,46.25291687573918,46.25291687573918
5438,t,46.25291687573918,46.25291687573918
5439,c,46.25291687573918,46.25291687573918
5440,c,46.25291687573918,46.25291687573918
5441,c,46.25291687573918,46.25291687573918
5442,c,46.25291687573918,46.25291687573918
5443,c,46.25291687573918,46.25291687573918
5444,c,46.25291687573918,46.25291687573918
5445,c,46.25291687573918,46.25291687573918
5446,t,46.25291687573918,46.25291687573918
5447,c,46.25291687573918,46.25291687573918
5448,c,8.613656460142884,18.166294611355234
5449,c,46.25291687573918,46.25291687573918
5450,c,31.90485579281364,37.4707505537647
5451,t,46.25291687573918,46.25291687573918
5452,t,46.25291687573918,46.25291687573918
5453,c,46.25291687573918,46.25291687573918
5454,c,8.244287776369474,9.258393269667804
5455,c,46.25291687573918,46.25291687573918
5456,c,46.25291687573918,46.25291687573918
5457,c,46.25291687573918,46.25291687573918
5458,c,46.25291687573918,46.25291687573918
5459,c,11.787243210299755,19.149413300891066
5460,c,46.25291687573918,46.25291687573918
5461,c,46.25291687573918,46.25291687573918
5462,c,46.25291687573918,46.25291687573918
5463,c,46.25291687573918,46.25291687573918
5464,c,46.25291687573918,46.25291687573918
5465,t,46.25291687573918,46.25291687573918
5466,t,46.25291687573918,46.25291687573918
5467,t,46.25291687573918,46.25291687573918
5468,c,46.25291687573918,46.25291687573918
5469,c,46.25291687573918,46.25291687573918
5470,t,46.25291687573918,46.25291687573918
5471,t,46.25291687573918,46.25291687573918
5472,c,46.25291687573918,46.25291687573918
5473,na,-1,0
5474,t,46.25291687573918,46.25291687573918
5475,c,46.25291687573918,46.25291687573918
5476,t,46.25291687573918,46.25291687573918
5477,c,46.25291687573918,46.25291687573918
5478,c,46.25291687573918,46.25291687573918
5479,c,46.25291687573918,46.25291687573918
5480,c,46.25291687573918,46.25291687573918
5481,c,46.25291687573918,46.25291687573918
5482,t,46.25291687573918,46.25291687573918
5483,c,46.25291687573918,46.25291687573918
5484,c,4.944652949412182,8.93471754117564
5485,c,46.25291687573918,46.25291687573918
5486,c,46.25291687573918,46.25291687573918
5487,c,46.25291687573918,46.25291687573918
5488,c,46.25291687573918,46.25291687573918
5489,c,46.25291687573918,46.25291687573918
5490,c,46.25291687573918,46.25291687573918
5491,c,46.25291687573918,46.25291687573918
5492,c,46.25291687573918,46.25291687573918
5493,c,46.25291687573918,46.25291687573918
5494,c,14.18329621680149,46.25291687573918
5495,c,46.25291687573918,46.25291687573918
5496,c,2.518369043510553,11.674461951226919
5497,c,46.25291687573918,46.25291687573918
5498,c,46.25291687573918,46.25291687573918
5499,c,46.25291687573918,46.25291687573918
5500,c,46.25291687573918,46.25291687573918
5501,t,46.25291687573918,46.25291687573918
5502,t,46.25291687573918,46.25291687573918
5503,c,46.25291687573918,46.25291687573918
5504,c,46.25291687573918,46.25291687573918
5505,c,46.25291687573918,46.25291687573918
5506,c,18.0292099007665,23.795621603200875
5507,na,3.4420706608704483,7.014622695604364
5508,c,46.25291687573918,46.25291687573918
5509,t,46.25291687573918,46.25291687573918
5510,c,46.25291687573918,46.25291687573918
5511,c,46.25291687573918,46.25291687573918
5512,c,46.25291687573918,46.25291687573918
5513,t,46.25291687573918,46.25291687573918
5514,c,46.25291687573918,46.25291687573918
5515,t,46.25291687573918,46.25291687573918
5516,c,46.25291687573918,46.25291687573918
5517,c,46.25291687573918,46.25291687573918
5518,c,46.25291687573918,46.25291687573918
5519,c,46.25291687573918,46.25291687573918
5520,c,46.25291687573918,46.25291687573918
5521,c,5.924903588246246,15.91494809737264
5522,t,46.25291687573918,46.25291687573918
5523,c,22.663087550299988,26.11717788676408
5524,c,46.25291687573918,46.25291687573918
5525,c,46.25291687573918,46.25291687573918
5526,c,46.25291687573918,46.25291687573918
5527,c,46.25291687573918,46.25291687573918
5528,c,46.25291687573918,46.25291687573918
5529,c,46.25291687573918,46.25291687573918
5530,t,46.25291687573918,46.25291687573918
5531,c,46.25291687573918,46.25291687573918
5532,c,46.25291687573918,46.25291687573918
5533,t,46.25291687573918,46.25291687573918
5534,c,46.25291687573918,46.25291687573918
5535,t,46.25291687573918,46.25291687573918
5536,t,46.25291687573918,46.25291687573918
5537,c,46.25291687573918,46.25291687573918
5538,c,46.25291687573918,46.25291687573918
5539,c,46.25291687573918,46.25291687573918
5540,t,46.25291687573918,46.25291687573918
5541,c,46.25291687573918,46.25291687573918
5542,c,11.964183231506206,12.697496797383328
5543,c,46.25291687573918,46.25291687573918
5544,c,46.25291687573918,46.25291687573918
5545,c,46.25291687573918,46.25291687573918
5546,c,46.25291687573918,46.25291687573918
5547,c,46.25291687573918,46.25291687573918
5548,t,46.25291687573918,46.25291687573918
5549,c,46.25291687573918,46.25291687573918
5550,c,46.25291687573918,46.25291687573918
5551,c,46.25291687573918,46.25291687573918
5552,c,46.25291687573918,46.25291687573918
5553,c,46.25291687573918,46.25291687573918
5554,c,46.25291687573918,46.25291687573918
5555,c,46.25291687573918,46.25291687573918
5556,c,37.431316133677775,40.676778024169444
5557,c,46.25291687573918,46.25291687573918
5558,c,46.25291687573918,46.25291687573918
5559,c,46.25291687573918,46.25291687573918
5560,c,46.25291687573918,46.25291687573918
5561,t,46.25291687573918,46.25291687573918
5562,c,46.25291687573918,46.25291687573918
5563,c,46.25291687573918,46.25291687573918
5564,t,46.25291687573918,46.25291687573918
5565,c,46.25291687573918,46.25291687573918
5566,c,46.25291687573918,46.25291687573918
5567,c,46.25291687573918,46.25291687573918
5568,t,46.25291687573918,46.25291687573918
5569,c,46.25291687573918,46.25291687573918
5570,t,46.25291687573918,46.25291687573918
5571,c,46.25291687573918,46.25291687573918
5572,t,46.25291687573918,46.25291687573918
5573,c,46.25291687573918,46.25291687573918
5574,c,46.25291687573918,46.25291687573918
5575,c,26.765454847164797,30.38366028116577
5576,c,46.25291687573918,46.25291687573918
5577,c,46.25291687573918,46.25291687573918
5578,t,46.25291687573918,46.25291687573918
5579,t,46.25291687573918,46.25291687573918
5580,t,46.25291687573918,46.25291687573918
5581,c,46.25291687573918,46.25291687573918
5582,c,46.25291687573918,46.25291687573918
5583,c,46.25291687573918,46.25291687573918
5584,t,46.25291687573918,46.25291687573918
5585,c,46.25291687573918,46.25291687573918
5586,c,46.25291687573918,46.25291687573918
5587,c,46.25291687573918,46.25291687573918
5588,c,46.25291687573918,46.25291687573918
5589,c,46.25291687573918,46.25291687573918
5590,c,46.25291687573918,46.25291687573918
5591,t,46.25291687573918,46.25291687573918
5592,c,46.25291687573918,46.25291687573918
5593,c,16.62319461378822,22.44668231803744
5594,t,46.25291687573918,46.25291687573918
5595,c,46.25291687573918,46.25291687573918
5596,c,46.25291687573918,46.25291687573918
5597,t,46.25291687573918,46.25291687573918
5598,c,46.25291687573918,46.25291687573918
5599,c,46.25291687573918,46.25291687573918
5600,c,46.25291687573918,46.25291687573918
5601,c,46.25291687573918,46.25291687573918
5602,c,46.25291687573918,46.25291687573918
5603,c,46.25291687573918,46.25291687573918
5604,c,46.25291687573918,46.25291687573918
5605,c,46.25291687573918,46.25291687573918
5606,t,46.25291687573918,46.25291687573918
5607,c,46.25291687573918,46.25291687573918
5608,c,46.25291687573918,46.25291687573918
5609,c,6.3325386814479305,9.744807699273045
5610,c,46.25291687573918,46.25291687573918
5611,c,46.25291687573918,46.25291687573918
5612,c,46.25291687573918,46.25291687573918
5613,c,46.25291687573918,46.25291687573918
5614,t,46.25291687573918,46.25291687573918
5615,c,46.25291687573918,46.25291687573918
5616,c,46.25291687573918,46.25291687573918
5617,c,46.25291687573918,46.25291687573918
5618,c,46.25291687573918,46.25291687573918
5619,c,46.25291687573918,46.25291687573918
5620,c,46.25291687573918,46.25291687573918
5621,c,46.25291687573918,46.25291687573918
5622,c,46.25291687573918,46.25291687573918
5623,c,46.25291687573918,46.25291687573918
5624,c,46.25291687573918,46.25291687573918
5625,c,46.25291687573918,46.25291687573918
5626,c,46.25291687573918,46.25291687573918
5627,c,46.25291687573918,46.25291687573918
5628,c,46.25291687573918,46.25291687573918
5629,c,46.25291687573918,46.25291687573918
5630,c,46.25291687573918,46.25291687573918
5631,c,46.25291687573918,46.25291687573918
5632,c,46.25291687573918,46.25291687573918
5633,c,46.25291687573918,46.25291687573918
5634,c,46.25291687573918,46.25291687573918
5635,c,46.25291687573918,46.25291687573918
5636,c,46.25291687573918,46.25291687573918
5637,c,46.25291687573918,46.25291687573918
5638,c,46.25291687573918,46.25291687573918
5639,c,46.25291687573918,46.25291687573918
5640,t,46.25291687573918,46.25291687573918
5641,t,46.25291687573918,46.25291687573918
5642,c,46.25291687573918,46.25291687573918
5643,c,46.25291687573918,46.25291687573918
5644,c,46.25291687573918,46.25291687573918
5645,c,46.25291687573918,46.25291687573918
5646,c,46.25291687573918,46.25291687573918
5647,c,46.25291687573918,46.25291687573918
5648,c,46.25291687573918,46.25291687573918
5649,c,46.25291687573918,46.25291687573918
5650,t,46.25291687573918,46.25291687573918
5651,c,46.25291687573918,46.25291687573918
5652,c,46.25291687573918,46.25291687573918
5653,c,46.25291687573918,46.25291687573918
5654,c,46.25291687573918,46.25291687573918
5655,c,46.25291687573918,46.25291687573918
5656,c,46.25291687573918,46.25291687573918
5657,t,46.25291687573918,46.25291687573918
5658,c,6.696969712952897,10.418857846923837
5659,c,46.25291687573918,46.25291687573918
5660,c,46.25291687573918,46.25291687573918
5661,t,46.25291687573918,46.25291687573918
5662,c,46.25291687573918,46.25291687573918
5663,c,46.25291687573918,46.25291687573918
5664,c,46.25291687573918,46.25291687573918
5665,t,46.25291687573918,46.25291687573918
5666,c,46.25291687573918,46.25291687573918
5667,t,46.25291687573918,46.25291687573918
5668,c,14.827205995767631,20.162292837081026
5669,c,2.5384062673572023,4.016999667397101
5670,c,46.25291687573918,46.25291687573918
5671,c,46.25291687573918,46.25291687573918
5672,c,46.25291687573918,46.25291687573918
5673,c,46.25291687573918,46.25291687573918
5674,c,46.25291687573918,46.25291687573918
5675,c,46.25291687573918,46.25291687573918
5676,c,46.25291687573918,46.25291687573918
5677,c,46.25291687573918,46.25291687573918
5678,c,46.25291687573918,46.25291687573918
5679,c,46.25291687573918,46.25291687573918
5680,c,46.25291687573918,46.25291687573918
5681,c,46.25291687573918,46.25291687573918
5682,t,46.25291687573918,46.25291687573918
5683,t,46.25291687573918,46.25291687573918
5684,t,46.25291687573918,46.25291687573918
5685,c,46.25291687573918,46.25291687573918
5686,c,46.25291687573918,46.25291687573918
5687,c,46.25291687573918,46.25291687573918
5688,c,46.25291687573918,46.25291687573918
5689,c,15.680334883538062,17.068927814208926
5690,c,46.25291687573918,46.25291687573918
5691,c,46.25291687573918,46.25291687573918
5692,c,46.25291687573918,46.25291687573918
5693,t,46.25291687573918,46.25291687573918
5694,c,46.25291687573918,46.25291687573918
5695,c,46.25291687573918,46.25291687573918
5696,c,46.25291687573918,46.25291687573918
5697,c,46.25291687573918,46.25291687573918
5698,c,46.25291687573918,46.25291687573918
5699,c,46.25291687573918,46.25291687573918
5700,t,46.25291687573918,46.25291687573918
5701,t,46.25291687573918,46.25291687573918
5702,c,46.25291687573918,46.25291687573918
5703,na,8.057285138845343,9.362275010391333
5704,c,46.25291687573918,46.25291687573918
5705,c,6.003323966610178,7.6484796759543885
5706,c,46.25291687573918,46.25291687573918
5707,c,46.25291687573918,46.25291687573918
5708,t,46.25291687573918,46.25291687573918
5709,c,46.25291687573918,46.25291687573918
5710,c,46.25291687573918,46.25291687573918
5711,c,46.25291687573918,46.25291687573918
5712,t,46.25291687573918,46.25291687573918
5713,t,46.25291687573918,46.25291687573918
5714,c,46.25291687573918,46.25291687573918
5715,c,46.25291687573918,46.25291687573918
5716,c,46.25291687573918,46.25291687573918
5717,na,0,0.590267897653596
5718,t,46.25291687573918,46.25291687573918
5719,c,46.25291687573918,46.25291687573918
5720,c,46.25291687573918,46.25291687573918
5721,t,46.25291687573918,46.25291687573918
5722,c,46.25291687573918,46.25291687573918
5723,c,46.25291687573918,46.25291687573918
5724,t,46.25291687573918,46.25291687573918
5725,c,46.25291687573918,46.25291687573918
5726,t,46.25291687573918,46.25291687573918
5727,t,46.25291687573918,46.25291687573918
5728,c,46.25291687573918,46.25291687573918
5729,t,46.25291687573918,46.25291687573918
5730,c,46.25291687573918,46.25291687573918
5731,c,46.25291687573918,46.25291687573918
5732,c,46.25291687573918,46.25291687573918
5733,c,46.25291687573918,46.25291687573918
5734,c,46.25291687573918,46.25291687573918
5735,t,46.25291687573918,46.25291687573918
5736,c,46.25291687573918,46.25291687573918
5737,c,46.25291687573918,46.25291687573918
5738,c,46.25291687573918,46.25291687573918
5739,c,46.25291687573918,46.25291687573918
5740,c,46.25291687573918,46.25291687573918
5741,c,46.25291687573918,46.25291687573918
5742,c,46.25291687573918,46.25291687573918
5743,c,46.25291687573918,46.25291687573918
5744,c,46.25291687573918,46.25291687573918
5745,c,46.25291687573918,46.25291687573918
5746,c,46.25291687573918,46.25291687573918
5747,c,46.25291687573918,46.25291687573918
5748,c,46.25291687573918,46.25291687573918
5749,c,46.25291687573918,46.25291687573918
5750,c,46.25291687573918,46.25291687573918
5751,t,46.25291687573918,46.25291687573918
5752,c,46.25291687573918,46.25291687573918
5753,t,46.25291687573918,46.25291687573918
5754,c,46.25291687573918,46.25291687573918
5755,c,46.25291687573918,46.25291687573918
5756,t,46.25291687573918,46.25291687573918
5757,c,46.25291687573918,46.25291687573918
5758,c,46.25291687573918,46.25291687573918
5759,c,46.25291687573918,46.25291687573918
5760,t,46.25291687573918,46.25291687573918
5761,t,46.25291687573918,46.25291687573918
5762,c,46.25291687573918,46.25291687573918
5763,c,46.25291687573918,46.25291687573918
5764,c,46.25291687573918,46.25291687573918
5765,t,46.25291687573918,46.25291687573918
5766,c,46.25291687573918,46.25291687573918
5767,c,46.25291687573918,46.25291687573918
5768,c,30.166626010505702,30.719648626357298
5769,t,46.25291687573918,46.25291687573918
5770,c,46.25291687573918,46.25291687573918
5771,c,46.25291687573918,46.25291687573918
5772,c,46.25291687573918,46.25291687573918
5773,t,46.25291687573918,46.25291687573918
5774,c,46.25291687573918,46.25291687573918
5775,c,46.25291687573918,46.25291687573918
5776,t,46.25291687573918,46.25291687573918
5777,c,46.25291687573918,46.25291687573918
5778,c,46.25291687573918,46.25291687573918
5779,t,46.25291687573918,46.25291687573918
5780,c,46.25291687573918,46.25291687573918
5781,t,46.25291687573918,46.25291687573918
5782,c,46.25291687573918,46.25291687573918
5783,c,46.25291687573918,46.25291687573918
5784,c,46.25291687573918,46.25291687573918
5785,c,46.25291687573918,46.25291687573918
5786,c,6.224821599562338,16.07932386864556
5787,c,46.25291687573918,46.25291687573918
5788,c,46.25291687573918,46.25291687573918
5789,c,22.71954630947003,32.96453827082098
5790,c,46.25291687573918,46.25291687573918
5791,c,46.25291687573918,46.25291687573918
5792,c,46.25291687573918,46.25291687573918
5793,c,46.25291687573918,46.25291687573918
5794,c,46.25291687573918,46.25291687573918
5795,c,46.25291687573918,46.25291687573918
5796,c,46.25291687573918,46.25291687573918
5797,c,46.25291687573918,46.25291687573918
5798,c,46.25291687573918,46.25291687573918
5799,c,46.25291687573918,46.25291687573918
5800,c,46.25291687573918,46.25291687573918
5801,c,46.25291687573918,46.25291687573918
5802,c,46.25291687573918,46.25291687573918
5803,c,46.25291687573918,46.25291687573918
5804,c,46.25291687573918,46.25291687573918
5805,c,46.25291687573918,46.25291687573918
5806,c,46.25291687573918,46.25291687573918
5807,c,46.25291687573918,46.25291687573918
5808,c,46.25291687573918,46.25291687573918
5809,c,46.25291687573918,46.25291687573918
5810,t,46.25291687573918,46.25291687573918
5811,c,46.25291687573918,46.25291687573918
5812,c,46.25291687573918,46.25291687573918
5813,c,46.25291687573918,46.25291687573918
5814,c,46.25291687573918,46.25291687573918
5815,t,46.25291687573918,46.25291687573918
5816,c,46.25291687573918,46.25291687573918
5817,c,46.25291687573918,46.25291687573918
5818,c,46.25291687573918,46.25291687573918
5819,t,46.25291687573918,46.25291687573918
5820,c,46.25291687573918,46.25291687573918
5821,c,46.25291687573918,46.25291687573918
5822,t,46.25291687573918,46.25291687573918
5823,c,46.25291687573918,46.25291687573918
5824,t,46.25291687573918,46.25291687573918
5825,c,46.25291687573918,46.25291687573918
5826,c,46.25291687573918,46.25291687573918
5827,c,46.25291687573918,46.25291687573918
5828,c,46.25291687573918,46.25291687573918
5829,c,46.25291687573918,46.25291687573918
5830,t,46.25291687573918,46.25291687573918
5831,c,46.25291687573918,46.25291687573918
5832,t,46.25291687573918,46.25291687573918
5833,c,46.25291687573918,46.25291687573918
5834,c,46.25291687573918,46.25291687573918
5835,t,46.25291687573918,46.25291687573918
5836,c,46.25291687573918,46.25291687573918
5837,c,46.25291687573918,46.25291687573918
5838,c,46.25291687573918,46.25291687573918
5839,c,46.25291687573918,46.25291687573918
5840,c,46.25291687573918,46.25291687573918
5841,na,10.427292658117166,18.87840557675402
5842,c,46.25291687573918,46.25291687573918
5843,c,46.25291687573918,46.25291687573918
5844,c,46.25291687573918,46.25291687573918
5845,c,46.25291687573918,46.25291687573918
5846,c,46.25291687573918,46.25291687573918
5847,c,46.25291687573918,46.25291687573918
5848,c,46.25291687573918,46.25291687573918
5849,c,46.25291687573918,46.25291687573918
5850,c,46.25291687573918,46.25291687573918
5851,c,46.25291687573918,46.25291687573918
5852,c,46.25291687573918,46.25291687573918
5853,t,46.25291687573918,46.25291687573918
5854,t,46.25291687573918,46.25291687573918
5855,c,46.25291687573918,46.25291687573918
5856,c,17.314883251056685,46.25291687573918
5857,c,46.25291687573918,46.25291687573918
5858,t,46.25291687573918,46.25291687573918
5859,c,46.25291687573918,46.25291687573918
5860,c,12.951889133089502,17.86823694637564
5861,c,46.25291687573918,46.25291687573918
5862,t,46.25291687573918,46.25291687573918
5863,na,-1,0
5864,c,46.25291687573918,46.25291687573918
5865,c,46.25291687573918,46.25291687573918
5866,c,46.25291687573918,46.25291687573918
5867,c,46.25291687573918,46.25291687573918
5868,c,46.25291687573918,46.25291687573918
5869,c,46.25291687573918,46.25291687573918
5870,c,46.25291687573918,46.25291687573918
5871,c,46.25291687573918,46.25291687573918
5872,c,46.25291687573918,46.25291687573918
5873,c,46.25291687573918,46.25291687573918
5874,c,46.25291687573918,46.25291687573918
5875,t,46.25291687573918,46.25291687573918
5876,c,46.25291687573918,46.25291687573918
5877,c,46.25291687573918,46.25291687573918
5878,c,46.25291687573918,46.25291687573918
5879,c,46.25291687573918,46.25291687573918
5880,c,46.25291687573918,46.25291687573918
5881,c,46.25291687573918,46.25291687573918
5882,c,46.25291687573918,46.25291687573918
5883,c,13.860637859806484,16.020121049642942
5884,c,46.25291687573918,46.25291687573918
5885,c,46.25291687573918,46.25291687573918
5886,t,46.25291687573918,46.25291687573918
5887,c,46.25291687573918,46.25291687573918
5888,c,46.25291687573918,46.25291687573918
5889,c,46.25291687573918,46.25291687573918
5890,t,46.25291687573918,46.25291687573918
5891,t,46.25291687573918,46.25291687573918
5892,c,46.25291687573918,46.25291687573918
5893,c,46.25291687573918,46.25291687573918
5894,c,46.25291687573918,46.25291687573918
5895,c,3.216392630030557,6.551999104912859
5896,c,46.25291687573918,46.25291687573918
5897,c,46.25291687573918,46.25291687573918
5898,na,-1,0
5899,c,46.25291687573918,46.25291687573918
5900,t,46.25291687573918,46.25291687573918
5901,na,-1,0
5902,c,46.25291687573918,46.25291687573918
5903,c,46.25291687573918,46.25291687573918
5904,c,46.25291687573918,46.25291687573918
5905,c,46.25291687573918,46.25291687573918
5906,t,46.25291687573918,46.25291687573918
5907,t,46.25291687573918,46.25291687573918
5908,c,46.25291687573918,46.25291687573918
5909,c,46.25291687573918,46.25291687573918
5910,c,46.25291687573918,46.25291687573918
5911,c,46.25291687573918,46.25291687573918
5912,c,46.25291687573918,46.25291687573918
5913,c,46.25291687573918,46.25291687573918
5914,c,46.25291687573918,46.25291687573918
5915,c,46.25291687573918,46.25291687573918
5916,c,46.25291687573918,46.25291687573918
5917,c,46.25291687573918,46.25291687573918
5918,c,46.25291687573918,46.25291687573918
5919,c,46.25291687573918,46.25291687573918
5920,c,46.25291687573918,46.25291687573918
5921,c,46.25291687573918,46.25291687573918
5922,c,46.25291687573918,46.25291687573918
5923,c,46.25291687573918,46.25291687573918
5924,t,46.25291687573918,46.25291687573918
5925,c,46.25291687573918,46.25291687573918
5926,c,46.25291687573918,46.25291687573918
5927,c,46.25291687573918,46.25291687573918
5928,c,46.25291687573918,46.25291687573918
5929,na,0,6.233035577500062
5930,t,46.25291687573918,46.25291687573918
5931,c,46.25291687573918,46.25291687573918
5932,c,46.25291687573918,46.25291687573918
5933,c,46.25291687573918,46.25291687573918
5934,c,20.330063868136257,20.796169106151066
5935,c,46.25291687573918,46.25291687573918
5936,c,46.25291687573918,46.25291687573918
5937,c,25.862178828777395,43.99729613617509
5938,t,46.25291687573918,46.25291687573918
5939,c,46.25291687573918,46.25291687573918
5940,c,46.25291687573918,46.25291687573918
5941,c,46.25291687573918,46.25291687573918
5942,t,46.25291687573918,46.25291687573918
5943,c,46.25291687573918,46.25291687573918
5944,c,4.09558654405963,4.139727422281113
5945,c,46.25291687573918,46.25291687573918
5946,t,46.25291687573918,46.25291687573918
5947,c,46.25291687573918,46.25291687573918
5948,c,46.25291687573918,46.25291687573918
5949,c,46.25291687573918,46.25291687573918
5950,c,5.364613746108961,7.943040984639619
5951,c,46.25291687573918,46.25291687573918
5952,c,46.25291687573918,46.25291687573918
5953,c,46.25291687573918,46.25291687573918
5954,c,46.25291687573918,46.25291687573918
5955,c,46.25291687573918,46.25291687573918
5956,c,15.99137034830909,21.54501234663987
5957,t,46.25291687573918,46.25291687573918
5958,c,46.25291687573918,46.25291687573918
5959,t,46.25291687573918,46.25291687573918
5960,c,46.25291687573918,46.25291687573918
5961,c,46.25291687573918,46.25291687573918
5962,c,46.25291687573918,46.25291687573918
5963,c,46.25291687573918,46.25291687573918
5964,c,46.25291687573918,46.25291687573918
5965,c,46.25291687573918,46.25291687573918
5966,c,46.25291687573918,46.25291687573918
5967,c,46.25291687573918,46.25291687573918
5968,c,46.25291687573918,46.25291687573918
5969,c,46.25291687573918,46.25291687573918
5970,t,46.25291687573918,46.25291687573918
5971,c,46.25291687573918,46.25291687573918
5972,c,46.25291687573918,46.25291687573918
5973,c,46.25291687573918,46.25291687573918
5974,c,46.25291687573918,46.25291687573918
5975,c,46.25291687573918,46.25291687573918
5976,c,46.25291687573918,46.25291687573918
5977,t,46.25291687573918,46.25291687573918
5978,c,46.25291687573918,46.25291687573918
5979,t,46.25291687573918,46.25291687573918
5980,t,46.25291687573918,46.25291687573918
5981,c,46.25291687573918,46.25291687573918
5982,t,46.25291687573918,46.25291687573918
5983,na,8.079625842431017,16.35908012539409
5984,t,46.25291687573918,46.25291687573918
5985,c,46.25291687573918,46.25291687573918
5986,c,46.25291687573918,46.25291687573918
5987,c,46.25291687573918,46.25291687573918
5988,c,46.25291687573918,46.25291687573918
5989,c,46.25291687573918,46.25291687573918
5990,c,46.25291687573918,46.25291687573918
5991,c,46.25291687573918,46.25291687573918
5992,na,4.810436002054481,7.83877274554639
5993,c,46.25291687573918,46.25291687573918
5994,c,46.25291687573918,46.25291687573918
5995,c,46.25291687573918,46.25291687573918
5996,c,46.25291687573918,46.25291687573918
5997,c,46.25291687573918,46.25291687573918
5998,c,46.25291687573918,46.25291687573918
5999,c,46.25291687573918,46.25291687573918
6000,c,46.25291687573918,46.25291687573918
6001,c,7.382174997998748,16.772123227987034
6002,t,46.25291687573918,46.25291687573918
6003,c,16.135560470061023,16.988540719159108
6004,c,46.25291687573918,46.25291687573918
6005,c,46.25291687573918,46.25291687573918
6006,c,46.25291687573918,46.25291687573918
6007,c,46.25291687573918,46.25291687573918
6008,t,46.25291687573918,46.25291687573918
6009,t,46.25291687573918,46.25291687573918
6010,c,46.25291687573918,46.25291687573918
6011,t,46.25291687573918,46.25291687573918
6012,c,46.25291687573918,46.25291687573918
6013,c,46.25291687573918,46.25291687573918
6014,c,46.25291687573918,46.25291687573918
6015,c,46.25291687573918,46.25291687573918
6016,c,46.25291687573918,46.25291687573918
6017,t,46.25291687573918,46.25291687573918
6018,c,46.25291687573918,46.25291687573918
6019,c,46.25291687573918,46.25291687573918
6020,c,46.25291687573918,46.25291687573918
6021,t,46.25291687573918,46.25291687573918
6022,na,2.448862825303048,14.421610628088104
6023,c,46.25291687573918,46.25291687573918
6024,c,46.25291687573918,46.25291687573918
6025,c,46.25291687573918,46.25291687573918
6026,c,46.25291687573918,46.25291687573918
6027,c,46.25291687573918,46.25291687573918
6028,c,46.25291687573918,46.25291687573918
6029,t,46.25291687573918,46.25291687573918
6030,c,46.25291687573918,46.25291687573918
6031,c,46.25291687573918,46.25291687573918
6032,t,46.25291687573918,46.25291687573918
6033,na,-1,0
6034,c,46.25291687573918,46.25291687573918
6035,c,46.25291687573918,46.25291687573918
6036,c,46.25291687573918,46.25291687573918
6037,c,46.25291687573918,46.25291687573918
6038,c,46.25291687573918,46.25291687573918
6039,c,46.25291687573918,46.25291687573918
6040,t,46.25291687573918,46.25291687573918
6041,c,46.25291687573918,46.25291687573918
6042,c,46.25291687573918,46.25291687573918
6043,c,46.25291687573918,46.25291687573918
6044,c,46.25291687573918,46.25291687573918
6045,c,46.25291687573918,46.25291687573918
6046,c,46.25291687573918,46.25291687573918
6047,c,46.25291687573918,46.25291687573918
6048,c,46.25291687573918,46.25291687573918
6049,t,46.25291687573918,46.25291687573918
6050,c,46.25291687573918,46.25291687573918
6051,c,46.25291687573918,46.25291687573918
6052,c,46.25291687573918,46.25291687573918
6053,c,46.25291687573918,46.25291687573918
6054,c,46.25291687573918,46.25291687573918
6055,t,46.25291687573918,46.25291687573918
6056,t,46.25291687573918,46.25291687573918
6057,c,46.25291687573918,46.25291687573918
6058,t,46.25291687573918,46.25291687573918
6059,c,46.25291687573918,46.25291687573918
6060,c,46.25291687573918,46.25291687573918
6061,t,46.25291687573918,46.25291687573918
6062,t,46.25291687573918,46.25291687573918
6063,t,46.25291687573918,46.25291687573918
6064,c,46.25291687573918,46.25291687573918
6065,c,46.25291687573918,46.25291687573918
6066,t,46.25291687573918,46.25291687573918
6067,c,46.25291687573918,46.25291687573918
6068,c,11.235951099848842,13.054724471199252
6069,c,46.25291687573918,46.25291687573918
6070,c,46.25291687573918,46.25291687573918
6071,c,46.25291687573918,46.25291687573918
6072,c,46.25291687573918,46.25291687573918
6073,c,46.25291687573918,46.25291687573918
6074,c,46.25291687573918,46.25291687573918
6075,c,46.25291687573918,46.25291687573918
6076,t,46.25291687573918,46.25291687573918
6077,c,46.25291687573918,46.25291687573918
6078,c,46.25291687573918,46.25291687573918
6079,c,46.25291687573918,46.25291687573918
6080,t,46.25291687573918,46.25291687573918
6081,c,46.25291687573918,46.25291687573918
6082,c,46.25291687573918,46.25291687573918
6083,c,46.25291687573918,46.25291687573918
6084,c,46.25291687573918,46.25291687573918
6085,c,46.25291687573918,46.25291687573918
6086,c,46.25291687573918,46.25291687573918
6087,c,46.25291687573918,46.25291687573918
6088,c,46.25291687573918,46.25291687573918
6089,c,46.25291687573918,46.25291687573918
6090,c,46.25291687573918,46.25291687573918
6091,t,46.25291687573918,46.25291687573918
6092,c,46.25291687573918,46.25291687573918
6093,c,46.25291687573918,46.25291687573918
6094,t,46.25291687573918,46.25291687573918
6095,c,46.25291687573918,46.25291687573918
6096,c,46.25291687573918,46.25291687573918
6097,c,46.25291687573918,46.25291687573918
6098,c,46.25291687573918,46.25291687573918
6099,t,46.25291687573918,46.25291687573918
6100,c,46.25291687573918,46.25291687573918
6101,c,46.25291687573918,46.25291687573918
6102,c,46.25291687573918,46.25291687573918
6103,c,46.25291687573918,46.25291687573918
6104,c,46.25291687573918,46.25291687573918
6105,c,46.25291687573918,46.25291687573918
6106,t,46.25291687573918,46.25291687573918
6107,c,46.25291687573918,46.25291687573918
6108,c,46.25291687573918,46.25291687573918
6109,c,46.25291687573918,46.25291687573918
6110,t,46.25291687573918,46.25291687573918
6111,c,46.25291687573918,46.25291687573918
6112,c,46.25291687573918,46.25291687573918
6113,t,46.25291687573918,46.25291687573918
6114,t,46.25291687573918,46.25291687573918
6115,c,46.25291687573918,46.25291687573918
6116,na,-1,0
6117,t,46.25291687573918,46.25291687573918
6118,t,46.25291687573918,46.25291687573918
6119,c,46.25291687573918,46.25291687573918
6120,c,46.25291687573918,46.25291687573918
6121,c,46.25291687573918,46.25291687573918
6122,c,7.308234179319096,16.507093558426707
6123,c,46.25291687573918,46.25291687573918
6124,c,46.25291687573918,46.25291687573918
6125,c,46.25291687573918,46.25291687573918
6126,c,46.25291687573918,46.25291687573918
6127,c,46.25291687573918,46.25291687573918
6128,c,46.25291687573918,46.25291687573918
6129,c,46.25291687573918,46.25291687573918
6130,t,46.25291687573918,46.25291687573918
6131,c,46.25291687573918,46.25291687573918
6132,c,46.25291687573918,46.25291687573918
6133,c,46.25291687573918,46.25291687573918
6134,c,46.25291687573918,46.25291687573918
6135,c,46.25291687573918,46.25291687573918
6136,t,46.25291687573918,46.25291687573918
6137,t,46.25291687573918,46.25291687573918
6138,c,46.25291687573918,46.25291687573918
6139,t,46.25291687573918,46.25291687573918
6140,c,46.25291687573918,46.25291687573918
6141,c,46.25291687573918,46.25291687573918
6142,c,46.25291687573918,46.25291687573918
6143,t,46.25291687573918,46.25291687573918
6144,c,46.25291687573918,46.25291687573918
6145,c,46.25291687573918,46.25291687573918
6146,c,46.25291687573918,46.25291687573918
6147,c,46.25291687573918,46.25291687573918
6148,t,46.25291687573918,46.25291687573918
6149,c,46.25291687573918,46.25291687573918
6150,c,46.25291687573918,46.25291687573918
6151,c,46.25291687573918,46.25291687573918
6152,t,46.25291687573918,46.25291687573918
6153,c,46.25291687573918,46.25291687573918
6154,t,46.25291687573918,46.25291687573918
6155,c,46.25291687573918,46.25291687573918
6156,c,46.25291687573918,46.25291687573918
6157,c,46.25291687573918,46.25291687573918
6158,c,20.92093155192887,29.19520671567432
6159,t,46.25291687573918,46.25291687573918
6160,c,46.25291687573918,46.25291687573918
6161,c,46.25291687573918,46.25291687573918
6162,c,46.25291687573918,46.25291687573918
6163,c,46.25291687573918,46.25291687573918
6164,t,46.25291687573918,46.25291687573918
6165,c,46.25291687573918,46.25291687573918
6166,t,46.25291687573918,46.25291687573918
6167,c,46.25291687573918,46.25291687573918
6168,c,46.25291687573918,46.25291687573918
6169,c,46.25291687573918,46.25291687573918
6170,c,46.25291687573918,46.25291687573918
6171,t,46.25291687573918,46.25291687573918
6172,c,46.25291687573918,46.25291687573918
6173,c,12.527656490860897,46.25291687573918
6174,c,46.25291687573918,46.25291687573918
6175,c,46.25291687573918,46.25291687573918
6176,c,46.25291687573918,46.25291687573918
6177,c,46.25291687573918,46.25291687573918
6178,c,46.25291687573918,46.25291687573918
6179,t,46.25291687573918,46.25291687573918
6180,c,46.25291687573918,46.25291687573918
6181,c,46.25291687573918,46.25291687573918
6182,c,46.25291687573918,46.25291687573918
6183,t,46.25291687573918,46.25291687573918
6184,t,46.25291687573918,46.25291687573918
6185,t,46.25291687573918,46.25291687573918
6186,c,46.25291687573918,46.25291687573918
6187,c,46.25291687573918,46.25291687573918
6188,c,46.25291687573918,46.25291687573918
6189,c,46.25291687573918,46.25291687573918
6190,c,46.25291687573918,46.25291687573918
6191,c,46.25291687573918,46.25291687573918
6192,t,46.25291687573918,46.25291687573918
6193,c,46.25291687573918,46.25291687573918
6194,c,46.25291687573918,46.25291687573918
6195,t,46.25291687573918,46.25291687573918
6196,c,46.25291687573918,46.25291687573918
6197,c,46.25291687573918,46.25291687573918
6198,c,46.25291687573918,46.25291687573918
6199,na,1.476104397008687,23.214355267744107
6200,c,46.25291687573918,46.25291687573918
6201,t,46.25291687573918,46.25291687573918
6202,c,46.25291687573918,46.25291687573918
6203,c,46.25291687573918,46.25291687573918
6204,c,46.25291687573918,46.25291687573918
6205,c,46.25291687573918,46.25291687573918
6206,c,46.25291687573918,46.25291687573918
6207,c,46.25291687573918,46.25291687573918
6208,c,46.25291687573918,46.25291687573918
6209,c,46.25291687573918,46.25291687573918
6210,t,46.25291687573918,46.25291687573918
6211,c,46.25291687573918,46.25291687573918
6212,c,46.25291687573918,46.25291687573918
6213,t,46.25291687573918,46.25291687573918
6214,c,46.25291687573918,46.25291687573918
6215,t,46.25291687573918,46.25291687573918
6216,t,46.25291687573918,46.25291687573918
6217,c,46.25291687573918,46.25291687573918
6218,c,46.25291687573918,46.25291687573918
6219,c,46.25291687573918,46.25291687573918
6220,c,46.25291687573918,46.25291687573918
6221,t,46.25291687573918,46.25291687573918
6222,c,46.25291687573918,46.25291687573918
6223,c,46.25291687573918,46.25291687573918
6224,c,46.25291687573918,46.25291687573918
6225,c,12.53260195874135,15.35788565646196
6226,c,46.25291687573918,46.25291687573918
6227,c,46.25291687573918,46.25291687573918
6228,t,46.25291687573918,46.25291687573918
6229,c,46.25291687573918,46.25291687573918
6230,c,46.25291687573918,46.25291687573918
6231,c,46.25291687573918,46.25291687573918
6232,c,8.59737643670041,46.25291687573918
6233,c,46.25291687573918,46.25291687573918
6234,c,46.25291687573918,46.25291687573918
6235,c,46.25291687573918,46.25291687573918
6236,c,46.25291687573918,46.25291687573918
6237,c,46.25291687573918,46.25291687573918
6238,t,46.25291687573918,46.25291687573918
6239,t,46.25291687573918,46.25291687573918
6240,c,46.25291687573918,46.25291687573918
6241,c,46.25291687573918,46.25291687573918
6242,c,46.25291687573918,46.25291687573918
6243,c,46.25291687573918,46.25291687573918
6244,t,46.25291687573918,46.25291687573918
6245,c,46.25291687573918,46.25291687573918
6246,c,46.25291687573918,46.25291687573918
6247,c,46.25291687573918,46.25291687573918
6248,c,46.25291687573918,46.25291687573918
6249,c,46.25291687573918,46.25291687573918
6250,c,46.25291687573918,46.25291687573918
6251,c,46.25291687573918,46.25291687573918
6252,c,46.25291687573918,46.25291687573918
6253,t,46.25291687573918,46.25291687573918
6254,t,46.25291687573918,46.25291687573918
6255,t,46.25291687573918,46.25291687573918
6256,c,46.25291687573918,46.25291687573918
6257,c,46.25291687573918,46.25291687573918
6258,c,46.25291687573918,46.25291687573918
6259,t,46.25291687573918,46.25291687573918
6260,c,46.25291687573918,46.25291687573918
6261,c,46.25291687573918,46.25291687573918
6262,c,46.25291687573918,46.25291687573918
6263,c,46.25291687573918,46.25291687573918
6264,t,46.25291687573918,46.25291687573918
6265,c,46.25291687573918,46.25291687573918
6266,c,46.25291687573918,46.25291687573918
6267,c,46.25291687573918,46.25291687573918
6268,c,46.25291687573918,46.25291687573918
6269,c,46.25291687573918,46.25291687573918
6270,t,46.25291687573918,46.25291687573918
6271,c,46.25291687573918,46.25291687573918
6272,t,46.25291687573918,46.25291687573918
6273,c,46.25291687573918,46.25291687573918
6274,c,46.25291687573918,46.25291687573918
6275,c,46.25291687573918,46.25291687573918
6276,c,46.25291687573918,46.25291687573918
6277,c,46.25291687573918,46.25291687573918
6278,c,46.25291687573918,46.25291687573918
6279,c,46.25291687573918,46.25291687573918
6280,t,46.25291687573918,46.25291687573918
6281,c,46.25291687573918,46.25291687573918
6282,c,46.25291687573918,46.25291687573918
6283,c,46.25291687573918,46.25291687573918
6284,c,46.25291687573918,46.25291687573918
6285,c,46.25291687573918,46.25291687573918
6286,c,46.25291687573918,46.25291687573918
6287,t,46.25291687573918,46.25291687573918
6288,t,46.25291687573918,46.25291687573918
6289,c,46.25291687573918,46.25291687573918
6290,c,46.25291687573918,46.25291687573918
6291,c,46.25291687573918,46.25291687573918
6292,c,11.565339646482466,13.001113631622635
6293,t,46.25291687573918,46.25291687573918
6294,t,46.25291687573918,46.25291687573918
6295,c,46.25291687573918,46.25291687573918
6296,c,46.25291687573918,46.25291687573918
6297,c,46.25291687573918,46.25291687573918
6298,c,10.577988541625137,12.633310597932661
6299,c,46.25291687573918,46.25291687573918
6300,c,46.25291687573918,46.25291687573918
6301,c,46.25291687573918,46.25291687573918
6302,c,46.25291687573918,46.25291687573918
6303,t,46.25291687573918,46.25291687573918
6304,c,46.25291687573918,46.25291687573918
6305,c,46.25291687573918,46.25291687573918
6306,na,3.573002143558951,3.7671937397032313
6307,t,46.25291687573918,46.25291687573918
6308,c,46.25291687573918,46.25291687573918
6309,c,23.922371995129097,24.556689930661964
6310,t,46.25291687573918,46.25291687573918
6311,c,46.25291687573918,46.25291687573918
6312,c,46.25291687573918,46.25291687573918
6313,na,-1,0
6314,c,46.25291687573918,46.25291687573918
6315,t,46.25291687573918,46.25291687573918
6316,c,46.25291687573918,46.25291687573918
6317,c,46.25291687573918,46.25291687573918
6318,c,46.25291687573918,46.25291687573918
6319,t,46.25291687573918,46.25291687573918
6320,c,46.25291687573918,46.25291687573918
6321,c,46.25291687573918,46.25291687573918
6322,na,-1,0
6323,c,46.25291687573918,46.25291687573918
6324,t,46.25291687573918,46.25291687573918
6325,c,46.25291687573918,46.25291687573918
6326,t,46.25291687573918,46.25291687573918
6327,na,0.8120457623654249,11.39856604388496
6328,c,46.25291687573918,46.25291687573918
6329,c,46.25291687573918,46.25291687573918
6330,c,46.25291687573918,46.25291687573918
6331,c,46.25291687573918,46.25291687573918
6332,c,46.25291687573918,46.25291687573918
6333,t,46.25291687573918,46.25291687573918
6334,t,46.25291687573918,46.25291687573918
6335,c,46.25291687573918,46.25291687573918
6336,c,46.25291687573918,46.25291687573918
6337,c,46.25291687573918,46.25291687573918
6338,c,46.25291687573918,46.25291687573918
6339,c,46.25291687573918,46.25291687573918
6340,c,46.25291687573918,46.25291687573918
6341,c,46.25291687573918,46.25291687573918
6342,c,46.25291687573918,46.25291687573918
6343,t,46.25291687573918,46.25291687573918
6344,c,46.25291687573918,46.25291687573918
6345,c,46.25291687573918,46.25291687573918
6346,c,46.25291687573918,46.25291687573918
6347,t,46.25291687573918,46.25291687573918
6348,c,46.25291687573918,46.25291687573918
6349,c,46.25291687573918,46.25291687573918
6350,t,46.25291687573918,46.25291687573918
6351,c,46.25291687573918,46.25291687573918
6352,c,46.25291687573918,46.25291687573918
6353,t,46.25291687573918,46.25291687573918
6354,t,46.25291687573918,46.25291687573918
6355,c,46.25291687573918,46.25291687573918
6356,t,46.25291687573918,46.25291687573918
6357,c,46.25291687573918,46.25291687573918
6358,c,46.25291687573918,46.25291687573918
6359,t,46.25291687573918,46.25291687573918
6360,c,46.25291687573918,46.25291687573918
6361,c,46.25291687573918,46.25291687573918
6362,c,46.25291687573918,46.25291687573918
6363,c,22.36930480491956,36.09159982725512
6364,c,46.25291687573918,46.25291687573918
6365,c,46.25291687573918,46.25291687573918
6366,c,46.25291687573918,46.25291687573918
6367,c,46.25291687573918,46.25291687573918
6368,c,46.25291687573918,46.25291687573918
6369,t,46.25291687573918,46.25291687573918
6370,c,46.25291687573918,46.25291687573918
6371,c,46.25291687573918,46.25291687573918
6372,t,46.25291687573918,46.25291687573918
6373,c,46.25291687573918,46.25291687573918
6374,c,46.25291687573918,46.25291687573918
6375,c,46.25291687573918,46.25291687573918
6376,c,46.25291687573918,46.25291687573918
6377,c,46.25291687573918,46.25291687573918
6378,c,46.25291687573918,46.25291687573918
6379,c,46.25291687573918,46.25291687573918
6380,t,46.25291687573918,46.25291687573918
6381,c,46.25291687573918,46.25291687573918
6382,c,3.799201911904468,7.335688930357719
6383,c,46.25291687573918,46.25291687573918
6384,c,14.231157039896589,15.553057365755098
6385,t,46.25291687573918,46.25291687573918
6386,c,46.25291687573918,46.25291687573918
6387,c,46.25291687573918,46.25291687573918
6388,c,46.25291687573918,46.25291687573918
6389,t,46.25291687573918,46.25291687573918
6390,c,46.25291687573918,46.25291687573918
6391,c,46.25291687573918,46.25291687573918
6392,t,46.25291687573918,46.25291687573918
6393,c,46.25291687573918,46.25291687573918
6394,c,46.25291687573918,46.25291687573918
6395,c,46.25291687573918,46.25291687573918
6396,c,46.25291687573918,46.25291687573918
6397,t,46.25291687573918,46.25291687573918
6398,c,46.25291687573918,46.25291687573918
6399,c,46.25291687573918,46.25291687573918
6400,t,46.25291687573918,46.25291687573918
6401,c,46.25291687573918,46.25291687573918
6402,t,46.25291687573918,46.25291687573918
6403,c,46.25291687573918,46.25291687573918
6404,c,46.25291687573918,46.25291687573918
6405,t,46.25291687573918,46.25291687573918
6406,c,46.25291687573918,46.25291687573918
6407,c,46.25291687573918,46.25291687573918
6408,c,10.995387405910057,18.525409266182898
6409,c,46.25291687573918,46.25291687573918
6410,c,46.25291687573918,46.25291687573918
6411,c,46.25291687573918,46.25291687573918
6412,c,46.25291687573918,46.25291687573918
6413,c,46.25291687573918,46.25291687573918
6414,t,46.25291687573918,46.25291687573918
6415,c,46.25291687573918,46.25291687573918
6416,c,46.25291687573918,46.25291687573918
6417,c,46.25291687573918,46.25291687573918
6418,c,46.25291687573918,46.25291687573918
6419,t,46.25291687573918,46.25291687573918
6420,c,46.25291687573918,46.25291687573918
6421,c,46.25291687573918,46.25291687573918
6422,t,46.25291687573918,46.25291687573918
6423,c,46.25291687573918,46.25291687573918
6424,c,46.25291687573918,46.25291687573918
6425,c,46.25291687573918,46.25291687573918
6426,c,46.25291687573918,46.25291687573918
6427,c,46.25291687573918,46.25291687573918
6428,c,46.25291687573918,46.25291687573918
6429,t,46.25291687573918,46.25291687573918
6430,t,46.25291687573918,46.25291687573918
6431,c,46.25291687573918,46.25291687573918
6432,c,46.25291687573918,46.25291687573918
6433,c,46.25291687573918,46.25291687573918
6434,c,46.25291687573918,46.25291687573918
6435,c,46.25291687573918,46.25291687573918
6436,c,46.25291687573918,46.25291687573918
6437,c,46.25291687573918,46.25291687573918
6438,c,46.25291687573918,46.25291687573918
6439,c,46.25291687573918,46.25291687573918
6440,t,46.25291687573918,46.25291687573918
6441,c,46.25291687573918,46.25291687573918
6442,c,46.25291687573918,46.25291687573918
6443,c,46.25291687573918,46.25291687573918
6444,c,46.25291687573918,46.25291687573918
6445,c,46.25291687573918,46.25291687573918
6446,t,46.25291687573918,46.25291687573918
6447,c,46.25291687573918,46.25291687573918
6448,c,46.25291687573918,46.25291687573918
6449,c,46.25291687573918,46.25291687573918
6450,c,46.25291687573918,46.25291687573918
6451,c,2.552236235320749,2.9451988464314316
6452,c,46.25291687573918,46.25291687573918
6453,t,46.25291687573918,46.25291687573918
6454,c,46.25291687573918,46.25291687573918
6455,c,46.25291687573918,46.25291687573918
6456,c,46.25291687573918,46.25291687573918
6457,c,46.25291687573918,46.25291687573918
6458,c,46.25291687573918,46.25291687573918
6459,c,46.25291687573918,46.25291687573918
6460,c,46.25291687573918,46.25291687573918
6461,t,46.25291687573918,46.25291687573918
6462,c,46.25291687573918,46.25291687573918
6463,t,46.25291687573918,46.25291687573918
6464,c,46.25291687573918,46.25291687573918
6465,t,46.25291687573918,46.25291687573918
6466,c,46.25291687573918,46.25291687573918
6467,c,46.25291687573918,46.25291687573918
6468,c,46.25291687573918,46.25291687573918
6469,t,46.25291687573918,46.25291687573918
6470,c,46.25291687573918,46.25291687573918
6471,c,46.25291687573918,46.25291687573918
6472,c,46.25291687573918,46.25291687573918
6473,c,46.25291687573918,46.25291687573918
6474,c,46.25291687573918,46.25291687573918
6475,c,46.25291687573918,46.25291687573918
6476,t,46.25291687573918,46.25291687573918
6477,t,46.25291687573918,46.25291687573918
6478,t,46.25291687573918,46.25291687573918
6479,na,6.695486938601011,11.988024935119546
6480,c,46.25291687573918,46.25291687573918
6481,c,46.25291687573918,46.25291687573918
6482,c,46.25291687573918,46.25291687573918
6483,c,46.25291687573918,46.25291687573918
6484,c,46.25291687573918,46.25291687573918
6485,c,46.25291687573918,46.25291687573918
6486,c,46.25291687573918,46.25291687573918
6487,t,46.25291687573918,46.25291687573918
6488,t,46.25291687573918,46.25291687573918
6489,c,46.25291687573918,46.25291687573918
6490,c,13.033103080361633,21.588560814730165
6491,c,46.25291687573918,46.25291687573918
6492,c,46.25291687573918,46.25291687573918
6493,c,46.25291687573918,46.25291687573918
6494,c,46.25291687573918,46.25291687573918
6495,c,46.25291687573918,46.25291687573918
6496,c,46.25291687573918,46.25291687573918
6497,t,46.25291687573918,46.25291687573918
6498,c,46.25291687573918,46.25291687573918
6499,t,46.25291687573918,46.25291687573918
6500,c,46.25291687573918,46.25291687573918
6501,c,46.25291687573918,46.25291687573918
6502,c,46.25291687573918,46.25291687573918
6503,c,46.25291687573918,46.25291687573918
6504,t,46.25291687573918,46.25291687573918
6505,c,20.971150317332967,25.96984104760272
6506,c,46.25291687573918,46.25291687573918
6507,c,46.25291687573918,46.25291687573918
6508,c,46.25291687573918,46.25291687573918
6509,c,46.25291687573918,46.25291687573918
6510,t,46.25291687573918,46.25291687573918
6511,c,46.25291687573918,46.25291687573918
6512,c,46.25291687573918,46.25291687573918
6513,c,46.25291687573918,46.25291687573918
6514,c,46.25291687573918,46.25291687573918
6515,c,46.25291687573918,46.25291687573918
6516,c,46.25291687573918,46.25291687573918
6517,t,46.25291687573918,46.25291687573918
6518,c,46.25291687573918,46.25291687573918
6519,t,46.25291687573918,46.25291687573918
6520,t,46.25291687573918,46.25291687573918
6521,c,46.25291687573918,46.25291687573918
6522,t,46.25291687573918,46.25291687573918
6523,c,46.25291687573918,46.25291687573918
6524,c,46.25291687573918,46.25291687573918
6525,t,46.25291687573918,46.25291687573918
6526,c,46.25291687573918,46.25291687573918
6527,t,46.25291687573918,46.25291687573918
6528,c,46.25291687573918,46.25291687573918
6529,c,46.25291687573918,46.25291687573918
6530,t,46.25291687573918,46.25291687573918
6531,t,46.25291687573918,46.25291687573918
6532,c,46.25291687573918,46.25291687573918
6533,c,46.25291687573918,46.25291687573918
6534,c,46.25291687573918,46.25291687573918
6535,c,46.25291687573918,46.25291687573918
6536,t,46.25291687573918,46.25291687573918
6537,c,46.25291687573918,46.25291687573918
6538,c,46.25291687573918,46.25291687573918
6539,c,46.25291687573918,46.25291687573918
6540,c,46.25291687573918,46.25291687573918
6541,c,46.25291687573918,46.25291687573918
6542,c,46.25291687573918,46.25291687573918
6543,c,46.25291687573918,46.25291687573918
6544,c,28.905232389448035,31.37683226697662
6545,c,46.25291687573918,46.25291687573918
6546,t,46.25291687573918,46.25291687573918
6547,c,46.25291687573918,46.25291687573918
6548,t,46.25291687573918,46.25291687573918
6549,c,46.25291687573918,46.25291687573918
6550,c,46.25291687573918,46.25291687573918
6551,c,46.25291687573918,46.25291687573918
6552,c,46.25291687573918,46.25291687573918
6553,t,46.25291687573918,46.25291687573918
6554,c,46.25291687573918,46.25291687573918
6555,t,46.25291687573918,46.25291687573918
6556,c,46.25291687573918,46.25291687573918
6557,c,46.25291687573918,46.25291687573918
6558,c,46.25291687573918,46.25291687573918
6559,c,46.25291687573918,46.25291687573918
6560,c,46.25291687573918,46.25291687573918
6561,c,46.25291687573918,46.25291687573918
6562,c,46.25291687573918,46.25291687573918
6563,c,46.25291687573918,46.25291687573918
6564,c,46.25291687573918,46.25291687573918
6565,c,46.25291687573918,46.25291687573918
6566,c,46.25291687573918,46.25291687573918
6567,c,46.25291687573918,46.25291687573918
6568,t,46.25291687573918,46.25291687573918
6569,t,46.25291687573918,46.25291687573918
6570,t,46.25291687573918,46.25291687573918
6571,c,46.25291687573918,46.25291687573918
6572,c,46.25291687573918,46.25291687573918
6573,c,46.25291687573918,46.25291687573918
6574,t,46.25291687573918,46.25291687573918
6575,c,46.25291687573918,46.25291687573918
6576,c,46.25291687573918,46.25291687573918
6577,c,46.25291687573918,46.25291687573918
6578,c,8.31158740099883,10.8659634541346
6579,c,46.25291687573918,46.25291687573918
6580,c,46.25291687573918,46.25291687573918
6581,c,46.25291687573918,46.25291687573918
6582,c,46.25291687573918,46.25291687573918
6583,c,46.25291687573918,46.25291687573918
6584,c,46.25291687573918,46.25291687573918
6585,c,46.25291687573918,46.25291687573918
6586,c,46.25291687573918,46.25291687573918
6587,c,46.25291687573918,46.25291687573918
6588,c,46.25291687573918,46.25291687573918
6589,c,46.25291687573918,46.25291687573918
6590,t,46.25291687573918,46.25291687573918
6591,c,46.25291687573918,46.25291687573918
6592,c,46.25291687573918,46.25291687573918
6593,c,46.25291687573918,46.25291687573918
6594,t,46.25291687573918,46.25291687573918
6595,c,46.25291687573918,46.25291687573918
6596,c,46.25291687573918,46.25291687573918
6597,c,46.25291687573918,46.25291687573918
6598,c,46.25291687573918,46.25291687573918
6599,c,46.25291687573918,46.25291687573918
6600,c,46.25291687573918,46.25291687573918
6601,c,46.25291687573918,46.25291687573918
6602,c,46.25291687573918,46.25291687573918
6603,c,46.25291687573918,46.25291687573918
6604,c,46.25291687573918,46.25291687573918
6605,c,46.25291687573918,46.25291687573918
6606,c,46.25291687573918,46.25291687573918
6607,t,46.25291687573918,46.25291687573918
6608,c,46.25291687573918,46.25291687573918
6609,c,46.25291687573918,46.25291687573918
6610,t,46.25291687573918,46.25291687573918
6611,c,46.25291687573918,46.25291687573918
6612,c,46.25291687573918,46.25291687573918
6613,c,46.25291687573918,46.25291687573918
6614,c,46.25291687573918,46.25291687573918
6615,c,46.25291687573918,46.25291687573918
6616,c,46.25291687573918,46.25291687573918
6617,c,46.25291687573918,46.25291687573918
6618,t,46.25291687573918,46.25291687573918
6619,t,46.25291687573918,46.25291687573918
6620,c,46.25291687573918,46.25291687573918
6621,t,46.25291687573918,46.25291687573918
6622,c,36.42587796427182,46.25291687573918
6623,c,46.25291687573918,46.25291687573918
6624,t,46.25291687573918,46.25291687573918
6625,t,46.25291687573918,46.25291687573918
6626,c,46.25291687573918,46.25291687573918
6627,t,46.25291687573918,46.25291687573918
6628,t,46.25291687573918,46.25291687573918
6629,c,46.25291687573918,46.25291687573918
6630,c,46.25291687573918,46.25291687573918
6631,c,46.25291687573918,46.25291687573918
6632,c,46.25291687573918,46.25291687573918
6633,c,46.25291687573918,46.25291687573918
6634,c,46.25291687573918,46.25291687573918
6635,c,46.25291687573918,46.25291687573918
6636,c,46.25291687573918,46.25291687573918
6637,t,46.25291687573918,46.25291687573918
6638,c,46.25291687573918,46.25291687573918
6639,t,46.25291687573918,46.25291687573918
6640,c,46.25291687573918,46.25291687573918
6641,c,46.25291687573918,46.25291687573918
6642,t,46.25291687573918,46.25291687573918
6643,c,46.25291687573918,46.25291687573918
6644,c,11.934346396268497,17.727801712462806
6645,c,46.25291687573918,46.25291687573918
6646,c,46.25291687573918,46.25291687573918
6647,c,46.25291687573918,46.25291687573918
6648,c,46.25291687573918,46.25291687573918
6649,t,46.25291687573918,46.25291687573918
6650,t,46.25291687573918,46.25291687573918
6651,c,46.25291687573918,46.25291687573918
6652,c,46.25291687573918,46.25291687573918
6653,c,46.25291687573918,46.25291687573918
6654,c,46.25291687573918,46.25291687573918
6655,t,46.25291687573918,46.25291687573918
6656,c,46.25291687573918,46.25291687573918
6657,t,46.25291687573918,46.25291687573918
6658,c,46.25291687573918,46.25291687573918
6659,c,46.25291687573918,46.25291687573918
6660,t,46.25291687573918,46.25291687573918
6661,c,46.25291687573918,46.25291687573918
6662,c,46.25291687573918,46.25291687573918
6663,c,46.25291687573918,46.25291687573918
6664,c,46.25291687573918,46.25291687573918
6665,c,46.25291687573918,46.25291687573918
6666,c,46.25291687573918,46.25291687573918
6667,c,46.25291687573918,46.25291687573918
6668,na,4.121361424810079,5.150627149269922
6669,c,46.25291687573918,46.25291687573918
6670,c,46.25291687573918,46.25291687573918
6671,c,46.25291687573918,46.25291687573918
6672,c,46.25291687573918,46.25291687573918
6673,t,46.25291687573918,46.25291687573918
6674,c,46.25291687573918,46.25291687573918
6675,c,46.25291687573918,46.25291687573918
6676,c,46.25291687573918,46.25291687573918
6677,c,46.25291687573918,46.25291687573918
6678,c,46.25291687573918,46.25291687573918
6679,c,46.25291687573918,46.25291687573918
6680,t,46.25291687573918,46.25291687573918
6681,t,46.25291687573918,46.25291687573918
6682,c,46.25291687573918,46.25291687573918
6683,na,5.562302654179375,5.738140937240897
6684,c,46.25291687573918,46.25291687573918
6685,c,46.25291687573918,46.25291687573918
6686,c,46.25291687573918,46.25291687573918
6687,t,46.25291687573918,46.25291687573918
6688,c,46.25291687573918,46.25291687573918
6689,c,46.25291687573918,46.25291687573918
6690,c,46.25291687573918,46.25291687573918
6691,c,46.25291687573918,46.25291687573918
6692,c,5.986785701160156,12.739625258329529
6693,c,46.25291687573918,46.25291687573918
6694,c,46.25291687573918,46.25291687573918
6695,c,46.25291687573918,46.25291687573918
6696,c,46.25291687573918,46.25291687573918
6697,t,46.25291687573918,46.25291687573918
6698,c,46.25291687573918,46.25291687573918
6699,t,46.25291687573918,46.25291687573918
6700,c,46.25291687573918,46.25291687573918
6701,c,46.25291687573918,46.25291687573918
6702,t,46.25291687573918,46.25291687573918
6703,c,46.25291687573918,46.25291687573918
6704,c,46.25291687573918,46.25291687573918
6705,c,46.25291687573918,46.25291687573918
6706,c,46.25291687573918,46.25291687573918
6707,c,16.608130550081487,20.899230801476335
6708,c,46.25291687573918,46.25291687573918
6709,c,9.432583180281407,11.273909610657022
6710,c,46.25291687573918,46.25291687573918
6711,c,46.25291687573918,46.25291687573918
6712,c,46.25291687573918,46.25291687573918
6713,c,46.25291687573918,46.25291687573918
6714,c,46.25291687573918,46.25291687573918
6715,c,12.669812492573723,17.40903657384263
6716,c,46.25291687573918,46.25291687573918
6717,na,4.790296662950441,15.3058240087717
6718,c,46.25291687573918,46.25291687573918
6719,c,46.25291687573918,46.25291687573918
6720,c,46.25291687573918,46.25291687573918
6721,c,46.25291687573918,46.25291687573918
6722,c,46.25291687573918,46.25291687573918
6723,t,46.25291687573918,46.25291687573918
6724,na,14.555706678808662,22.814898348756522
6725,t,46.25291687573918,46.25291687573918
6726,c,46.25291687573918,46.25291687573918
6727,t,46.25291687573918,46.25291687573918
6728,t,46.25291687573918,46.25291687573918
6729,c,46.25291687573918,46.25291687573918
6730,c,46.25291687573918,46.25291687573918
6731,t,46.25291687573918,46.25291687573918
6732,t,46.25291687573918,46.25291687573918
6733,c,46.25291687573918,46.25291687573918
6734,c,46.25291687573918,46.25291687573918
6735,c,46.25291687573918,46.25291687573918
6736,c,46.25291687573918,46.25291687573918
6737,c,46.25291687573918,46.25291687573918
6738,c,46.25291687573918,46.25291687573918
6739,c,46.25291687573918,46.25291687573918
6740,c,46.25291687573918,46.25291687573918
6741,c,46.25291687573918,46.25291687573918
6742,c,46.25291687573918,46.25291687573918
6743,c,46.25291687573918,46.25291687573918
6744,c,46.25291687573918,46.25291687573918
6745,c,46.25291687573918,46.25291687573918
6746,c,46.25291687573918,46.25291687573918
6747,c,46.25291687573918,46.25291687573918
6748,c,46.25291687573918,46.25291687573918
6749,c,46.25291687573918,46.25291687573918
6750,na,0,2.6596503432912364
6751,c,46.25291687573918,46.25291687573918
6752,c,46.25291687573918,46.25291687573918
6753,t,46.25291687573918,46.25291687573918
6754,c,46.25291687573918,46.25291687573918
6755,c,46.25291687573918,46.25291687573918
6756,c,46.25291687573918,46.25291687573918
6757,c,46.25291687573918,46.25291687573918
6758,t,46.25291687573918,46.25291687573918
6759,t,46.25291687573918,46.25291687573918
6760,na,0,24.97584724135351
6761,c,46.25291687573918,46.25291687573918
6762,c,46.25291687573918,46.25291687573918
6763,c,46.25291687573918,46.25291687573918
6764,c,46.25291687573918,46.25291687573918
6765,t,46.25291687573918,46.25291687573918
6766,c,46.25291687573918,46.25291687573918
6767,c,46.25291687573918,46.25291687573918
6768,t,46.25291687573918,46.25291687573918
6769,c,46.25291687573918,46.25291687573918
6770,c,46.25291687573918,46.25291687573918
6771,c,46.25291687573918,46.25291687573918
6772,c,46.25291687573918,46.25291687573918
6773,c,46.25291687573918,46.25291687573918
6774,c,46.25291687573918,46.25291687573918
6775,t,46.25291687573918,46.25291687573918
6776,t,46.25291687573918,46.25291687573918
6777,c,46.25291687573918,46.25291687573918
6778,c,46.25291687573918,46.25291687573918
6779,c,46.25291687573918,46.25291687573918
6780,t,46.25291687573918,46.25291687573918
6781,c,46.25291687573918,46.25291687573918
6782,c,46.25291687573918,46.25291687573918
6783,t,46.25291687573918,46.25291687573918
6784,c,46.25291687573918,46.25291687573918
6785,t,46.25291687573918,46.25291687573918
6786,c,46.25291687573918,46.25291687573918
6787,c,46.25291687573918,46.25291687573918
6788,c,46.25291687573918,46.25291687573918
6789,c,46.25291687573918,46.25291687573918
6790,na,12.600248180556308,14.206382053242471
6791,c,46.25291687573918,46.25291687573918
6792,c,46.25291687573918,46.25291687573918
6793,c,46.25291687573918,46.25291687573918
6794,c,46.25291687573918,46.25291687573918
6795,c,46.25291687573918,46.25291687573918
6796,c,46.25291687573918,46.25291687573918
6797,c,46.25291687573918,46.25291687573918
6798,c,46.25291687573918,46.25291687573918
6799,c,7.2179407797546045,10.226801784539285
6800,c,46.25291687573918,46.25291687573918
6801,c,46.25291687573918,46.25291687573918
6802,c,46.25291687573918,46.25291687573918
6803,c,46.25291687573918,46.25291687573918
6804,c,46.25291687573918,46.25291687573918
6805,c,46.25291687573918,46.25291687573918
6806,c,21.55780262382728,25.81016980131834
6807,c,46.25291687573918,46.25291687573918
6808,t,46.25291687573918,46.25291687573918
6809,t,46.25291687573918,46.25291687573918
6810,c,46.25291687573918,46.25291687573918
6811,c,46.25291687573918,46.25291687573918
6812,c,9.955231975797748,14.46942276707557
6813,c,46.25291687573918,46.25291687573918
6814,c,46.25291687573918,46.25291687573918
6815,c,46.25291687573918,46.25291687573918
6816,c,46.25291687573918,46.25291687573918
6817,c,46.25291687573918,46.25291687573918
6818,c,46.25291687573918,46.25291687573918
6819,c,46.25291687573918,46.25291687573918
6820,c,46.25291687573918,46.25291687573918
6821,t,46.25291687573918,46.25291687573918
6822,c,46.25291687573918,46.25291687573918
6823,c,46.25291687573918,46.25291687573918
6824,c,46.25291687573918,46.25291687573918
6825,c,46.25291687573918,46.25291687573918
6826,c,46.25291687573918,46.25291687573918
6827,c,46.25291687573918,46.25291687573918
6828,t,46.25291687573918,46.25291687573918
6829,c,46.25291687573918,46.25291687573918
6830,c,46.25291687573918,46.25291687573918
6831,c,46.25291687573918,46.25291687573918
6832,c,5.351558628276469,8.224707048870984
6833,c,46.25291687573918,46.25291687573918
6834,c,46.25291687573918,46.25291687573918
6835,t,46.25291687573918,46.25291687573918
6836,c,46.25291687573918,46.25291687573918
6837,c,46.25291687573918,46.25291687573918
6838,c,46.25291687573918,46.25291687573918
6839,t,46.25291687573918,46.25291687573918
6840,c,46.25291687573918,46.25291687573918
6841,c,46.25291687573918,46.25291687573918
6842,c,46.25291687573918,46.25291687573918
6843,c,46.25291687573918,46.25291687573918
6844,na,0,0.20964897815405817
6845,c,46.25291687573918,46.25291687573918
6846,t,46.25291687573918,46.25291687573918
6847,c,46.25291687573918,46.25291687573918
6848,c,46.25291687573918,46.25291687573918
6849,c,9.949413363730892,18.972706473392773
6850,c,46.25291687573918,46.25291687573918
6851,t,46.25291687573918,46.25291687573918
6852,c,46.25291687573918,46.25291687573918
6853,c,46.25291687573918,46.25291687573918
6854,c,46.25291687573918,46.25291687573918
6855,c,46.25291687573918,46.25291687573918
6856,c,46.25291687573918,46.25291687573918
6857,c,46.25291687573918,46.25291687573918
6858,c,46.25291687573918,46.25291687573918
6859,c,46.25291687573918,46.25291687573918
6860,c,2.526646130746706,4.3178480685415055
6861,c,46.25291687573918,46.25291687573918
6862,t,46.25291687573918,46.25291687573918
6863,c,46.25291687573918,46.25291687573918
6864,t,46.25291687573918,46.25291687573918
6865,c,46.25291687573918,46.25291687573918
6866,t,46.25291687573918,46.25291687573918
6867,c,46.25291687573918,46.25291687573918
6868,c,46.25291687573918,46.25291687573918
6869,c,46.25291687573918,46.25291687573918
6870,c,46.25291687573918,46.25291687573918
6871,t,46.25291687573918,46.25291687573918
6872,c,46.25291687573918,46.25291687573918
6873,t,46.25291687573918,46.25291687573918
6874,na,0,0.45782477804496774
6875,t,46.25291687573918,46.25291687573918
6876,c,46.25291687573918,46.25291687573918
6877,c,46.25291687573918,46.25291687573918
6878,c,4.241443422098542,10.301361310515187
6879,c,46.25291687573918,46.25291687573918
6880,c,46.25291687573918,46.25291687573918
6881,c,46.25291687573918,46.25291687573918
6882,c,46.25291687573918,46.25291687573918
6883,c,46.25291687573918,46.25291687573918
6884,t,46.25291687573918,46.25291687573918
6885,c,46.25291687573918,46.25291687573918
6886,c,46.25291687573918,46.25291687573918
6887,c,46.25291687573918,46.25291687573918
6888,c,12.25388161695356,14.922974241294169
6889,c,46.25291687573918,46.25291687573918
6890,c,46.25291687573918,46.25291687573918
6891,t,46.25291687573918,46.25291687573918
6892,t,46.25291687573918,46.25291687573918
6893,c,46.25291687573918,46.25291687573918
6894,c,46.25291687573918,46.25291687573918
6895,c,46.25291687573918,46.25291687573918
6896,c,46.25291687573918,46.25291687573918
6897,c,46.25291687573918,46.25291687573918
6898,c,46.25291687573918,46.25291687573918
6899,c,46.25291687573918,46.25291687573918
6900,c,46.25291687573918,46.25291687573918
6901,c,46.25291687573918,46.25291687573918
6902,c,11.895423205423233,16.283496627469933
6903,c,46.25291687573918,46.25291687573918
6904,c,46.25291687573918,46.25291687573918
6905,c,46.25291687573918,46.25291687573918
6906,t,46.25291687573918,46.25291687573918
6907,c,46.25291687573918,46.25291687573918
6908,c,46.25291687573918,46.25291687573918
6909,c,26.324484730720922,39.8081061134212
6910,c,46.25291687573918,46.25291687573918
6911,t,46.25291687573918,46.25291687573918
6912,c,46.25291687573918,46.25291687573918
6913,t,46.25291687573918,46.25291687573918
6914,c,46.25291687573918,46.25291687573918
6915,t,46.25291687573918,46.25291687573918
6916,c,46.25291687573918,46.25291687573918
6917,na,14.659722353126023,15.296171117478224
6918,c,46.25291687573918,46.25291687573918
6919,c,46.25291687573918,46.25291687573918
6920,c,46.25291687573918,46.25291687573918
6921,c,46.25291687573918,46.25291687573918
6922,c,46.25291687573918,46.25291687573918
6923,c,46.25291687573918,46.25291687573918
6924,c,46.25291687573918,46.25291687573918
6925,c,46.25291687573918,46.25291687573918
6926,c,46.25291687573918,46.25291687573918
6927,c,46.25291687573918,46.25291687573918
6928,c,46.25291687573918,46.25291687573918
6929,c,46.25291687573918,46.25291687573918
6930,t,46.25291687573918,46.25291687573918
6931,na,0,46.25291687573918
6932,c,46.25291687573918,46.25291687573918
6933,t,46.25291687573918,46.25291687573918
6934,c,46.25291687573918,46.25291687573918
6935,c,46.25291687573918,46.25291687573918
6936,c,46.25291687573918,46.25291687573918
6937,c,46.25291687573918,46.25291687573918
6938,c,46.25291687573918,46.25291687573918
6939,c,46.25291687573918,46.25291687573918
6940,t,46.25291687573918,46.25291687573918
6941,c,46.25291687573918,46.25291687573918
6942,c,46.25291687573918,46.25291687573918
6943,c,46.25291687573918,46.25291687573918
6944,c,16.329631312813955,18.860242117279792
6945,t,46.25291687573918,46.25291687573918
6946,c,46.25291687573918,46.25291687573918
6947,c,46.25291687573918,46.25291687573918
6948,c,46.25291687573918,46.25291687573918
6949,c,46.25291687573918,46.25291687573918
6950,c,46.25291687573918,46.25291687573918
6951,t,46.25291687573918,46.25291687573918
6952,c,46.25291687573918,46.25291687573918
6953,c,46.25291687573918,46.25291687573918
6954,c,46.25291687573918,46.25291687573918
6955,c,46.25291687573918,46.25291687573918
6956,c,46.25291687573918,46.25291687573918
6957,c,46.25291687573918,46.25291687573918
6958,c,46.25291687573918,46.25291687573918
6959,c,46.25291687573918,46.25291687573918
6960,t,46.25291687573918,46.25291687573918
6961,c,11.129444078125418,15.519487770822629
6962,na,1.7301248468362123,3.4900076777113767
6963,c,46.25291687573918,46.25291687573918
6964,c,46.25291687573918,46.25291687573918
6965,c,46.25291687573918,46.25291687573918
6966,c,46.25291687573918,46.25291687573918
6967,c,46.25291687573918,46.25291687573918
6968,c,46.25291687573918,46.25291687573918
6969,c,46.25291687573918,46.25291687573918
6970,c,46.25291687573918,46.25291687573918
6971,na,0,3.4804508542336574
6972,c,46.25291687573918,46.25291687573918
6973,c,46.25291687573918,46.25291687573918
6974,c,46.25291687573918,46.25291687573918
6975,c,46.25291687573918,46.25291687573918
6976,c,46.25291687573918,46.25291687573918
6977,c,46.25291687573918,46.25291687573918
6978,c,5.80771961585992,7.742235798047108
6979,c,46.25291687573918,46.25291687573918
6980,c,46.25291687573918,46.25291687573918
6981,c,46.25291687573918,46.25291687573918
6982,c,46.25291687573918,46.25291687573918
6983,c,46.25291687573918,46.25291687573918
6984,c,46.25291687573918,46.25291687573918
6985,c,46.25291687573918,46.25291687573918
6986,t,46.25291687573918,46.25291687573918
6987,c,46.25291687573918,46.25291687573918
6988,na,0,46.25291687573918
6989,c,46.25291687573918,46.25291687573918
6990,c,46.25291687573918,46.25291687573918
6991,c,46.25291687573918,46.25291687573918
6992,c,46.25291687573918,46.25291687573918
6993,c,46.25291687573918,46.25291687573918
6994,c,46.25291687573918,46.25291687573918
6995,t,46.25291687573918,46.25291687573918
6996,t,46.25291687573918,46.25291687573918
6997,t,46.25291687573918,46.25291687573918
6998,c,46.25291687573918,46.25291687573918
6999,c,46.25291687573918,46.25291687573918
7000,t,46.25291687573918,46.25291687573918
7001,c,46.25291687573918,46.25291687573918
7002,c,46.25291687573918,46.25291687573918
7003,c,46.25291687573918,46.25291687573918
7004,c,46.25291687573918,46.25291687573918
7005,c,46.25291687573918,46.25291687573918
7006,c,46.25291687573918,46.25291687573918
7007,c,46.25291687573918,46.25291687573918
7008,c,46.25291687573918,46.25291687573918
7009,c,46.25291687573918,46.25291687573918
7010,t,46.25291687573918,46.25291687573918
7011,c,46.25291687573918,46.25291687573918
7012,c,46.25291687573918,46.25291687573918
7013,c,46.25291687573918,46.25291687573918
7014,c,46.25291687573918,46.25291687573918
7015,t,46.25291687573918,46.25291687573918
7016,c,46.25291687573918,46.25291687573918
7017,c,46.25291687573918,46.25291687573918
7018,c,46.25291687573918,46.25291687573918
7019,c,46.25291687573918,46.25291687573918
7020,c,46.25291687573918,46.25291687573918
7021,c,46.25291687573918,46.25291687573918
7022,c,46.25291687573918,46.25291687573918
7023,c,46.25291687573918,46.25291687573918
7024,t,46.25291687573918,46.25291687573918
7025,c,46.25291687573918,46.25291687573918
7026,na,1.671673879187,4.965813187754729
7027,c,46.25291687573918,46.25291687573918
7028,c,46.25291687573918,46.25291687573918
7029,c,46.25291687573918,46.25291687573918
7030,c,46.25291687573918,46.25291687573918
7031,c,46.25291687573918,46.25291687573918
7032,t,46.25291687573918,46.25291687573918
7033,t,46.25291687573918,46.25291687573918
7034,c,46.25291687573918,46.25291687573918
7035,c,46.25291687573918,46.25291687573918
7036,c,46.25291687573918,46.25291687573918
7037,c,46.25291687573918,46.25291687573918
7038,c,46.25291687573918,46.25291687573918
7039,c,46.25291687573918,46.25291687573918
7040,c,46.25291687573918,46.25291687573918
7041,c,46.25291687573918,46.25291687573918
7042,c,46.25291687573918,46.25291687573918
7043,c,46.25291687573918,46.25291687573918
7044,c,46.25291687573918,46.25291687573918
7045,c,46.25291687573918,46.25291687573918
7046,c,46.25291687573918,46.25291687573918
7047,c,46.25291687573918,46.25291687573918
7048,c,46.25291687573918,46.25291687573918
7049,c,46.25291687573918,46.25291687573918
7050,c,46.25291687573918,46.25291687573918
7051,c,46.25291687573918,46.25291687573918
7052,c,15.12821010019786,25.04228774308165
7053,c,46.25291687573918,46.25291687573918
7054,c,46.25291687573918,46.25291687573918
7055,c,46.25291687573918,46.25291687573918
7056,t,46.25291687573918,46.25291687573918
7057,c,46.25291687573918,46.25291687573918
7058,c,46.25291687573918,46.25291687573918
7059,t,46.25291687573918,46.25291687573918
7060,t,46.25291687573918,46.25291687573918
7061,c,46.25291687573918,46.25291687573918
7062,t,46.25291687573918,46.25291687573918
7063,c,46.25291687573918,46.25291687573918
7064,c,46.25291687573918,46.25291687573918
7065,c,46.25291687573918,46.25291687573918
7066,c,46.25291687573918,46.25291687573918
7067,c,46.25291687573918,46.25291687573918
7068,c,46.25291687573918,46.25291687573918
7069,c,46.25291687573918,46.25291687573918
7070,t,46.25291687573918,46.25291687573918
7071,c,46.25291687573918,46.25291687573918
7072,c,46.25291687573918,46.25291687573918
7073,t,46.25291687573918,46.25291687573918
7074,c,46.25291687573918,46.25291687573918
7075,c,46.25291687573918,46.25291687573918
7076,c,46.25291687573918,46.25291687573918
7077,t,46.25291687573918,46.25291687573918
7078,c,46.25291687573918,46.25291687573918
7079,c,46.25291687573918,46.25291687573918
7080,na,5.725685685215263,11.532918354987464
7081,c,46.25291687573918,46.25291687573918
7082,c,46.25291687573918,46.25291687573918
7083,c,46.25291687573918,46.25291687573918
7084,c,46.25291687573918,46.25291687573918
7085,c,46.25291687573918,46.25291687573918
7086,c,46.25291687573918,46.25291687573918
7087,c,46.25291687573918,46.25291687573918
7088,c,46.25291687573918,46.25291687573918
7089,c,46.25291687573918,46.25291687573918
7090,t,46.25291687573918,46.25291687573918
7091,c,46.25291687573918,46.25291687573918
7092,c,46.25291687573918,46.25291687573918
7093,c,46.25291687573918,46.25291687573918
7094,c,46.25291687573918,46.25291687573918
7095,c,46.25291687573918,46.25291687573918
7096,t,46.25291687573918,46.25291687573918
7097,c,46.25291687573918,46.25291687573918
7098,c,46.25291687573918,46.25291687573918
7099,c,46.25291687573918,46.25291687573918
7100,c,46.25291687573918,46.25291687573918
7101,c,46.25291687573918,46.25291687573918
7102,c,46.25291687573918,46.25291687573918
7103,c,46.25291687573918,46.25291687573918
7104,c,46.25291687573918,46.25291687573918
7105,c,46.25291687573918,46.25291687573918
7106,c,46.25291687573918,46.25291687573918
7107,t,46.25291687573918,46.25291687573918
7108,c,46.25291687573918,46.25291687573918
7109,c,46.25291687573918,46.25291687573918
7110,c,46.25291687573918,46.25291687573918
7111,c,46.25291687573918,46.25291687573918
7112,c,46.25291687573918,46.25291687573918
7113,c,46.25291687573918,46.25291687573918
7114,t,46.25291687573918,46.25291687573918
7115,c,46.25291687573918,46.25291687573918
7116,c,46.25291687573918,46.25291687573918
7117,c,46.25291687573918,46.25291687573918
7118,c,46.25291687573918,46.25291687573918
7119,c,46.25291687573918,46.25291687573918
7120,c,46.25291687573918,46.25291687573918
7121,c,46.25291687573918,46.25291687573918
7122,c,46.25291687573918,46.25291687573918
7123,c,46.25291687573918,46.25291687573918
7124,c,46.25291687573918,46.25291687573918
7125,c,46.25291687573918,46.25291687573918
7126,t,46.25291687573918,46.25291687573918
7127,c,46.25291687573918,46.25291687573918
7128,c,46.25291687573918,46.25291687573918
7129,c,46.25291687573918,46.25291687573918
7130,c,46.25291687573918,46.25291687573918
7131,c,46.25291687573918,46.25291687573918
7132,t,46.25291687573918,46.25291687573918
7133,t,46.25291687573918,46.25291687573918
7134,c,46.25291687573918,46.25291687573918
7135,c,46.25291687573918,46.25291687573918
7136,t,46.25291687573918,46.25291687573918
7137,c,46.25291687573918,46.25291687573918
7138,c,46.25291687573918,46.25291687573918
7139,na,10.811551559468862,13.113014964903321
7140,c,46.25291687573918,46.25291687573918
7141,c,46.25291687573918,46.25291687573918
7142,c,46.25291687573918,46.25291687573918
7143,t,46.25291687573918,46.25291687573918
7144,c,46.25291687573918,46.25291687573918
7145,c,46.25291687573918,46.25291687573918
7146,t,46.25291687573918,46.25291687573918
7147,t,46.25291687573918,46.25291687573918
7148,c,46.25291687573918,46.25291687573918
7149,c,46.25291687573918,46.25291687573918
7150,c,46.25291687573918,46.25291687573918
7151,c,46.25291687573918,46.25291687573918
7152,c,46.25291687573918,46.25291687573918
7153,na,3.104213353153727,9.208154153770888
7154,c,46.25291687573918,46.25291687573918
7155,c,46.25291687573918,46.25291687573918
7156,c,46.25291687573918,46.25291687573918
7157,t,46.25291687573918,46.25291687573918
7158,c,46.25291687573918,46.25291687573918
7159,t,46.25291687573918,46.25291687573918
7160,c,19.770758209732218,34.96011086029796
7161,c,46.25291687573918,46.25291687573918
7162,c,46.25291687573918,46.25291687573918
7163,c,46.25291687573918,46.25291687573918
7164,c,17.28038702445111,18.193568141664386
7165,c,46.25291687573918,46.25291687573918
7166,c,46.25291687573918,46.25291687573918
7167,t,46.25291687573918,46.25291687573918
7168,c,46.25291687573918,46.25291687573918
7169,c,46.25291687573918,46.25291687573918
7170,c,46.25291687573918,46.25291687573918
7171,c,46.25291687573918,46.25291687573918
7172,c,46.25291687573918,46.25291687573918
7173,t,46.25291687573918,46.25291687573918
7174,c,46.25291687573918,46.25291687573918
7175,t,46.25291687573918,46.25291687573918
7176,t,46.25291687573918,46.25291687573918
7177,c,46.25291687573918,46.25291687573918
7178,c,46.25291687573918,46.25291687573918
7179,c,46.25291687573918,46.25291687573918
7180,t,46.25291687573918,46.25291687573918
7181,c,46.25291687573918,46.25291687573918
7182,c,46.25291687573918,46.25291687573918
7183,c,46.25291687573918,46.25291687573918
7184,c,13.09777240823353,13.943875589300415
7185,c,46.25291687573918,46.25291687573918
7186,c,46.25291687573918,46.25291687573918
7187,c,46.25291687573918,46.25291687573918
7188,c,46.25291687573918,46.25291687573918
7189,c,46.25291687573918,46.25291687573918
7190,t,46.25291687573918,46.25291687573918
7191,t,46.25291687573918,46.25291687573918
7192,t,46.25291687573918,46.25291687573918
7193,c,46.25291687573918,46.25291687573918
7194,c,46.25291687573918,46.25291687573918
7195,t,46.25291687573918,46.25291687573918
7196,c,46.25291687573918,46.25291687573918
7197,c,46.25291687573918,46.25291687573918
7198,c,46.25291687573918,46.25291687573918
7199,c,46.25291687573918,46.25291687573918
7200,c,13.049652414647467,16.133637353321173
7201,c,46.25291687573918,46.25291687573918
7202,c,46.25291687573918,46.25291687573918
7203,c,46.25291687573918,46.25291687573918
7204,c,6.86858788533324,7.725337379317465
7205,c,46.25291687573918,46.25291687573918
7206,c,46.25291687573918,46.25291687573918
7207,c,46.25291687573918,46.25291687573918
7208,c,46.25291687573918,46.25291687573918
7209,c,46.25291687573918,46.25291687573918
7210,c,46.25291687573918,46.25291687573918
7211,c,46.25291687573918,46.25291687573918
7212,c,46.25291687573918,46.25291687573918
7213,t,46.25291687573918,46.25291687573918
7214,t,46.25291687573918,46.25291687573918
7215,c,46.25291687573918,46.25291687573918
7216,c,46.25291687573918,46.25291687573918
7217,c,46.25291687573918,46.25291687573918
7218,c,46.25291687573918,46.25291687573918
7219,c,46.25291687573918,46.25291687573918
7220,c,46.25291687573918,46.25291687573918
7221,c,46.25291687573918,46.25291687573918
7222,c,46.25291687573918,46.25291687573918
7223,c,11.71192417913154,46.25291687573918
7224,c,46.25291687573918,46.25291687573918
7225,c,46.25291687573918,46.25291687573918
7226,c,46.25291687573918,46.25291687573918
7227,t,46.25291687573918,46.25291687573918
7228,c,46.25291687573918,46.25291687573918
7229,c,46.25291687573918,46.25291687573918
7230,t,46.25291687573918,46.25291687573918
7231,t,46.25291687573918,46.25291687573918
7232,c,10.201934920962634,17.29016829038548
7233,t,46.25291687573918,46.25291687573918
7234,t,46.25291687573918,46.25291687573918
7235,t,46.25291687573918,46.25291687573918
7236,c,46.25291687573918,46.25291687573918
7237,c,46.25291687573918,46.25291687573918
7238,c,46.25291687573918,46.25291687573918
7239,c,46.25291687573918,46.25291687573918
7240,c,46.25291687573918,46.25291687573918
7241,c,46.25291687573918,46.25291687573918
7242,t,46.25291687573918,46.25291687573918
7243,c,46.25291687573918,46.25291687573918
7244,t,46.25291687573918,46.25291687573918
7245,c,46.25291687573918,46.25291687573918
7246,t,46.25291687573918,46.25291687573918
7247,c,46.25291687573918,46.25291687573918
7248,c,46.25291687573918,46.25291687573918
7249,c,46.25291687573918,46.25291687573918
7250,c,46.25291687573918,46.25291687573918
7251,c,46.25291687573918,46.25291687573918
7252,c,10.457229380623783,16.43636823216952
7253,c,46.25291687573918,46.25291687573918
7254,c,46.25291687573918,46.25291687573918
7255,c,46.25291687573918,46.25291687573918
7256,t,46.25291687573918,46.25291687573918
7257,c,46.25291687573918,46.25291687573918
7258,c,46.25291687573918,46.25291687573918
7259,t,46.25291687573918,46.25291687573918
7260,c,46.25291687573918,46.25291687573918
7261,c,46.25291687573918,46.25291687573918
7262,t,46.25291687573918,46.25291687573918
7263,c,46.25291687573918,46.25291687573918
7264,c,46.25291687573918,46.25291687573918
7265,c,46.25291687573918,46.25291687573918
7266,c,46.25291687573918,46.25291687573918
7267,c,46.25291687573918,46.25291687573918
7268,t,46.25291687573918,46.25291687573918
7269,c,46.25291687573918,46.25291687573918
7270,c,46.25291687573918,46.25291687573918
7271,t,46.25291687573918,46.25291687573918
7272,c,46.25291687573918,46.25291687573918
7273,c,46.25291687573918,46.25291687573918
7274,c,46.25291687573918,46.25291687573918
7275,c,46.25291687573918,46.25291687573918
7276,c,46.25291687573918,46.25291687573918
7277,c,46.25291687573918,46.25291687573918
7278,c,46.25291687573918,46.25291687573918
7279,c,27.822367018646364,30.261642385646034
7280,c,46.25291687573918,46.25291687573918
7281,c,46.25291687573918,46.25291687573918
7282,c,46.25291687573918,46.25291687573918
7283,c,46.25291687573918,46.25291687573918
7284,c,46.25291687573918,46.25291687573918
7285,c,46.25291687573918,46.25291687573918
7286,c,46.25291687573918,46.25291687573918
7287,c,46.25291687573918,46.25291687573918
7288,t,46.25291687573918,46.25291687573918
7289,c,9.368495090226089,17.45928117505916
7290,c,46.25291687573918,46.25291687573918
7291,t,46.25291687573918,46.25291687573918
7292,c,46.25291687573918,46.25291687573918
7293,c,46.25291687573918,46.25291687573918
7294,t,46.25291687573918,46.25291687573918
7295,c,46.25291687573918,46.25291687573918
7296,c,46.25291687573918,46.25291687573918
7297,c,46.25291687573918,46.25291687573918
7298,c,46.25291687573918,46.25291687573918
7299,c,46.25291687573918,46.25291687573918
7300,c,46.25291687573918,46.25291687573918
7301,t,46.25291687573918,46.25291687573918
7302,c,46.25291687573918,46.25291687573918
7303,c,46.25291687573918,46.25291687573918
7304,c,46.25291687573918,46.25291687573918
7305,c,46.25291687573918,46.25291687573918
7306,c,46.25291687573918,46.25291687573918
7307,c,46.25291687573918,46.25291687573918
7308,c,46.25291687573918,46.25291687573918
7309,c,46.25291687573918,46.25291687573918
7310,c,46.25291687573918,46.25291687573918
7311,c,46.25291687573918,46.25291687573918
7312,t,46.25291687573918,46.25291687573918
7313,c,46.25291687573918,46.25291687573918
7314,t,46.25291687573918,46.25291687573918
7315,t,46.25291687573918,46.25291687573918
7316,c,27.804611279499248,46.25291687573918
7317,c,46.25291687573918,46.25291687573918
7318,c,46.25291687573918,46.25291687573918
7319,c,46.25291687573918,46.25291687573918
7320,c,1.5393485568894587,8.613948264879792
7321,t,46.25291687573918,46.25291687573918
7322,c,46.25291687573918,46.25291687573918
7323,c,46.25291687573918,46.25291687573918
7324,t,46.25291687573918,46.25291687573918
7325,c,46.25291687573918,46.25291687573918
7326,c,46.25291687573918,46.25291687573918
7327,c,46.25291687573918,46.25291687573918
7328,c,46.25291687573918,46.25291687573918
7329,c,46.25291687573918,46.25291687573918
7330,c,46.25291687573918,46.25291687573918
7331,c,46.25291687573918,46.25291687573918
7332,c,46.25291687573918,46.25291687573918
7333,c,46.25291687573918,46.25291687573918
7334,c,46.25291687573918,46.25291687573918
7335,c,46.25291687573918,46.25291687573918
7336,na,0,2.241927861764633
7337,c,46.25291687573918,46.25291687573918
7338,c,46.25291687573918,46.25291687573918
7339,c,46.25291687573918,46.25291687573918
7340,c,46.25291687573918,46.25291687573918
7341,c,46.25291687573918,46.25291687573918
7342,c,46.25291687573918,46.25291687573918
7343,c,46.25291687573918,46.25291687573918
7344,c,46.25291687573918,46.25291687573918
7345,c,46.25291687573918,46.25291687573918
7346,c,46.25291687573918,46.25291687573918
7347,t,46.25291687573918,46.25291687573918
7348,t,46.25291687573918,46.25291687573918
7349,c,46.25291687573918,46.25291687573918
7350,t,46.25291687573918,46.25291687573918
7351,c,46.25291687573918,46.25291687573918
7352,c,46.25291687573918,46.25291687573918
7353,t,46.25291687573918,46.25291687573918
7354,c,46.25291687573918,46.25291687573918
7355,c,46.25291687573918,46.25291687573918
7356,c,46.25291687573918,46.25291687573918
7357,c,10.275135097792157,14.786478224177467
7358,c,46.25291687573918,46.25291687573918
7359,c,46.25291687573918,46.25291687573918
7360,c,46.25291687573918,46.25291687573918
7361,c,46.25291687573918,46.25291687573918
7362,t,46.25291687573918,46.25291687573918
7363,c,46.25291687573918,46.25291687573918
7364,c,46.25291687573918,46.25291687573918
7365,c,46.25291687573918,46.25291687573918
7366,t,46.25291687573918,46.25291687573918
7367,c,46.25291687573918,46.25291687573918
7368,c,46.25291687573918,46.25291687573918
7369,c,46.25291687573918,46.25291687573918
7370,c,46.25291687573918,46.25291687573918
7371,c,46.25291687573918,46.25291687573918
7372,c,15.227000583064717,24.41592954907306
7373,c,46.25291687573918,46.25291687573918
7374,c,46.25291687573918,46.25291687573918
7375,c,46.25291687573918,46.25291687573918
7376,c,46.25291687573918,46.25291687573918
7377,t,46.25291687573918,46.25291687573918
7378,c,46.25291687573918,46.25291687573918
7379,c,46.25291687573918,46.25291687573918
7380,c,46.25291687573918,46.25291687573918
7381,c,46.25291687573918,46.25291687573918
7382,c,46.25291687573918,46.25291687573918
7383,c,46.25291687573918,46.25291687573918
7384,c,46.25291687573918,46.25291687573918
7385,c,46.25291687573918,46.25291687573918
7386,t,46.25291687573918,46.25291687573918
7387,c,46.25291687573918,46.25291687573918
7388,c,46.25291687573918,46.25291687573918
7389,c,46.25291687573918,46.25291687573918
7390,t,46.25291687573918,46.25291687573918
7391,c,46.25291687573918,46.25291687573918
7392,c,46.25291687573918,46.25291687573918
7393,c,46.25291687573918,46.25291687573918
7394,c,46.25291687573918,46.25291687573918
7395,c,46.25291687573918,46.25291687573918
7396,t,46.25291687573918,46.25291687573918
7397,t,46.25291687573918,46.25291687573918
7398,c,46.25291687573918,46.25291687573918
7399,c,46.25291687573918,46.25291687573918
7400,c,46.25291687573918,46.25291687573918
7401,c,46.25291687573918,46.25291687573918
7402,c,46.25291687573918,46.25291687573918
7403,c,46.25291687573918,46.25291687573918
7404,c,46.25291687573918,46.25291687573918
7405,c,46.25291687573918,46.25291687573918
7406,c,46.25291687573918,46.25291687573918
7407,c,46.25291687573918,46.25291687573918
7408,c,46.25291687573918,46.25291687573918
7409,c,46.25291687573918,46.25291687573918
7410,c,46.25291687573918,46.25291687573918
7411,c,46.25291687573918,46.25291687573918
7412,c,46.25291687573918,46.25291687573918
7413,c,46.25291687573918,46.25291687573918
7414,c,46.25291687573918,46.25291687573918
7415,c,46.25291687573918,46.25291687573918
7416,c,46.25291687573918,46.25291687573918
7417,c,46.25291687573918,46.25291687573918
7418,c,46.25291687573918,46.25291687573918
7419,c,46.25291687573918,46.25291687573918
7420,c,46.25291687573918,46.25291687573918
7421,c,46.25291687573918,46.25291687573918
7422,c,46.25291687573918,46.25291687573918
7423,c,46.25291687573918,46.25291687573918
7424,c,46.25291687573918,46.25291687573918
7425,c,46.25291687573918,46.25291687573918
7426,t,46.25291687573918,46.25291687573918
7427,c,46.25291687573918,46.25291687573918
7428,c,46.25291687573918,46.25291687573918
7429,na,2.495484993001985,2.8990927716288075
7430,c,46.25291687573918,46.25291687573918
7431,c,46.25291687573918,46.25291687573918
7432,c,46.25291687573918,46.25291687573918
7433,c,46.25291687573918,46.25291687573918
7434,c,46.25291687573918,46.25291687573918
7435,t,46.25291687573918,46.25291687573918
7436,t,46.25291687573918,46.25291687573918
7437,t,46.25291687573918,46.25291687573918
7438,c,46.25291687573918,46.25291687573918
7439,t,46.25291687573918,46.25291687573918
7440,c,46.25291687573918,46.25291687573918
7441,t,46.25291687573918,46.25291687573918
7442,t,46.25291687573918,46.25291687573918
7443,c,46.25291687573918,46.25291687573918
7444,c,46.25291687573918,46.25291687573918
7445,c,46.25291687573918,46.25291687573918
7446,c,46.25291687573918,46.25291687573918
7447,c,46.25291687573918,46.25291687573918
7448,c,46.25291687573918,46.25291687573918
7449,t,46.25291687573918,46.25291687573918
7450,c,46.25291687573918,46.25291687573918
7451,t,46.25291687573918,46.25291687573918
7452,c,46.25291687573918,46.25291687573918
7453,c,46.25291687573918,46.25291687573918
7454,c,46.25291687573918,46.25291687573918
7455,c,46.25291687573918,46.25291687573918
7456,c,46.25291687573918,46.25291687573918
7457,t,46.25291687573918,46.25291687573918
7458,t,46.25291687573918,46.25291687573918
7459,c,46.25291687573918,46.25291687573918
7460,t,46.25291687573918,46.25291687573918
7461,c,46.25291687573918,46.25291687573918
7462,c,46.25291687573918,46.25291687573918
7463,c,46.25291687573918,46.25291687573918
7464,na,46.25291687573918,46.25291687573918
7465,c,46.25291687573918,46.25291687573918
7466,c,46.25291687573918,46.25291687573918
7467,t,46.25291687573918,46.25291687573918
7468,c,46.25291687573918,46.25291687573918
7469,t,46.25291687573918,46.25291687573918
7470,c,46.25291687573918,46.25291687573918
7471,c,46.25291687573918,46.25291687573918
7472,t,46.25291687573918,46.25291687573918
7473,t,46.25291687573918,46.25291687573918
7474,t,46.25291687573918,46.25291687573918
7475,c,46.25291687573918,46.25291687573918
7476,c,46.25291687573918,46.25291687573918
7477,t,46.25291687573918,46.25291687573918
7478,c,46.25291687573918,46.25291687573918
7479,c,13.33191752325767,16.008167244973677
7480,c,46.25291687573918,46.25291687573918
7481,c,46.25291687573918,46.25291687573918
7482,c,46.25291687573918,46.25291687573918
7483,na,2.025827561620759,9.766858252430897
7484,c,46.25291687573918,46.25291687573918
7485,c,46.25291687573918,46.25291687573918
7486,c,46.25291687573918,46.25291687573918
7487,c,46.25291687573918,46.25291687573918
7488,t,46.25291687573918,46.25291687573918
7489,c,46.25291687573918,46.25291687573918
7490,c,46.25291687573918,46.25291687573918
7491,t,46.25291687573918,46.25291687573918
7492,t,46.25291687573918,46.25291687573918
7493,c,46.25291687573918,46.25291687573918
7494,c,46.25291687573918,46.25291687573918
7495,c,9.021012861734151,10.842378561465445
7496,c,46.25291687573918,46.25291687573918
7497,t,46.25291687573918,46.25291687573918
7498,c,46.25291687573918,46.25291687573918
7499,c,46.25291687573918,46.25291687573918
7500,c,46.25291687573918,46.25291687573918
7501,c,6.093353260221631,10.39513198372775
7502,t,46.25291687573918,46.25291687573918
7503,c,46.25291687573918,46.25291687573918
7504,c,46.25291687573918,46.25291687573918
7505,c,46.25291687573918,46.25291687573918
7506,c,46.25291687573918,46.25291687573918
7507,c,46.25291687573918,46.25291687573918
7508,c,46.25291687573918,46.25291687573918
7509,c,46.25291687573918,46.25291687573918
7510,c,46.25291687573918,46.25291687573918
7511,t,46.25291687573918,46.25291687573918
7512,t,46.25291687573918,46.25291687573918
7513,c,46.25291687573918,46.25291687573918
7514,c,46.25291687573918,46.25291687573918
7515,c,46.25291687573918,46.25291687573918
7516,c,46.25291687573918,46.25291687573918
7517,t,46.25291687573918,46.25291687573918
7518,c,46.25291687573918,46.25291687573918
7519,c,46.25291687573918,46.25291687573918
7520,t,46.25291687573918,46.25291687573918
7521,c,46.25291687573918,46.25291687573918
7522,c,46.25291687573918,46.25291687573918
7523,c,5.215601843284315,6.401494003856051
7524,c,46.25291687573918,46.25291687573918
7525,c,46.25291687573918,46.25291687573918
7526,c,46.25291687573918,46.25291687573918
7527,c,46.25291687573918,46.25291687573918
7528,c,46.25291687573918,46.25291687573918
7529,c,46.25291687573918,46.25291687573918
7530,c,46.25291687573918,46.25291687573918
7531,c,46.25291687573918,46.25291687573918
7532,c,46.25291687573918,46.25291687573918
7533,c,46.25291687573918,46.25291687573918
7534,c,46.25291687573918,46.25291687573918
7535,c,46.25291687573918,46.25291687573918
7536,c,46.25291687573918,46.25291687573918
7537,c,46.25291687573918,46.25291687573918
7538,c,46.25291687573918,46.25291687573918
7539,t,46.25291687573918,46.25291687573918
7540,c,46.25291687573918,46.25291687573918
7541,c,46.25291687573918,46.25291687573918
7542,c,46.25291687573918,46.25291687573918
7543,t,46.25291687573918,46.25291687573918
7544,c,46.25291687573918,46.25291687573918
7545,c,46.25291687573918,46.25291687573918
7546,c,46.25291687573918,46.25291687573918
7547,c,46.25291687573918,46.25291687573918
7548,c,46.25291687573918,46.25291687573918
7549,c,46.25291687573918,46.25291687573918
7550,c,46.25291687573918,46.25291687573918
7551,c,46.25291687573918,46.25291687573918
7552,c,46.25291687573918,46.25291687573918
7553,t,46.25291687573918,46.25291687573918
7554,c,46.25291687573918,46.25291687573918
7555,c,46.25291687573918,46.25291687573918
7556,c,46.25291687573918,46.25291687573918
7557,c,46.25291687573918,46.25291687573918
7558,c,46.25291687573918,46.25291687573918
7559,c,46.25291687573918,46.25291687573918
7560,t,46.25291687573918,46.25291687573918
7561,c,46.25291687573918,46.25291687573918
7562,c,16.342124823999892,22.665063320004844
7563,c,46.25291687573918,46.25291687573918
7564,c,46.25291687573918,46.25291687573918
7565,c,8.524877690710495,9.293501529485573
7566,c,46.25291687573918,46.25291687573918
7567,c,46.25291687573918,46.25291687573918
7568,c,46.25291687573918,46.25291687573918
7569,c,46.25291687573918,46.25291687573918
7570,c,46.25291687573918,46.25291687573918
7571,c,9.250608961416246,12.35003906650856
7572,c,46.25291687573918,46.25291687573918
7573,c,46.25291687573918,46.25291687573918
7574,c,46.25291687573918,46.25291687573918
7575,c,46.25291687573918,46.25291687573918
7576,t,46.25291687573918,46.25291687573918
7577,c,46.25291687573918,46.25291687573918
7578,c,46.25291687573918,46.25291687573918
7579,t,46.25291687573918,46.25291687573918
7580,t,46.25291687573918,46.25291687573918
7581,c,46.25291687573918,46.25291687573918
7582,c,46.25291687573918,46.25291687573918
7583,na,-1,0
7584,c,46.25291687573918,46.25291687573918
7585,c,46.25291687573918,46.25291687573918
7586,c,46.25291687573918,46.25291687573918
7587,c,46.25291687573918,46.25291687573918
7588,c,46.25291687573918,46.25291687573918
7589,c,46.25291687573918,46.25291687573918
7590,c,46.25291687573918,46.25291687573918
7591,t,46.25291687573918,46.25291687573918
7592,c,46.25291687573918,46.25291687573918
7593,c,46.25291687573918,46.25291687573918
7594,t,46.25291687573918,46.25291687573918
7595,c,46.25291687573918,46.25291687573918
7596,c,46.25291687573918,46.25291687573918
7597,c,46.25291687573918,46.25291687573918
7598,t,46.25291687573918,46.25291687573918
7599,t,46.25291687573918,46.25291687573918
7600,c,46.25291687573918,46.25291687573918
7601,c,46.25291687573918,46.25291687573918
7602,c,3.5186610394335895,12.990135028329862
7603,c,46.25291687573918,46.25291687573918
7604,c,46.25291687573918,46.25291687573918
7605,c,46.25291687573918,46.25291687573918
7606,c,46.25291687573918,46.25291687573918
7607,t,46.25291687573918,46.25291687573918
7608,t,46.25291687573918,46.25291687573918
7609,c,46.25291687573918,46.25291687573918
7610,c,46.25291687573918,46.25291687573918
7611,c,46.25291687573918,46.25291687573918
7612,c,46.25291687573918,46.25291687573918
7613,c,46.25291687573918,46.25291687573918
7614,c,46.25291687573918,46.25291687573918
7615,c,46.25291687573918,46.25291687573918
7616,t,46.25291687573918,46.25291687573918
7617,c,46.25291687573918,46.25291687573918
7618,c,46.25291687573918,46.25291687573918
7619,c,46.25291687573918,46.25291687573918
7620,c,46.25291687573918,46.25291687573918
7621,c,46.25291687573918,46.25291687573918
7622,c,46.25291687573918,46.25291687573918
7623,c,46.25291687573918,46.25291687573918
7624,c,46.25291687573918,46.25291687573918
7625,c,46.25291687573918,46.25291687573918
7626,c,46.25291687573918,46.25291687573918
7627,t,46.25291687573918,46.25291687573918
7628,c,46.25291687573918,46.25291687573918
7629,c,46.25291687573918,46.25291687573918
7630,c,46.25291687573918,46.25291687573918
7631,c,46.25291687573918,46.25291687573918
7632,t,46.25291687573918,46.25291687573918
7633,t,46.25291687573918,46.25291687573918
7634,c,46.25291687573918,46.25291687573918
7635,c,46.25291687573918,46.25291687573918
7636,c,46.25291687573918,46.25291687573918
7637,c,46.25291687573918,46.25291687573918
7638,t,46.25291687573918,46.25291687573918
7639,c,46.25291687573918,46.25291687573918
7640,c,46.25291687573918,46.25291687573918
7641,c,46.25291687573918,46.25291687573918
7642,c,46.25291687573918,46.25291687573918
7643,c,46.25291687573918,46.25291687573918
7644,c,46.25291687573918,46.25291687573918
7645,t,46.25291687573918,46.25291687573918
7646,c,46.25291687573918,46.25291687573918
7647,c,46.25291687573918,46.25291687573918
7648,c,46.25291687573918,46.25291687573918
7649,c,9.01592000224905,16.25423735723111
7650,na,7.914512520967192,9.311325980474853
7651,c,46.25291687573918,46.25291687573918
7652,c,46.25291687573918,46.25291687573918
7653,c,46.25291687573918,46.25291687573918
7654,t,46.25291687573918,46.25291687573918
7655,t,46.25291687573918,46.25291687573918
7656,c,13.560022541496082,17.773604505376543
7657,c,46.25291687573918,46.25291687573918
7658,t,46.25291687573918,46.25291687573918
7659,c,46.25291687573918,46.25291687573918
7660,c,46.25291687573918,46.25291687573918
7661,c,46.25291687573918,46.25291687573918
7662,c,46.25291687573918,46.25291687573918
7663,c,46.25291687573918,46.25291687573918
7664,c,46.25291687573918,46.25291687573918
7665,c,46.25291687573918,46.25291687573918
7666,c,46.25291687573918,46.25291687573918
7667,t,46.25291687573918,46.25291687573918
7668,t,46.25291687573918,46.25291687573918
7669,t,46.25291687573918,46.25291687573918
7670,c,46.25291687573918,46.25291687573918
7671,c,46.25291687573918,46.25291687573918
7672,c,46.25291687573918,46.25291687573918
7673,c,8.585068926032223,8.649809810068163
7674,c,46.25291687573918,46.25291687573918
7675,c,46.25291687573918,46.25291687573918
7676,c,46.25291687573918,46.25291687573918
7677,t,46.25291687573918,46.25291687573918
7678,c,46.25291687573918,46.25291687573918
7679,c,46.25291687573918,46.25291687573918
7680,c,46.25291687573918,46.25291687573918
7681,c,46.25291687573918,46.25291687573918
7682,c,46.25291687573918,46.25291687573918
7683,c,46.25291687573918,46.25291687573918
7684,c,46.25291687573918,46.25291687573918
7685,c,46.25291687573918,46.25291687573918
7686,t,46.25291687573918,46.25291687573918
7687,c,46.25291687573918,46.25291687573918
7688,c,46.25291687573918,46.25291687573918
7689,t,46.25291687573918,46.25291687573918
7690,c,21.180660604845308,34.400072393597924
7691,c,46.25291687573918,46.25291687573918
7692,c,46.25291687573918,46.25291687573918
7693,c,46.25291687573918,46.25291687573918
7694,c,46.25291687573918,46.25291687573918
7695,c,46.25291687573918,46.25291687573918
7696,c,46.25291687573918,46.25291687573918
7697,c,46.25291687573918,46.25291687573918
7698,c,46.25291687573918,46.25291687573918
7699,c,46.25291687573918,46.25291687573918
7700,c,46.25291687573918,46.25291687573918
7701,c,46.25291687573918,46.25291687573918
7702,t,46.25291687573918,46.25291687573918
7703,c,46.25291687573918,46.25291687573918
7704,c,46.25291687573918,46.25291687573918
7705,c,15.664842867317587,17.775228518472492
7706,t,46.25291687573918,46.25291687573918
7707,c,46.25291687573918,46.25291687573918
7708,t,46.25291687573918,46.25291687573918
7709,c,46.25291687573918,46.25291687573918
7710,t,46.25291687573918,46.25291687573918
7711,c,46.25291687573918,46.25291687573918
7712,c,46.25291687573918,46.25291687573918
7713,t,46.25291687573918,46.25291687573918
7714,t,46.25291687573918,46.25291687573918
7715,c,46.25291687573918,46.25291687573918
7716,t,46.25291687573918,46.25291687573918
7717,c,46.25291687573918,46.25291687573918
7718,t,46.25291687573918,46.25291687573918
7719,t,46.25291687573918,46.25291687573918
7720,c,46.25291687573918,46.25291687573918
7721,c,46.25291687573918,46.25291687573918
7722,c,46.25291687573918,46.25291687573918
7723,t,46.25291687573918,46.25291687573918
7724,t,46.25291687573918,46.25291687573918
7725,c,46.25291687573918,46.25291687573918
7726,c,46.25291687573918,46.25291687573918
7727,c,46.25291687573918,46.25291687573918
7728,c,46.25291687573918,46.25291687573918
7729,c,46.25291687573918,46.25291687573918
7730,c,46.25291687573918,46.25291687573918
7731,c,46.25291687573918,46.25291687573918
7732,c,27.13241468723959,29.606828717174988
7733,c,10.723420491311433,15.845464408428171
7734,c,46.25291687573918,46.25291687573918
7735,c,46.25291687573918,46.25291687573918
7736,c,46.25291687573918,46.25291687573918
7737,c,46.25291687573918,46.25291687573918
7738,c,46.25291687573918,46.25291687573918
7739,c,46.25291687573918,46.25291687573918
7740,c,46.25291687573918,46.25291687573918
7741,c,46.25291687573918,46.25291687573918
7742,c,46.25291687573918,46.25291687573918
7743,c,46.25291687573918,46.25291687573918
7744,c,46.25291687573918,46.25291687573918
7745,c,46.25291687573918,46.25291687573918
7746,c,46.25291687573918,46.25291687573918
7747,c,46.25291687573918,46.25291687573918
7748,c,46.25291687573918,46.25291687573918
7749,c,46.25291687573918,46.25291687573918
7750,c,46.25291687573918,46.25291687573918
7751,c,9.745292033383878,12.904212014736785
7752,t,46.25291687573918,46.25291687573918
7753,na,2.4690462138152647,11.185447132406697
7754,c,46.25291687573918,46.25291687573918
7755,c,46.25291687573918,46.25291687573918
7756,t,46.25291687573918,46.25291687573918
7757,c,46.25291687573918,46.25291687573918
7758,t,46.25291687573918,46.25291687573918
7759,c,46.25291687573918,46.25291687573918
7760,c,46.25291687573918,46.25291687573918
7761,c,46.25291687573918,46.25291687573918
7762,c,46.25291687573918,46.25291687573918
7763,c,46.25291687573918,46.25291687573918
7764,c,13.170077419927837,15.766382456980187
7765,c,46.25291687573918,46.25291687573918
7766,t,46.25291687573918,46.25291687573918
7767,c,46.25291687573918,46.25291687573918
7768,c,46.25291687573918,46.25291687573918
7769,c,46.25291687573918,46.25291687573918
7770,t,46.25291687573918,46.25291687573918
7771,c,46.25291687573918,46.25291687573918
7772,t,46.25291687573918,46.25291687573918
7773,c,46.25291687573918,46.25291687573918
7774,c,46.25291687573918,46.25291687573918
7775,c,18.32715348848826,37.875129766264266
7776,c,46.25291687573918,46.25291687573918
7777,c,46.25291687573918,46.25291687573918
7778,c,46.25291687573918,46.25291687573918
7779,c,46.25291687573918,46.25291687573918
7780,c,46.25291687573918,46.25291687573918
7781,c,46.25291687573918,46.25291687573918
7782,c,46.25291687573918,46.25291687573918
7783,t,46.25291687573918,46.25291687573918
7784,t,46.25291687573918,46.25291687573918
7785,c,46.25291687573918,46.25291687573918
7786,c,46.25291687573918,46.25291687573918
7787,na,-1,0
7788,t,46.25291687573918,46.25291687573918
7789,c,46.25291687573918,46.25291687573918
7790,na,-1,0
7791,c,46.25291687573918,46.25291687573918
7792,c,46.25291687573918,46.25291687573918
7793,t,46.25291687573918,46.25291687573918
7794,c,46.25291687573918,46.25291687573918
7795,t,46.25291687573918,46.25291687573918
7796,c,46.25291687573918,46.25291687573918
7797,c,46.25291687573918,46.25291687573918
7798,c,46.25291687573918,46.25291687573918
7799,c,7.64966781854919,20.938773529097546
7800,t,46.25291687573918,46.25291687573918
7801,c,46.25291687573918,46.25291687573918
7802,c,46.25291687573918,46.25291687573918
7803,t,46.25291687573918,46.25291687573918
7804,c,46.25291687573918,46.25291687573918
7805,c,46.25291687573918,46.25291687573918
7806,c,46.25291687573918,46.25291687573918
7807,c,46.25291687573918,46.25291687573918
7808,c,46.25291687573918,46.25291687573918
7809,c,46.25291687573918,46.25291687573918
7810,c,46.25291687573918,46.25291687573918
7811,c,46.25291687573918,46.25291687573918
7812,c,46.25291687573918,46.25291687573918
7813,c,46.25291687573918,46.25291687573918
7814,c,46.25291687573918,46.25291687573918
7815,c,46.25291687573918,46.25291687573918
7816,c,46.25291687573918,46.25291687573918
7817,c,46.25291687573918,46.25291687573918
7818,c,46.25291687573918,46.25291687573918
7819,c,46.25291687573918,46.25291687573918
7820,c,46.25291687573918,46.25291687573918
7821,c,46.25291687573918,46.25291687573918
7822,c,46.25291687573918,46.25291687573918
7823,c,46.25291687573918,46.25291687573918
7824,c,46.25291687573918,46.25291687573918
7825,c,46.25291687573918,46.25291687573918
7826,t,46.25291687573918,46.25291687573918
7827,c,46.25291687573918,46.25291687573918
7828,t,46.25291687573918,46.25291687573918
7829,c,46.25291687573918,46.25291687573918
7830,c,46.25291687573918,46.25291687573918
7831,t,46.25291687573918,46.25291687573918
7832,c,46.25291687573918,46.25291687573918
7833,c,46.25291687573918,46.25291687573918
7834,c,46.25291687573918,46.25291687573918
7835,c,46.25291687573918,46.25291687573918
7836,c,46.25291687573918,46.25291687573918
7837,c,46.25291687573918,46.25291687573918
7838,c,46.25291687573918,46.25291687573918
7839,t,46.25291687573918,46.25291687573918
7840,c,46.25291687573918,46.25291687573918
7841,c,46.25291687573918,46.25291687573918
7842,c,46.25291687573918,46.25291687573918
7843,c,46.25291687573918,46.25291687573918
7844,c,46.25291687573918,46.25291687573918
7845,c,1.1328271434945592,10.50360434914069
7846,c,46.25291687573918,46.25291687573918
7847,na,-1,0
7848,t,46.25291687573918,46.25291687573918
7849,c,46.25291687573918,46.25291687573918
7850,c,46.25291687573918,46.25291687573918
7851,c,46.25291687573918,46.25291687573918
7852,c,46.25291687573918,46.25291687573918
7853,t,46.25291687573918,46.25291687573918
7854,t,46.25291687573918,46.25291687573918
7855,c,46.25291687573918,46.25291687573918
7856,c,46.25291687573918,46.25291687573918
7857,c,46.25291687573918,46.25291687573918
7858,c,46.25291687573918,46.25291687573918
7859,c,46.25291687573918,46.25291687573918
7860,c,46.25291687573918,46.25291687573918
7861,t,46.25291687573918,46.25291687573918
7862,c,46.25291687573918,46.25291687573918
7863,c,46.25291687573918,46.25291687573918
7864,t,46.25291687573918,46.25291687573918
7865,t,46.25291687573918,46.25291687573918
7866,na,0.6101239557764275,13.565103301226355
7867,c,46.25291687573918,46.25291687573918
7868,c,6.41622326969768,8.474812824421837
7869,c,46.25291687573918,46.25291687573918
7870,c,46.25291687573918,46.25291687573918
7871,t,46.25291687573918,46.25291687573918
7872,c,46.25291687573918,46.25291687573918
7873,c,46.25291687573918,46.25291687573918
7874,c,46.25291687573918,46.25291687573918
7875,c,46.25291687573918,46.25291687573918
7876,c,46.25291687573918,46.25291687573918
7877,t,46.25291687573918,46.25291687573918
7878,c,46.25291687573918,46.25291687573918
7879,c,46.25291687573918,46.25291687573918
7880,c,46.25291687573918,46.25291687573918
7881,t,46.25291687573918,46.25291687573918
7882,c,46.25291687573918,46.25291687573918
7883,c,46.25291687573918,46.25291687573918
7884,c,46.25291687573918,46.25291687573918
7885,c,46.25291687573918,46.25291687573918
7886,t,46.25291687573918,46.25291687573918
7887,c,46.25291687573918,46.25291687573918
7888,c,46.25291687573918,46.25291687573918
7889,c,20.957800595841768,26.957819548907047
7890,c,46.25291687573918,46.25291687573918
7891,t,46.25291687573918,46.25291687573918
7892,t,46.25291687573918,46.25291687573918
7893,c,46.25291687573918,46.25291687573918
7894,t,46.25291687573918,46.25291687573918
7895,c,46.25291687573918,46.25291687573918
7896,c,46.25291687573918,46.25291687573918
7897,t,46.25291687573918,46.25291687573918
7898,c,46.25291687573918,46.25291687573918
7899,c,46.25291687573918,46.25291687573918
7900,c,46.25291687573918,46.25291687573918
7901,c,46.25291687573918,46.25291687573918
7902,t,46.25291687573918,46.25291687573918
7903,c,46.25291687573918,46.25291687573918
7904,c,46.25291687573918,46.25291687573918
7905,c,46.25291687573918,46.25291687573918
7906,c,46.25291687573918,46.25291687573918
7907,c,46.25291687573918,46.25291687573918
7908,c,46.25291687573918,46.25291687573918
7909,c,46.25291687573918,46.25291687573918
7910,c,46.25291687573918,46.25291687573918
7911,t,46.25291687573918,46.25291687573918
7912,c,46.25291687573918,46.25291687573918
7913,c,46.25291687573918,46.25291687573918
7914,c,46.25291687573918,46.25291687573918
7915,c,46.25291687573918,46.25291687573918
7916,c,46.25291687573918,46.25291687573918
7917,t,46.25291687573918,46.25291687573918
7918,c,46.25291687573918,46.25291687573918
7919,c,46.25291687573918,46.25291687573918
7920,c,46.25291687573918,46.25291687573918
7921,c,10.626828531387345,14.592914810475023
7922,c,46.25291687573918,46.25291687573918
7923,c,46.25291687573918,46.25291687573918
7924,c,46.25291687573918,46.25291687573918
7925,c,46.25291687573918,46.25291687573918
7926,c,46.25291687573918,46.25291687573918
7927,c,46.25291687573918,46.25291687573918
7928,c,46.25291687573918,46.25291687573918
7929,t,46.25291687573918,46.25291687573918
7930,t,46.25291687573918,46.25291687573918
7931,c,9.669522047074079,11.457252428110081
7932,c,46.25291687573918,46.25291687573918
7933,c,46.25291687573918,46.25291687573918
7934,c,18.299599126482807,19.533431882700857
7935,t,46.25291687573918,46.25291687573918
7936,t,46.25291687573918,46.25291687573918
7937,c,46.25291687573918,46.25291687573918
7938,c,46.25291687573918,46.25291687573918
7939,c,46.25291687573918,46.25291687573918
7940,t,46.25291687573918,46.25291687573918
7941,c,10.29835287343037,16.428053149991623
7942,t,46.25291687573918,46.25291687573918
7943,t,46.25291687573918,46.25291687573918
7944,c,46.25291687573918,46.25291687573918
7945,c,46.25291687573918,46.25291687573918
7946,c,46.25291687573918,46.25291687573918
7947,c,46.25291687573918,46.25291687573918
7948,c,46.25291687573918,46.25291687573918
7949,c,46.25291687573918,46.25291687573918
7950,c,46.25291687573918,46.25291687573918
7951,c,46.25291687573918,46.25291687573918
7952,c,46.25291687573918,46.25291687573918
7953,c,46.25291687573918,46.25291687573918
7954,t,46.25291687573918,46.25291687573918
7955,c,46.25291687573918,46.25291687573918
7956,t,46.25291687573918,46.25291687573918
7957,c,46.25291687573918,46.25291687573918
7958,c,46.25291687573918,46.25291687573918
7959,c,46.25291687573918,46.25291687573918
7960,c,46.25291687573918,46.25291687573918
7961,c,46.25291687573918,46.25291687573918
7962,c,46.25291687573918,46.25291687573918
7963,t,46.25291687573918,46.25291687573918
7964,c,46.25291687573918,46.25291687573918
7965,c,46.25291687573918,46.25291687573918
7966,c,46.25291687573918,46.25291687573918
7967,c,46.25291687573918,46.25291687573918
7968,c,46.25291687573918,46.25291687573918
7969,c,46.25291687573918,46.25291687573918
7970,c,7.371010629150781,9.380502489456429
7971,c,46.25291687573918,46.25291687573918
7972,c,46.25291687573918,46.25291687573918
7973,c,46.25291687573918,46.25291687573918
7974,c,46.25291687573918,46.25291687573918
7975,c,46.25291687573918,46.25291687573918
7976,c,46.25291687573918,46.25291687573918
7977,c,46.25291687573918,46.25291687573918
7978,c,46.25291687573918,46.25291687573918
7979,t,46.25291687573918,46.25291687573918
7980,t,46.25291687573918,46.25291687573918
7981,c,46.25291687573918,46.25291687573918
7982,c,46.25291687573918,46.25291687573918
7983,c,46.25291687573918,46.25291687573918
7984,c,46.25291687573918,46.25291687573918
7985,c,46.25291687573918,46.25291687573918
7986,c,46.25291687573918,46.25291687573918
7987,t,46.25291687573918,46.25291687573918
7988,c,46.25291687573918,46.25291687573918
7989,c,46.25291687573918,46.25291687573918
7990,c,46.25291687573918,46.25291687573918
7991,t,46.25291687573918,46.25291687573918
7992,t,46.25291687573918,46.25291687573918
7993,c,46.25291687573918,46.25291687573918
7994,c,46.25291687573918,46.25291687573918
7995,c,46.25291687573918,46.25291687573918
7996,c,46.25291687573918,46.25291687573918
7997,c,46.25291687573918,46.25291687573918
7998,t,46.25291687573918,46.25291687573918
7999,c,5.684327898167042,8.311434529441017
8000,t,46.25291687573918,46.25291687573918
8001,c,46.25291687573918,46.25291687573918
8002,c,46.25291687573918,46.25291687573918
8003,t,46.25291687573918,46.25291687573918
8004,c,46.25291687573918,46.25291687573918
8005,t,46.25291687573918,46.25291687573918
8006,c,46.25291687573918,46.25291687573918
8007,c,46.25291687573918,46.25291687573918
8008,c,46.25291687573918,46.25291687573918
8009,c,46.25291687573918,46.25291687573918
8010,c,46.25291687573918,46.25291687573918
8011,c,46.25291687573918,46.25291687573918
8012,c,46.25291687573918,46.25291687573918
8013,c,46.25291687573918,46.25291687573918
8014,c,46.25291687573918,46.25291687573918
8015,c,46.25291687573918,46.25291687573918
8016,c,46.25291687573918,46.25291687573918
8017,c,46.25291687573918,46.25291687573918
8018,t,46.25291687573918,46.25291687573918
8019,t,46.25291687573918,46.25291687573918
8020,c,46.25291687573918,46.25291687573918
8021,t,46.25291687573918,46.25291687573918
8022,c,8.458695489343722,8.460288332605195
8023,t,46.25291687573918,46.25291687573918
8024,c,46.25291687573918,46.25291687573918
8025,t,46.25291687573918,46.25291687573918
8026,c,46.25291687573918,46.25291687573918
8027,t,46.25291687573918,46.25291687573918
8028,na,5.133386203405242,33.74585051507844
8029,c,46.25291687573918,46.25291687573918
8030,na,2.6770279291020267,11.44991960713028
8031,c,46.25291687573918,46.25291687573918
8032,c,46.25291687573918,46.25291687573918
8033,t,46.25291687573918,46.25291687573918
8034,c,46.25291687573918,46.25291687573918
8035,c,46.25291687573918,46.25291687573918
8036,c,46.25291687573918,46.25291687573918
8037,c,46.25291687573918,46.25291687573918
8038,c,46.25291687573918,46.25291687573918
8039,c,46.25291687573918,46.25291687573918
8040,c,46.25291687573918,46.25291687573918
8041,c,14.880989436007415,18.67444458024108
8042,c,46.25291687573918,46.25291687573918
8043,t,46.25291687573918,46.25291687573918
8044,c,46.25291687573918,46.25291687573918
8045,c,46.25291687573918,46.25291687573918
8046,t,46.25291687573918,46.25291687573918
8047,c,46.25291687573918,46.25291687573918
8048,c,1.4628313210589425,9.31969556660977
8049,c,6.718329113108546,9.884503129069907
8050,c,46.25291687573918,46.25291687573918
8051,c,46.25291687573918,46.25291687573918
8052,t,46.25291687573918,46.25291687573918
8053,c,46.25291687573918,46.25291687573918
8054,t,46.25291687573918,46.25291687573918
8055,c,46.25291687573918,46.25291687573918
8056,c,46.25291687573918,46.25291687573918
8057,c,46.25291687573918,46.25291687573918
8058,c,46.25291687573918,46.25291687573918
8059,c,46.25291687573918,46.25291687573918
8060,c,46.25291687573918,46.25291687573918
8061,c,46.25291687573918,46.25291687573918
8062,c,46.25291687573918,46.25291687573918
8063,c,46.25291687573918,46.25291687573918
8064,c,46.25291687573918,46.25291687573918
8065,c,46.25291687573918,46.25291687573918
8066,c,46.25291687573918,46.25291687573918
8067,c,46.25291687573918,46.25291687573918
8068,c,46.25291687573918,46.25291687573918
8069,c,46.25291687573918,46.25291687573918
8070,c,46.25291687573918,46.25291687573918
8071,c,46.25291687573918,46.25291687573918
8072,c,46.25291687573918,46.25291687573918
8073,c,46.25291687573918,46.25291687573918
8074,c,10.611015124837179,12.795733976083794
8075,c,6.565798109447464,12.921548286430184
8076,c,46.25291687573918,46.25291687573918
8077,c,46.25291687573918,46.25291687573918
8078,c,46.25291687573918,46.25291687573918
8079,c,46.25291687573918,46.25291687573918
8080,t,46.25291687573918,46.25291687573918
8081,c,46.25291687573918,46.25291687573918
8082,c,46.25291687573918,46.25291687573918
8083,c,46.25291687573918,46.25291687573918
8084,t,46.25291687573918,46.25291687573918
8085,c,46.25291687573918,46.25291687573918
8086,c,46.25291687573918,46.25291687573918
8087,c,46.25291687573918,46.25291687573918
8088,c,46.25291687573918,46.25291687573918
8089,c,46.25291687573918,46.25291687573918
8090,c,46.25291687573918,46.25291687573918
8091,c,46.25291687573918,46.25291687573918
8092,c,46.25291687573918,46.25291687573918
8093,c,46.25291687573918,46.25291687573918
8094,c,46.25291687573918,46.25291687573918
8095,t,46.25291687573918,46.25291687573918
8096,t,46.25291687573918,46.25291687573918
8097,c,46.25291687573918,46.25291687573918
8098,c,46.25291687573918,46.25291687573918
8099,c,46.25291687573918,46.25291687573918
8100,c,46.25291687573918,46.25291687573918
8101,c,16.705479664387376,29.033546422414705
8102,c,46.25291687573918,46.25291687573918
8103,t,46.25291687573918,46.25291687573918
8104,t,46.25291687573918,46.25291687573918
8105,c,46.25291687573918,46.25291687573918
8106,c,46.25291687573918,46.25291687573918
8107,t,46.25291687573918,46.25291687573918
8108,c,46.25291687573918,46.25291687573918
8109,t,46.25291687573918,46.25291687573918
8110,c,46.25291687573918,46.25291687573918
8111,c,46.25291687573918,46.25291687573918
8112,c,46.25291687573918,46.25291687573918
8113,t,46.25291687573918,46.25291687573918
8114,c,46.25291687573918,46.25291687573918
8115,c,46.25291687573918,46.25291687573918
8116,t,46.25291687573918,46.25291687573918
8117,c,46.25291687573918,46.25291687573918
8118,c,46.25291687573918,46.25291687573918
8119,c,20.956710437402304,22.19705272178384
8120,c,46.25291687573918,46.25291687573918
8121,t,46.25291687573918,46.25291687573918
8122,na,-1,0
8123,c,46.25291687573918,46.25291687573918
8124,c,46.25291687573918,46.25291687573918
8125,c,46.25291687573918,46.25291687573918
8126,c,46.25291687573918,46.25291687573918
8127,t,46.25291687573918,46.25291687573918
8128,t,46.25291687573918,46.25291687573918
8129,c,46.25291687573918,46.25291687573918
8130,c,46.25291687573918,46.25291687573918
8131,t,46.25291687573918,46.25291687573918
8132,c,46.25291687573918,46.25291687573918
8133,c,46.25291687573918,46.25291687573918
8134,c,46.25291687573918,46.25291687573918
8135,c,46.25291687573918,46.25291687573918
8136,c,46.25291687573918,46.25291687573918
8137,c,46.25291687573918,46.25291687573918
8138,c,46.25291687573918,46.25291687573918
8139,c,46.25291687573918,46.25291687573918
8140,c,46.25291687573918,46.25291687573918
8141,c,46.25291687573918,46.25291687573918
8142,c,46.25291687573918,46.25291687573918
8143,t,46.25291687573918,46.25291687573918
8144,c,46.25291687573918,46.25291687573918
8145,t,46.25291687573918,46.25291687573918
8146,c,46.25291687573918,46.25291687573918
8147,c,46.25291687573918,46.25291687573918
8148,c,46.25291687573918,46.25291687573918
8149,c,46.25291687573918,46.25291687573918
8150,c,46.25291687573918,46.25291687573918
8151,c,46.25291687573918,46.25291687573918
8152,c,46.25291687573918,46.25291687573918
8153,c,46.25291687573918,46.25291687573918
8154,c,46.25291687573918,46.25291687573918
8155,c,46.25291687573918,46.25291687573918
8156,c,46.25291687573918,46.25291687573918
8157,c,12.226534296389318,14.750962921343074
8158,c,46.25291687573918,46.25291687573918
8159,t,46.25291687573918,46.25291687573918
8160,c,46.25291687573918,46.25291687573918
8161,c,46.25291687573918,46.25291687573918
8162,c,46.25291687573918,46.25291687573918
8163,c,46.25291687573918,46.25291687573918
8164,c,46.25291687573918,46.25291687573918
8165,c,46.25291687573918,46.25291687573918
8166,c,46.25291687573918,46.25291687573918
8167,c,46.25291687573918,46.25291687573918
8168,c,46.25291687573918,46.25291687573918
8169,c,46.25291687573918,46.25291687573918
8170,c,46.25291687573918,46.25291687573918
8171,c,46.25291687573918,46.25291687573918
8172,c,46.25291687573918,46.25291687573918
8173,c,46.25291687573918,46.25291687573918
8174,c,46.25291687573918,46.25291687573918
8175,t,46.25291687573918,46.25291687573918
8176,c,46.25291687573918,46.25291687573918
8177,c,46.25291687573918,46.25291687573918
8178,t,46.25291687573918,46.25291687573918
8179,c,46.25291687573918,46.25291687573918
8180,t,46.25291687573918,46.25291687573918
8181,t,46.25291687573918,46.25291687573918
8182,c,46.25291687573918,46.25291687573918
8183,c,46.25291687573918,46.25291687573918
8184,t,46.25291687573918,46.25291687573918
8185,c,46.25291687573918,46.25291687573918
8186,c,46.25291687573918,46.25291687573918
8187,c,46.25291687573918,46.25291687573918
8188,c,46.25291687573918,46.25291687573918
8189,c,46.25291687573918,46.25291687573918
8190,c,46.25291687573918,46.25291687573918
8191,c,14.23786526453903,16.980518610279947
8192,c,46.25291687573918,46.25291687573918
8193,c,46.25291687573918,46.25291687573918
8194,c,46.25291687573918,46.25291687573918
8195,c,46.25291687573918,46.25291687573918
8196,t,46.25291687573918,46.25291687573918
8197,c,46.25291687573918,46.25291687573918
8198,c,46.25291687573918,46.25291687573918
8199,c,46.25291687573918,46.25291687573918
8200,c,46.25291687573918,46.25291687573918
8201,c,46.25291687573918,46.25291687573918
8202,c,46.25291687573918,46.25291687573918
8203,c,46.25291687573918,46.25291687573918
8204,c,46.25291687573918,46.25291687573918
8205,c,46.25291687573918,46.25291687573918
8206,c,46.25291687573918,46.25291687573918
8207,c,46.25291687573918,46.25291687573918
8208,t,46.25291687573918,46.25291687573918
8209,c,46.25291687573918,46.25291687573918
8210,c,46.25291687573918,46.25291687573918
8211,c,46.25291687573918,46.25291687573918
8212,c,46.25291687573918,46.25291687573918
8213,c,46.25291687573918,46.25291687573918
8214,t,46.25291687573918,46.25291687573918
8215,c,46.25291687573918,46.25291687573918
8216,c,46.25291687573918,46.25291687573918
8217,c,46.25291687573918,46.25291687573918
8218,na,0.4530352347903841,2.095671157785457
8219,c,46.25291687573918,46.25291687573918
8220,c,46.25291687573918,46.25291687573918
8221,c,46.25291687573918,46.25291687573918
8222,na,5.491241549667284,6.872906839052771
8223,c,46.25291687573918,46.25291687573918
8224,c,46.25291687573918,46.25291687573918
8225,c,46.25291687573918,46.25291687573918
8226,t,46.25291687573918,46.25291687573918
8227,c,46.25291687573918,46.25291687573918
8228,t,46.25291687573918,46.25291687573918
8229,c,46.25291687573918,46.25291687573918
8230,c,46.25291687573918,46.25291687573918
8231,c,46.25291687573918,46.25291687573918
8232,c,46.25291687573918,46.25291687573918
8233,t,46.25291687573918,46.25291687573918
8234,c,46.25291687573918,46.25291687573918
8235,c,46.25291687573918,46.25291687573918
8236,c,46.25291687573918,46.25291687573918
8237,t,46.25291687573918,46.25291687573918
8238,c,46.25291687573918,46.25291687573918
8239,c,46.25291687573918,46.25291687573918
8240,c,46.25291687573918,46.25291687573918
8241,c,46.25291687573918,46.25291687573918
8242,c,46.25291687573918,46.25291687573918
8243,c,46.25291687573918,46.25291687573918
8244,c,46.25291687573918,46.25291687573918
8245,c,46.25291687573918,46.25291687573918
8246,c,46.25291687573918,46.25291687573918
8247,c,46.25291687573918,46.25291687573918
8248,c,46.25291687573918,46.25291687573918
8249,t,46.25291687573918,46.25291687573918
8250,c,46.25291687573918,46.25291687573918
8251,c,46.25291687573918,46.25291687573918
8252,t,46.25291687573918,46.25291687573918
8253,c,46.25291687573918,46.25291687573918
8254,c,46.25291687573918,46.25291687573918
8255,c,46.25291687573918,46.25291687573918
8256,c,46.25291687573918,46.25291687573918
8257,t,46.25291687573918,46.25291687573918
8258,c,46.25291687573918,46.25291687573918
8259,c,46.25291687573918,46.25291687573918
8260,c,46.25291687573918,46.25291687573918
8261,c,46.25291687573918,46.25291687573918
8262,c,46.25291687573918,46.25291687573918
8263,c,46.25291687573918,46.25291687573918
8264,c,46.25291687573918,46.25291687573918
8265,t,46.25291687573918,46.25291687573918
8266,c,46.25291687573918,46.25291687573918
8267,c,46.25291687573918,46.25291687573918
8268,c,46.25291687573918,46.25291687573918
8269,c,46.25291687573918,46.25291687573918
8270,c,46.25291687573918,46.25291687573918
8271,c,46.25291687573918,46.25291687573918
8272,t,46.25291687573918,46.25291687573918
8273,c,46.25291687573918,46.25291687573918
8274,t,46.25291687573918,46.25291687573918
8275,c,46.25291687573918,46.25291687573918
8276,t,46.25291687573918,46.25291687573918
8277,c,46.25291687573918,46.25291687573918
8278,c,46.25291687573918,46.25291687573918
8279,c,46.25291687573918,46.25291687573918
8280,na,-1,0
8281,c,46.25291687573918,46.25291687573918
8282,t,46.25291687573918,46.25291687573918
8283,t,46.25291687573918,46.25291687573918
8284,c,46.25291687573918,46.25291687573918
8285,c,46.25291687573918,46.25291687573918
8286,c,46.25291687573918,46.25291687573918
8287,c,46.25291687573918,46.25291687573918
8288,c,46.25291687573918,46.25291687573918
8289,c,46.25291687573918,46.25291687573918
8290,c,46.25291687573918,46.25291687573918
8291,t,46.25291687573918,46.25291687573918
8292,t,46.25291687573918,46.25291687573918
8293,t,46.25291687573918,46.25291687573918
8294,c,46.25291687573918,46.25291687573918
8295,t,46.25291687573918,46.25291687573918
8296,c,46.25291687573918,46.25291687573918
8297,c,46.25291687573918,46.25291687573918
8298,c,46.25291687573918,46.25291687573918
8299,c,46.25291687573918,46.25291687573918
8300,t,46.25291687573918,46.25291687573918
8301,c,46.25291687573918,46.25291687573918
8302,c,46.25291687573918,46.25291687573918
8303,t,46.25291687573918,46.25291687573918
8304,c,46.25291687573918,46.25291687573918
8305,c,46.25291687573918,46.25291687573918
8306,c,46.25291687573918,46.25291687573918
8307,c,46.25291687573918,46.25291687573918
8308,c,46.25291687573918,46.25291687573918
8309,t,46.25291687573918,46.25291687573918
8310,c,46.25291687573918,46.25291687573918
8311,c,46.25291687573918,46.25291687573918
8312,c,46.25291687573918,46.25291687573918
8313,c,46.25291687573918,46.25291687573918
8314,t,46.25291687573918,46.25291687573918
8315,na,7.913029039997154,13.085003290646288
8316,c,46.25291687573918,46.25291687573918
8317,c,46.25291687573918,46.25291687573918
8318,c,46.25291687573918,46.25291687573918
8319,c,46.25291687573918,46.25291687573918
8320,c,46.25291687573918,46.25291687573918
8321,c,46.25291687573918,46.25291687573918
8322,c,46.25291687573918,46.25291687573918
8323,c,8.399365050137057,10.168257394671079
8324,c,46.25291687573918,46.25291687573918
8325,t,46.25291687573918,46.25291687573918
8326,c,46.25291687573918,46.25291687573918
8327,t,46.25291687573918,46.25291687573918
8328,c,46.25291687573918,46.25291687573918
8329,c,46.25291687573918,46.25291687573918
8330,c,46.25291687573918,46.25291687573918
8331,c,46.25291687573918,46.25291687573918
8332,c,46.25291687573918,46.25291687573918
8333,c,46.25291687573918,46.25291687573918
8334,c,46.25291687573918,46.25291687573918
8335,c,46.25291687573918,46.25291687573918
8336,c,46.25291687573918,46.25291687573918
8337,t,46.25291687573918,46.25291687573918
8338,c,46.25291687573918,46.25291687573918
8339,c,46.25291687573918,46.25291687573918
8340,c,46.25291687573918,46.25291687573918
8341,t,46.25291687573918,46.25291687573918
8342,c,46.25291687573918,46.25291687573918
8343,c,46.25291687573918,46.25291687573918
8344,t,46.25291687573918,46.25291687573918
8345,c,46.25291687573918,46.25291687573918
8346,c,46.25291687573918,46.25291687573918
8347,na,-1,0
8348,c,46.25291687573918,46.25291687573918
8349,c,46.25291687573918,46.25291687573918
8350,c,46.25291687573918,46.25291687573918
8351,t,46.25291687573918,46.25291687573918
8352,c,46.25291687573918,46.25291687573918
8353,c,9.621395144701001,11.341785259008374
8354,c,46.25291687573918,46.25291687573918
8355,c,46.25291687573918,46.25291687573918
8356,c,46.25291687573918,46.25291687573918
8357,t,46.25291687573918,46.25291687573918
8358,c,46.25291687573918,46.25291687573918
8359,c,46.25291687573918,46.25291687573918
8360,c,46.25291687573918,46.25291687573918
8361,c,46.25291687573918,46.25291687573918
8362,c,46.25291687573918,46.25291687573918
8363,t,46.25291687573918,46.25291687573918
8364,t,46.25291687573918,46.25291687573918
8365,c,46.25291687573918,46.25291687573918
8366,c,46.25291687573918,46.25291687573918
8367,c,46.25291687573918,46.25291687573918
8368,na,1.0433571082392843,3.0942035047990646
8369,t,46.25291687573918,46.25291687573918
8370,c,46.25291687573918,46.25291687573918
8371,c,46.25291687573918,46.25291687573918
8372,c,46.25291687573918,46.25291687573918
8373,c,46.25291687573918,46.25291687573918
8374,c,46.25291687573918,46.25291687573918
8375,t,46.25291687573918,46.25291687573918
8376,c,46.25291687573918,46.25291687573918
8377,c,46.25291687573918,46.25291687573918
8378,t,46.25291687573918,46.25291687573918
8379,c,46.25291687573918,46.25291687573918
8380,c,46.25291687573918,46.25291687573918
8381,c,46.25291687573918,46.25291687573918
8382,t,46.25291687573918,46.25291687573918
8383,t,46.25291687573918,46.25291687573918
8384,c,46.25291687573918,46.25291687573918
8385,c,46.25291687573918,46.25291687573918
8386,c,46.25291687573918,46.25291687573918
8387,c,46.25291687573918,46.25291687573918
8388,c,6.456718809115972,11.222738916032835
8389,c,46.25291687573918,46.25291687573918
8390,c,46.25291687573918,46.25291687573918
8391,c,46.25291687573918,46.25291687573918
8392,c,46.25291687573918,46.25291687573918
8393,c,46.25291687573918,46.25291687573918
8394,c,46.25291687573918,46.25291687573918
8395,c,46.25291687573918,46.25291687573918
8396,c,46.25291687573918,46.25291687573918
8397,c,46.25291687573918,46.25291687573918
8398,c,46.25291687573918,46.25291687573918
8399,t,46.25291687573918,46.25291687573918
8400,t,46.25291687573918,46.25291687573918
8401,c,46.25291687573918,46.25291687573918
8402,c,46.25291687573918,46.25291687573918
8403,c,46.25291687573918,46.25291687573918
8404,c,46.25291687573918,46.25291687573918
8405,c,46.25291687573918,46.25291687573918
8406,c,46.25291687573918,46.25291687573918
8407,c,46.25291687573918,46.25291687573918
8408,c,46.25291687573918,46.25291687573918
8409,c,46.25291687573918,46.25291687573918
8410,c,11.294675208284007,16.089455803534776
8411,c,46.25291687573918,46.25291687573918
8412,c,46.25291687573918,46.25291687573918
8413,t,46.25291687573918,46.25291687573918
8414,t,46.25291687573918,46.25291687573918
8415,c,46.25291687573918,46.25291687573918
8416,c,46.25291687573918,46.25291687573918
8417,t,46.25291687573918,46.25291687573918
8418,t,46.25291687573918,46.25291687573918
8419,c,46.25291687573918,46.25291687573918
8420,t,46.25291687573918,46.25291687573918
8421,c,46.25291687573918,46.25291687573918
8422,t,46.25291687573918,46.25291687573918
8423,c,46.25291687573918,46.25291687573918
8424,c,46.25291687573918,46.25291687573918
8425,t,46.25291687573918,46.25291687573918
8426,c,46.25291687573918,46.25291687573918
8427,c,46.25291687573918,46.25291687573918
8428,c,46.25291687573918,46.25291687573918
8429,c,46.25291687573918,46.25291687573918
8430,c,46.25291687573918,46.25291687573918
8431,t,46.25291687573918,46.25291687573918
8432,c,46.25291687573918,46.25291687573918
8433,t,46.25291687573918,46.25291687573918
8434,t,46.25291687573918,46.25291687573918
8435,c,46.25291687573918,46.25291687573918
8436,c,46.25291687573918,46.25291687573918
8437,c,46.25291687573918,46.25291687573918
8438,c,46.25291687573918,46.25291687573918
8439,c,46.25291687573918,46.25291687573918
8440,c,46.25291687573918,46.25291687573918
8441,c,46.25291687573918,46.25291687573918
8442,c,46.25291687573918,46.25291687573918
8443,c,46.25291687573918,46.25291687573918
8444,c,46.25291687573918,46.25291687573918
8445,c,46.25291687573918,46.25291687573918
8446,c,46.25291687573918,46.25291687573918
8447,c,46.25291687573918,46.25291687573918
8448,c,46.25291687573918,46.25291687573918
8449,c,46.25291687573918,46.25291687573918
8450,na,0,3.79965437911733
8451,c,46.25291687573918,46.25291687573918
8452,c,46.25291687573918,46.25291687573918
8453,c,46.25291687573918,46.25291687573918
8454,c,46.25291687573918,46.25291687573918
8455,c,46.25291687573918,46.25291687573918
8456,c,46.25291687573918,46.25291687573918
8457,c,46.25291687573918,46.25291687573918
8458,c,46.25291687573918,46.25291687573918
8459,c,46.25291687573918,46.25291687573918
8460,c,46.25291687573918,46.25291687573918
8461,t,46.25291687573918,46.25291687573918
8462,c,46.25291687573918,46.25291687573918
8463,t,46.25291687573918,46.25291687573918
8464,c,46.25291687573918,46.25291687573918
8465,c,46.25291687573918,46.25291687573918
8466,c,46.25291687573918,46.25291687573918
8467,c,46.25291687573918,46.25291687573918
8468,c,46.25291687573918,46.25291687573918
8469,c,46.25291687573918,46.25291687573918
8470,c,46.25291687573918,46.25291687573918
8471,t,46.25291687573918,46.25291687573918
8472,t,46.25291687573918,46.25291687573918
8473,c,46.25291687573918,46.25291687573918
8474,c,46.25291687573918,46.25291687573918
8475,c,46.25291687573918,46.25291687573918
8476,c,46.25291687573918,46.25291687573918
8477,c,46.25291687573918,46.25291687573918
8478,c,46.25291687573918,46.25291687573918
8479,c,46.25291687573918,46.25291687573918
8480,t,46.25291687573918,46.25291687573918
8481,c,46.25291687573918,46.25291687573918
8482,c,46.25291687573918,46.25291687573918
8483,c,46.25291687573918,46.25291687573918
8484,c,46.25291687573918,46.25291687573918
8485,c,46.25291687573918,46.25291687573918
8486,c,46.25291687573918,46.25291687573918
8487,c,46.25291687573918,46.25291687573918
8488,c,46.25291687573918,46.25291687573918
8489,c,46.25291687573918,46.25291687573918
8490,t,46.25291687573918,46.25291687573918
8491,c,46.25291687573918,46.25291687573918
8492,c,46.25291687573918,46.25291687573918
8493,c,46.25291687573918,46.25291687573918
8494,c,46.25291687573918,46.25291687573918
8495,c,46.25291687573918,46.25291687573918
8496,c,46.25291687573918,46.25291687573918
8497,c,46.25291687573918,46.25291687573918
8498,t,46.25291687573918,46.25291687573918
8499,c,46.25291687573918,46.25291687573918
8500,c,46.25291687573918,46.25291687573918
8501,c,46.25291687573918,46.25291687573918
8502,c,46.25291687573918,46.25291687573918
8503,c,46.25291687573918,46.25291687573918
8504,c,46.25291687573918,46.25291687573918
8505,t,46.25291687573918,46.25291687573918
8506,c,46.25291687573918,46.25291687573918
8507,c,46.25291687573918,46.25291687573918
8508,c,46.25291687573918,46.25291687573918
8509,na,14.625137701011617,19.408923952322112
8510,c,46.25291687573918,46.25291687573918
8511,c,46.25291687573918,46.25291687573918
8512,c,46.25291687573918,46.25291687573918
8513,na,0.9248342510198704,2.9481875771269017
8514,na,1.642354813747522,46.25291687573918
8515,c,12.196110493432208,17.97895943633395
8516,c,46.25291687573918,46.25291687573918
8517,t,46.25291687573918,46.25291687573918
8518,c,46.25291687573918,46.25291687573918
8519,c,46.25291687573918,46.25291687573918
8520,c,46.25291687573918,46.25291687573918
8521,c,11.18648892907893,12.215911790710845
8522,t,46.25291687573918,46.25291687573918
8523,c,46.25291687573918,46.25291687573918
8524,c,46.25291687573918,46.25291687573918
8525,c,46.25291687573918,46.25291687573918
8526,c,46.25291687573918,46.25291687573918
8527,c,46.25291687573918,46.25291687573918
8528,c,19.81777641838655,23.73253539502901
8529,c,46.25291687573918,46.25291687573918
8530,c,46.25291687573918,46.25291687573918
8531,c,46.25291687573918,46.25291687573918
8532,c,46.25291687573918,46.25291687573918
8533,t,46.25291687573918,46.25291687573918
8534,t,46.25291687573918,46.25291687573918
8535,c,46.25291687573918,46.25291687573918
8536,c,46.25291687573918,46.25291687573918
8537,c,46.25291687573918,46.25291687573918
8538,c,4.214546567943466,7.942308780284776
8539,c,46.25291687573918,46.25291687573918
8540,c,46.25291687573918,46.25291687573918
8541,c,46.25291687573918,46.25291687573918
8542,t,46.25291687573918,46.25291687573918
8543,t,46.25291687573918,46.25291687573918
8544,c,46.25291687573918,46.25291687573918
8545,c,46.25291687573918,46.25291687573918
8546,c,46.25291687573918,46.25291687573918
8547,c,46.25291687573918,46.25291687573918
8548,c,46.25291687573918,46.25291687573918
8549,c,46.25291687573918,46.25291687573918
8550,c,46.25291687573918,46.25291687573918
8551,c,46.25291687573918,46.25291687573918
8552,c,21.569042925375822,27.98576281800386
8553,c,46.25291687573918,46.25291687573918
8554,c,46.25291687573918,46.25291687573918
8555,c,46.25291687573918,46.25291687573918
8556,c,46.25291687573918,46.25291687573918
8557,c,46.25291687573918,46.25291687573918
8558,c,46.25291687573918,46.25291687573918
8559,c,46.25291687573918,46.25291687573918
8560,c,46.25291687573918,46.25291687573918
8561,t,46.25291687573918,46.25291687573918
8562,c,46.25291687573918,46.25291687573918
8563,c,46.25291687573918,46.25291687573918
8564,c,46.25291687573918,46.25291687573918
8565,c,46.25291687573918,46.25291687573918
8566,t,46.25291687573918,46.25291687573918
8567,c,46.25291687573918,46.25291687573918
8568,t,46.25291687573918,46.25291687573918
8569,c,46.25291687573918,46.25291687573918
8570,c,46.25291687573918,46.25291687573918
8571,c,46.25291687573918,46.25291687573918
8572,c,46.25291687573918,46.25291687573918
8573,t,46.25291687573918,46.25291687573918
8574,c,46.25291687573918,46.25291687573918
8575,c,46.25291687573918,46.25291687573918
8576,c,46.25291687573918,46.25291687573918
8577,c,46.25291687573918,46.25291687573918
8578,c,46.25291687573918,46.25291687573918
8579,c,46.25291687573918,46.25291687573918
8580,t,46.25291687573918,46.25291687573918
8581,c,46.25291687573918,46.25291687573918
8582,c,24.45448685733348,32.52611617111074
8583,c,46.25291687573918,46.25291687573918
8584,c,46.25291687573918,46.25291687573918
8585,t,46.25291687573918,46.25291687573918
8586,t,46.25291687573918,46.25291687573918
8587,c,46.25291687573918,46.25291687573918
8588,c,46.25291687573918,46.25291687573918
8589,c,46.25291687573918,46.25291687573918
8590,c,46.25291687573918,46.25291687573918
8591,t,46.25291687573918,46.25291687573918
8592,c,46.25291687573918,46.25291687573918
8593,c,46.25291687573918,46.25291687573918
8594,c,46.25291687573918,46.25291687573918
8595,t,46.25291687573918,46.25291687573918
8596,c,46.25291687573918,46.25291687573918
8597,c,46.25291687573918,46.25291687573918
8598,t,46.25291687573918,46.25291687573918
8599,c,46.25291687573918,46.25291687573918
8600,c,46.25291687573918,46.25291687573918
8601,t,46.25291687573918,46.25291687573918
8602,c,46.25291687573918,46.25291687573918
8603,c,46.25291687573918,46.25291687573918
8604,t,46.25291687573918,46.25291687573918
8605,c,46.25291687573918,46.25291687573918
8606,c,46.25291687573918,46.25291687573918
8607,c,46.25291687573918,46.25291687573918
8608,c,46.25291687573918,46.25291687573918
8609,c,46.25291687573918,46.25291687573918
8610,c,46.25291687573918,46.25291687573918
8611,c,46.25291687573918,46.25291687573918
8612,c,46.25291687573918,46.25291687573918
8613,c,46.25291687573918,46.25291687573918
8614,t,46.25291687573918,46.25291687573918
8615,c,46.25291687573918,46.25291687573918
8616,c,46.25291687573918,46.25291687573918
8617,t,46.25291687573918,46.25291687573918
8618,t,46.25291687573918,46.25291687573918
8619,c,46.25291687573918,46.25291687573918
8620,c,46.25291687573918,46.25291687573918
8621,t,46.25291687573918,46.25291687573918
8622,t,46.25291687573918,46.25291687573918
8623,c,7.72991498059568,9.839623249374545
8624,t,46.25291687573918,46.25291687573918
8625,c,46.25291687573918,46.25291687573918
8626,c,46.25291687573918,46.25291687573918
8627,t,46.25291687573918,46.25291687573918
8628,c,46.25291687573918,46.25291687573918
8629,c,46.25291687573918,46.25291687573918
8630,c,11.254477512288096,13.122532421507419
8631,c,46.25291687573918,46.25291687573918
8632,t,46.25291687573918,46.25291687573918
8633,c,46.25291687573918,46.25291687573918
8634,c,46.25291687573918,46.25291687573918
8635,c,46.25291687573918,46.25291687573918
8636,c,46.25291687573918,46.25291687573918
8637,c,46.25291687573918,46.25291687573918
8638,c,46.25291687573918,46.25291687573918
8639,c,46.25291687573918,46.25291687573918
8640,c,46.25291687573918,46.25291687573918
8641,c,46.25291687573918,46.25291687573918
8642,c,46.25291687573918,46.25291687573918
8643,t,46.25291687573918,46.25291687573918
8644,c,46.25291687573918,46.25291687573918
8645,c,46.25291687573918,46.25291687573918
8646,na,4.774952615310792,6.98397731966017
8647,c,46.25291687573918,46.25291687573918
8648,c,46.25291687573918,46.25291687573918
8649,t,46.25291687573918,46.25291687573918
8650,t,46.25291687573918,46.25291687573918
8651,c,46.25291687573918,46.25291687573918
8652,c,46.25291687573918,46.25291687573918
8653,t,46.25291687573918,46.25291687573918
8654,na,5.245940855686925,7.905345024214987
8655,c,46.25291687573918,46.25291687573918
8656,c,46.25291687573918,46.25291687573918
8657,c,46.25291687573918,46.25291687573918
8658,c,46.25291687573918,46.25291687573918
8659,c,46.25291687573918,46.25291687573918
8660,t,46.25291687573918,46.25291687573918
8661,c,46.25291687573918,46.25291687573918
8662,t,46.25291687573918,46.25291687573918
8663,na,4.007215510629628,5.067414627855038
8664,c,46.25291687573918,46.25291687573918
8665,c,46.25291687573918,46.25291687573918
8666,c,46.25291687573918,46.25291687573918
8667,c,46.25291687573918,46.25291687573918
8668,c,46.25291687573918,46.25291687573918
8669,c,46.25291687573918,46.25291687573918
8670,c,46.25291687573918,46.25291687573918
8671,c,46.25291687573918,46.25291687573918
8672,c,46.25291687573918,46.25291687573918
8673,c,46.25291687573918,46.25291687573918
8674,c,46.25291687573918,46.25291687573918
8675,c,46.25291687573918,46.25291687573918
8676,c,46.25291687573918,46.25291687573918
8677,t,46.25291687573918,46.25291687573918
8678,c,46.25291687573918,46.25291687573918
8679,c,46.25291687573918,46.25291687573918
8680,c,46.25291687573918,46.25291687573918
8681,c,46.25291687573918,46.25291687573918
8682,t,46.25291687573918,46.25291687573918
8683,c,46.25291687573918,46.25291687573918
8684,t,46.25291687573918,46.25291687573918
8685,c,46.25291687573918,46.25291687573918
8686,c,46.25291687573918,46.25291687573918
8687,c,46.25291687573918,46.25291687573918
8688,c,46.25291687573918,46.25291687573918
8689,c,46.25291687573918,46.25291687573918
8690,t,46.25291687573918,46.25291687573918
8691,t,46.25291687573918,46.25291687573918
8692,t,46.25291687573918,46.25291687573918
8693,c,46.25291687573918,46.25291687573918
8694,c,46.25291687573918,46.25291687573918
8695,c,46.25291687573918,46.25291687573918
8696,t,46.25291687573918,46.25291687573918
8697,c,46.25291687573918,46.25291687573918
8698,t,46.25291687573918,46.25291687573918
8699,c,28.42040305654585,45.51271047896583
8700,t,46.25291687573918,46.25291687573918
8701,t,46.25291687573918,46.25291687573918
8702,c,46.25291687573918,46.25291687573918
8703,c,46.25291687573918,46.25291687573918
8704,c,46.25291687573918,46.25291687573918
8705,c,46.25291687573918,46.25291687573918
8706,c,46.25291687573918,46.25291687573918
8707,t,46.25291687573918,46.25291687573918
8708,c,46.25291687573918,46.25291687573918
8709,t,46.25291687573918,46.25291687573918
8710,c,46.25291687573918,46.25291687573918
8711,c,46.25291687573918,46.25291687573918
8712,c,46.25291687573918,46.25291687573918
8713,c,46.25291687573918,46.25291687573918
8714,na,-1,0
8715,c,46.25291687573918,46.25291687573918
8716,c,11.94843878942269,14.65569310537557
8717,t,46.25291687573918,46.25291687573918
8718,c,46.25291687573918,46.25291687573918
8719,c,46.25291687573918,46.25291687573918
8720,c,46.25291687573918,46.25291687573918
8721,c,46.25291687573918,46.25291687573918
8722,c,46.25291687573918,46.25291687573918
8723,c,46.25291687573918,46.25291687573918
8724,c,46.25291687573918,46.25291687573918
8725,c,12.906756725915384,46.25291687573918
8726,c,46.25291687573918,46.25291687573918
8727,c,46.25291687573918,46.25291687573918
8728,t,46.25291687573918,46.25291687573918
8729,c,46.25291687573918,46.25291687573918
8730,c,46.25291687573918,46.25291687573918
8731,c,46.25291687573918,46.25291687573918
8732,t,46.25291687573918,46.25291687573918
8733,c,46.25291687573918,46.25291687573918
8734,c,46.25291687573918,46.25291687573918
8735,c,46.25291687573918,46.25291687573918
8736,c,46.25291687573918,46.25291687573918
8737,c,46.25291687573918,46.25291687573918
8738,c,46.25291687573918,46.25291687573918
8739,c,46.25291687573918,46.25291687573918
8740,c,46.25291687573918,46.25291687573918
8741,c,46.25291687573918,46.25291687573918
8742,c,46.25291687573918,46.25291687573918
8743,c,46.25291687573918,46.25291687573918
8744,c,46.25291687573918,46.25291687573918
8745,c,46.25291687573918,46.25291687573918
8746,c,46.25291687573918,46.25291687573918
8747,c,46.25291687573918,46.25291687573918
8748,c,46.25291687573918,46.25291687573918
8749,c,7.951011437810003,8.52936744850127
8750,c,46.25291687573918,46.25291687573918
8751,c,46.25291687573918,46.25291687573918
8752,t,46.25291687573918,46.25291687573918
8753,t,46.25291687573918,46.25291687573918
8754,c,46.25291687573918,46.25291687573918
8755,c,12.094198894963338,12.182797694076442
8756,c,46.25291687573918,46.25291687573918
8757,c,46.25291687573918,46.25291687573918
8758,t,46.25291687573918,46.25291687573918
8759,c,46.25291687573918,46.25291687573918
8760,c,46.25291687573918,46.25291687573918
8761,c,46.25291687573918,46.25291687573918
8762,c,46.25291687573918,46.25291687573918
8763,c,46.25291687573918,46.25291687573918
8764,c,6.440379350625446,14.719438438129982
8765,c,7.250030104504075,13.521584053251003
8766,c,46.25291687573918,46.25291687573918
8767,c,46.25291687573918,46.25291687573918
8768,c,46.25291687573918,46.25291687573918
8769,c,46.25291687573918,46.25291687573918
8770,c,46.25291687573918,46.25291687573918
8771,c,46.25291687573918,46.25291687573918
8772,c,46.25291687573918,46.25291687573918
8773,c,46.25291687573918,46.25291687573918
8774,c,46.25291687573918,46.25291687573918
8775,c,46.25291687573918,46.25291687573918
8776,t,46.25291687573918,46.25291687573918
8777,c,46.25291687573918,46.25291687573918
8778,t,46.25291687573918,46.25291687573918
8779,c,46.25291687573918,46.25291687573918
8780,c,46.25291687573918,46.25291687573918
8781,t,46.25291687573918,46.25291687573918
8782,t,46.25291687573918,46.25291687573918
8783,c,46.25291687573918,46.25291687573918
8784,c,46.25291687573918,46.25291687573918
8785,c,46.25291687573918,46.25291687573918
8786,c,46.25291687573918,46.25291687573918
8787,c,46.25291687573918,46.25291687573918
8788,c,46.25291687573918,46.25291687573918
8789,c,46.25291687573918,46.25291687573918
8790,c,46.25291687573918,46.25291687573918
8791,c,46.25291687573918,46.25291687573918
8792,c,46.25291687573918,46.25291687573918
8793,c,46.25291687573918,46.25291687573918
8794,c,46.25291687573918,46.25291687573918
8795,c,46.25291687573918,46.25291687573918
8796,c,46.25291687573918,46.25291687573918
8797,t,46.25291687573918,46.25291687573918
8798,t,46.25291687573918,46.25291687573918
8799,c,46.25291687573918,46.25291687573918
8800,c,46.25291687573918,46.25291687573918
8801,c,46.25291687573918,46.25291687573918
8802,c,46.25291687573918,46.25291687573918
8803,c,46.25291687573918,46.25291687573918
8804,c,46.25291687573918,46.25291687573918
8805,c,46.25291687573918,46.25291687573918
8806,c,46.25291687573918,46.25291687573918
8807,c,46.25291687573918,46.25291687573918
8808,c,46.25291687573918,46.25291687573918
8809,c,46.25291687573918,46.25291687573918
8810,c,46.25291687573918,46.25291687573918
8811,c,46.25291687573918,46.25291687573918
8812,c,46.25291687573918,46.25291687573918
8813,c,46.25291687573918,46.25291687573918
8814,c,46.25291687573918,46.25291687573918
8815,c,46.25291687573918,46.25291687573918
8816,c,46.25291687573918,46.25291687573918
8817,c,46.25291687573918,46.25291687573918
8818,t,46.25291687573918,46.25291687573918
8819,c,46.25291687573918,46.25291687573918
8820,c,46.25291687573918,46.25291687573918
8821,t,46.25291687573918,46.25291687573918
8822,c,46.25291687573918,46.25291687573918
8823,c,46.25291687573918,46.25291687573918
8824,c,46.25291687573918,46.25291687573918
8825,c,46.25291687573918,46.25291687573918
8826,c,46.25291687573918,46.25291687573918
8827,c,46.25291687573918,46.25291687573918
8828,c,46.25291687573918,46.25291687573918
8829,c,46.25291687573918,46.25291687573918
8830,c,46.25291687573918,46.25291687573918
8831,c,46.25291687573918,46.25291687573918
8832,c,46.25291687573918,46.25291687573918
8833,c,46.25291687573918,46.25291687573918
8834,c,46.25291687573918,46.25291687573918
8835,c,46.25291687573918,46.25291687573918
8836,c,46.25291687573918,46.25291687573918
8837,c,46.25291687573918,46.25291687573918
8838,c,46.25291687573918,46.25291687573918
8839,c,46.25291687573918,46.25291687573918
8840,c,46.25291687573918,46.25291687573918
8841,c,46.25291687573918,46.25291687573918
8842,t,46.25291687573918,46.25291687573918
8843,c,46.25291687573918,46.25291687573918
8844,c,46.25291687573918,46.25291687573918
8845,c,46.25291687573918,46.25291687573918
8846,t,46.25291687573918,46.25291687573918
8847,c,46.25291687573918,46.25291687573918
8848,t,46.25291687573918,46.25291687573918
8849,c,46.25291687573918,46.25291687573918
8850,c,46.25291687573918,46.25291687573918
8851,c,46.25291687573918,46.25291687573918
8852,na,0,2.8403236966716565
8853,c,46.25291687573918,46.25291687573918
8854,c,3.610973502287749,6.1302755431427896
8855,t,46.25291687573918,46.25291687573918
8856,c,46.25291687573918,46.25291687573918
8857,t,46.25291687573918,46.25291687573918
8858,c,46.25291687573918,46.25291687573918
8859,c,46.25291687573918,46.25291687573918
8860,t,46.25291687573918,46.25291687573918
8861,c,46.25291687573918,46.25291687573918
8862,c,46.25291687573918,46.25291687573918
8863,c,46.25291687573918,46.25291687573918
8864,t,46.25291687573918,46.25291687573918
8865,c,46.25291687573918,46.25291687573918
8866,c,46.25291687573918,46.25291687573918
8867,t,46.25291687573918,46.25291687573918
8868,t,46.25291687573918,46.25291687573918
8869,c,46.25291687573918,46.25291687573918
8870,c,46.25291687573918,46.25291687573918
8871,c,46.25291687573918,46.25291687573918
8872,c,46.25291687573918,46.25291687573918
8873,c,46.25291687573918,46.25291687573918
8874,t,46.25291687573918,46.25291687573918
8875,c,46.25291687573918,46.25291687573918
8876,c,46.25291687573918,46.25291687573918
8877,c,46.25291687573918,46.25291687573918
8878,c,46.25291687573918,46.25291687573918
8879,t,46.25291687573918,46.25291687573918
8880,c,46.25291687573918,46.25291687573918
8881,t,46.25291687573918,46.25291687573918
8882,c,46.25291687573918,46.25291687573918
8883,c,46.25291687573918,46.25291687573918
8884,c,46.25291687573918,46.25291687573918
8885,c,46.25291687573918,46.25291687573918
8886,c,46.25291687573918,46.25291687573918
8887,c,46.25291687573918,46.25291687573918
8888,c,46.25291687573918,46.25291687573918
8889,c,46.25291687573918,46.25291687573918
8890,c,46.25291687573918,46.25291687573918
8891,c,46.25291687573918,46.25291687573918
8892,c,46.25291687573918,46.25291687573918
8893,c,46.25291687573918,46.25291687573918
8894,c,46.25291687573918,46.25291687573918
8895,t,46.25291687573918,46.25291687573918
8896,t,46.25291687573918,46.25291687573918
8897,c,46.25291687573918,46.25291687573918
8898,c,46.25291687573918,46.25291687573918
8899,c,46.25291687573918,46.25291687573918
8900,c,46.25291687573918,46.25291687573918
8901,t,46.25291687573918,46.25291687573918
8902,c,46.25291687573918,46.25291687573918
8903,c,46.25291687573918,46.25291687573918
8904,c,46.25291687573918,46.25291687573918
8905,t,46.25291687573918,46.25291687573918
8906,c,46.25291687573918,46.25291687573918
8907,c,4.407658394882297,6.65602762711345
8908,c,46.25291687573918,46.25291687573918
8909,c,46.25291687573918,46.25291687573918
8910,c,46.25291687573918,46.25291687573918
8911,t,46.25291687573918,46.25291687573918
8912,t,46.25291687573918,46.25291687573918
8913,c,46.25291687573918,46.25291687573918
8914,t,46.25291687573918,46.25291687573918
8915,c,46.25291687573918,46.25291687573918
8916,c,46.25291687573918,46.25291687573918
8917,t,46.25291687573918,46.25291687573918
8918,c,4.394477398110167,17.20291523613618
8919,c,46.25291687573918,46.25291687573918
8920,c,5.447092548607973,6.91137577360878
8921,c,46.25291687573918,46.25291687573918
8922,c,46.25291687573918,46.25291687573918
8923,c,46.25291687573918,46.25291687573918
8924,c,46.25291687573918,46.25291687573918
8925,c,46.25291687573918,46.25291687573918
8926,c,46.25291687573918,46.25291687573918
8927,c,46.25291687573918,46.25291687573918
8928,c,46.25291687573918,46.25291687573918
8929,c,46.25291687573918,46.25291687573918
8930,c,46.25291687573918,46.25291687573918
8931,t,46.25291687573918,46.25291687573918
8932,t,46.25291687573918,46.25291687573918
8933,t,46.25291687573918,46.25291687573918
8934,c,46.25291687573918,46.25291687573918
8935,c,46.25291687573918,46.25291687573918
8936,c,46.25291687573918,46.25291687573918
8937,c,46.25291687573918,46.25291687573918
8938,c,46.25291687573918,46.25291687573918
8939,c,46.25291687573918,46.25291687573918
8940,c,46.25291687573918,46.25291687573918
8941,c,46.25291687573918,46.25291687573918
8942,t,46.25291687573918,46.25291687573918
8943,t,46.25291687573918,46.25291687573918
8944,c,46.25291687573918,46.25291687573918
8945,c,46.25291687573918,46.25291687573918
8946,t,46.25291687573918,46.25291687573918
8947,t,46.25291687573918,46.25291687573918
8948,c,14.735840866722057,23.797034590057695
8949,c,46.25291687573918,46.25291687573918
8950,c,46.25291687573918,46.25291687573918
8951,c,46.25291687573918,46.25291687573918
8952,c,46.25291687573918,46.25291687573918
8953,t,46.25291687573918,46.25291687573918
8954,c,46.25291687573918,46.25291687573918
8955,c,46.25291687573918,46.25291687573918
8956,c,46.25291687573918,46.25291687573918
8957,c,46.25291687573918,46.25291687573918
8958,t,46.25291687573918,46.25291687573918
8959,c,46.25291687573918,46.25291687573918
8960,c,46.25291687573918,46.25291687573918
8961,c,46.25291687573918,46.25291687573918
8962,c,46.25291687573918,46.25291687573918
8963,t,46.25291687573918,46.25291687573918
8964,c,46.25291687573918,46.25291687573918
8965,c,46.25291687573918,46.25291687573918
8966,c,46.25291687573918,46.25291687573918
8967,c,46.25291687573918,46.25291687573918
8968,c,46.25291687573918,46.25291687573918
8969,c,46.25291687573918,46.25291687573918
8970,c,46.25291687573918,46.25291687573918
8971,c,46.25291687573918,46.25291687573918
8972,c,46.25291687573918,46.25291687573918
8973,c,46.25291687573918,46.25291687573918
8974,t,46.25291687573918,46.25291687573918
8975,t,46.25291687573918,46.25291687573918
8976,c,46.25291687573918,46.25291687573918
8977,t,46.25291687573918,46.25291687573918
8978,c,46.25291687573918,46.25291687573918
8979,na,-1,0
8980,c,46.25291687573918,46.25291687573918
8981,c,46.25291687573918,46.25291687573918
8982,c,46.25291687573918,46.25291687573918
8983,c,46.25291687573918,46.25291687573918
8984,c,46.25291687573918,46.25291687573918
8985,c,3.832605853243808,7.936854221041596
8986,c,46.25291687573918,46.25291687573918
8987,t,46.25291687573918,46.25291687573918
8988,c,46.25291687573918,46.25291687573918
8989,c,46.25291687573918,46.25291687573918
8990,c,46.25291687573918,46.25291687573918
8991,c,46.25291687573918,46.25291687573918
8992,c,46.25291687573918,46.25291687573918
8993,c,46.25291687573918,46.25291687573918
8994,c,46.25291687573918,46.25291687573918
8995,c,46.25291687573918,46.25291687573918
8996,na,-1,0
8997,c,46.25291687573918,46.25291687573918
8998,c,46.25291687573918,46.25291687573918
8999,c,46.25291687573918,46.25291687573918
9000,c,46.25291687573918,46.25291687573918
9001,c,46.25291687573918,46.25291687573918
9002,c,46.25291687573918,46.25291687573918
9003,c,46.25291687573918,46.25291687573918
9004,c,46.25291687573918,46.25291687573918
9005,c,46.25291687573918,46.25291687573918
9006,c,46.25291687573918,46.25291687573918
9007,t,46.25291687573918,46.25291687573918
9008,c,46.25291687573918,46.25291687573918
9009,c,46.25291687573918,46.25291687573918
9010,t,46.25291687573918,46.25291687573918
9011,c,46.25291687573918,46.25291687573918
9012,c,46.25291687573918,46.25291687573918
9013,c,12.95354273748096,13.189754977261437
9014,c,46.25291687573918,46.25291687573918
9015,c,46.25291687573918,46.25291687573918
9016,c,46.25291687573918,46.25291687573918
9017,t,46.25291687573918,46.25291687573918
9018,c,46.25291687573918,46.25291687573918
9019,t,46.25291687573918,46.25291687573918
9020,c,46.25291687573918,46.25291687573918
9021,t,46.25291687573918,46.25291687573918
9022,c,46.25291687573918,46.25291687573918
9023,t,46.25291687573918,46.25291687573918
9024,t,46.25291687573918,46.25291687573918
9025,c,46.25291687573918,46.25291687573918
9026,c,46.25291687573918,46.25291687573918
9027,c,46.25291687573918,46.25291687573918
9028,c,46.25291687573918,46.25291687573918
9029,t,46.25291687573918,46.25291687573918
9030,c,46.25291687573918,46.25291687573918
9031,c,46.25291687573918,46.25291687573918
9032,t,46.25291687573918,46.25291687573918
9033,c,46.25291687573918,46.25291687573918
9034,c,46.25291687573918,46.25291687573918
9035,c,46.25291687573918,46.25291687573918
9036,c,15.972373442518933,17.48185422727645
9037,t,46.25291687573918,46.25291687573918
9038,c,46.25291687573918,46.25291687573918
9039,c,46.25291687573918,46.25291687573918
9040,na,0,46.25291687573918
9041,c,46.25291687573918,46.25291687573918
9042,c,46.25291687573918,46.25291687573918
9043,t,46.25291687573918,46.25291687573918
9044,t,46.25291687573918,46.25291687573918
9045,c,9.617888442522258,11.693002757934122
9046,c,46.25291687573918,46.25291687573918
9047,c,46.25291687573918,46.25291687573918
9048,c,46.25291687573918,46.25291687573918
9049,c,46.25291687573918,46.25291687573918
9050,c,7.605806856483606,17.11956297067921
9051,c,46.25291687573918,46.25291687573918
9052,c,46.25291687573918,46.25291687573918
9053,t,46.25291687573918,46.25291687573918
9054,c,46.25291687573918,46.25291687573918
9055,c,46.25291687573918,46.25291687573918
9056,c,0.1675347193417964,0.44560240529405665
9057,c,46.25291687573918,46.25291687573918
9058,c,46.25291687573918,46.25291687573918
9059,c,46.25291687573918,46.25291687573918
9060,c,46.25291687573918,46.25291687573918
9061,c,21.556130495323927,21.871998884268574
9062,c,46.25291687573918,46.25291687573918
9063,c,46.25291687573918,46.25291687573918
9064,na,4.366054256775136,4.384840353185956
9065,c,46.25291687573918,46.25291687573918
9066,c,46.25291687573918,46.25291687573918
9067,c,46.25291687573918,46.25291687573918
9068,c,46.25291687573918,46.25291687573918
9069,c,46.25291687573918,46.25291687573918
9070,c,46.25291687573918,46.25291687573918
9071,c,46.25291687573918,46.25291687573918
9072,na,-1,0
9073,c,18.0865837103474,46.25291687573918
9074,t,46.25291687573918,46.25291687573918
9075,c,46.25291687573918,46.25291687573918
9076,c,46.25291687573918,46.25291687573918
9077,c,46.25291687573918,46.25291687573918
9078,t,46.25291687573918,46.25291687573918
9079,c,46.25291687573918,46.25291687573918
9080,c,46.25291687573918,46.25291687573918
9081,c,46.25291687573918,46.25291687573918
9082,c,11.081667966183238,19.330228896964343
9083,c,46.25291687573918,46.25291687573918
9084,t,46.25291687573918,46.25291687573918
9085,t,46.25291687573918,46.25291687573918
9086,c,46.25291687573918,46.25291687573918
9087,c,46.25291687573918,46.25291687573918
9088,c,46.25291687573918,46.25291687573918
9089,c,46.25291687573918,46.25291687573918
9090,c,46.25291687573918,46.25291687573918
9091,t,46.25291687573918,46.25291687573918
9092,c,46.25291687573918,46.25291687573918
9093,c,46.25291687573918,46.25291687573918
9094,c,46.25291687573918,46.25291687573918
9095,c,46.25291687573918,46.25291687573918
9096,t,46.25291687573918,46.25291687573918
9097,t,46.25291687573918,46.25291687573918
9098,t,46.25291687573918,46.25291687573918
9099,c,46.25291687573918,46.25291687573918
9100,t,46.25291687573918,46.25291687573918
9101,c,46.25291687573918,46.25291687573918
9102,c,46.25291687573918,46.25291687573918
9103,c,46.25291687573918,46.25291687573918
9104,na,0.6255824607327425,6.040541001400812
9105,c,46.25291687573918,46.25291687573918
9106,c,46.25291687573918,46.25291687573918
9107,c,46.25291687573918,46.25291687573918
9108,c,46.25291687573918,46.25291687573918
9109,c,46.25291687573918,46.25291687573918
9110,c,46.25291687573918,46.25291687573918
9111,c,46.25291687573918,46.25291687573918
9112,c,46.25291687573918,46.25291687573918
9113,c,46.25291687573918,46.25291687573918
9114,c,46.25291687573918,46.25291687573918
9115,c,46.25291687573918,46.25291687573918
9116,c,46.25291687573918,46.25291687573918
9117,c,46.25291687573918,46.25291687573918
9118,t,46.25291687573918,46.25291687573918
9119,c,46.25291687573918,46.25291687573918
9120,c,46.25291687573918,46.25291687573918
9121,c,46.25291687573918,46.25291687573918
9122,t,46.25291687573918,46.25291687573918
9123,t,46.25291687573918,46.25291687573918
9124,c,46.25291687573918,46.25291687573918
9125,c,46.25291687573918,46.25291687573918
9126,c,46.25291687573918,46.25291687573918
9127,t,46.25291687573918,46.25291687573918
9128,c,46.25291687573918,46.25291687573918
9129,c,46.25291687573918,46.25291687573918
9130,t,46.25291687573918,46.25291687573918
9131,t,46.25291687573918,46.25291687573918
9132,c,46.25291687573918,46.25291687573918
9133,c,46.25291687573918,46.25291687573918
9134,c,46.25291687573918,46.25291687573918
9135,c,46.25291687573918,46.25291687573918
9136,c,46.25291687573918,46.25291687573918
9137,c,46.25291687573918,46.25291687573918
9138,c,46.25291687573918,46.25291687573918
9139,c,46.25291687573918,46.25291687573918
9140,c,46.25291687573918,46.25291687573918
9141,t,46.25291687573918,46.25291687573918
9142,c,46.25291687573918,46.25291687573918
9143,c,46.25291687573918,46.25291687573918
9144,c,46.25291687573918,46.25291687573918
9145,c,46.25291687573918,46.25291687573918
9146,c,46.25291687573918,46.25291687573918
9147,na,0,18.148143119695735
9148,c,46.25291687573918,46.25291687573918
9149,c,46.25291687573918,46.25291687573918
9150,c,46.25291687573918,46.25291687573918
9151,c,46.25291687573918,46.25291687573918
9152,c,46.25291687573918,46.25291687573918
9153,c,46.25291687573918,46.25291687573918
9154,t,46.25291687573918,46.25291687573918
9155,t,46.25291687573918,46.25291687573918
9156,c,46.25291687573918,46.25291687573918
9157,c,6.112950512896208,7.443109032793909
9158,c,46.25291687573918,46.25291687573918
9159,t,46.25291687573918,46.25291687573918
9160,c,46.25291687573918,46.25291687573918
9161,c,46.25291687573918,46.25291687573918
9162,t,46.25291687573918,46.25291687573918
9163,c,46.25291687573918,46.25291687573918
9164,c,46.25291687573918,46.25291687573918
9165,c,46.25291687573918,46.25291687573918
9166,c,46.25291687573918,46.25291687573918
9167,c,46.25291687573918,46.25291687573918
9168,c,46.25291687573918,46.25291687573918
9169,c,7.7854655818783085,16.295560990592264
9170,c,46.25291687573918,46.25291687573918
9171,c,46.25291687573918,46.25291687573918
9172,c,46.25291687573918,46.25291687573918
9173,c,46.25291687573918,46.25291687573918
9174,c,46.25291687573918,46.25291687573918
9175,c,46.25291687573918,46.25291687573918
9176,c,46.25291687573918,46.25291687573918
9177,c,46.25291687573918,46.25291687573918
9178,c,46.25291687573918,46.25291687573918
9179,c,46.25291687573918,46.25291687573918
9180,na,-1,0
9181,c,46.25291687573918,46.25291687573918
9182,c,46.25291687573918,46.25291687573918
9183,t,46.25291687573918,46.25291687573918
9184,c,46.25291687573918,46.25291687573918
9185,c,46.25291687573918,46.25291687573918
9186,c,46.25291687573918,46.25291687573918
9187,t,46.25291687573918,46.25291687573918
9188,c,46.25291687573918,46.25291687573918
9189,c,46.25291687573918,46.25291687573918
9190,t,46.25291687573918,46.25291687573918
9191,c,46.25291687573918,46.25291687573918
9192,t,46.25291687573918,46.25291687573918
9193,c,46.25291687573918,46.25291687573918
9194,c,46.25291687573918,46.25291687573918
9195,c,46.25291687573918,46.25291687573918
9196,c,46.25291687573918,46.25291687573918
9197,c,46.25291687573918,46.25291687573918
9198,c,46.25291687573918,46.25291687573918
9199,c,46.25291687573918,46.25291687573918
9200,c,46.25291687573918,46.25291687573918
9201,c,46.25291687573918,46.25291687573918
9202,c,46.25291687573918,46.25291687573918
9203,c,46.25291687573918,46.25291687573918
9204,t,46.25291687573918,46.25291687573918
9205,c,46.25291687573918,46.25291687573918
9206,c,46.25291687573918,46.25291687573918
9207,t,46.25291687573918,46.25291687573918
9208,t,46.25291687573918,46.25291687573918
9209,c,46.25291687573918,46.25291687573918
9210,t,46.25291687573918,46.25291687573918
9211,c,46.25291687573918,46.25291687573918
9212,t,46.25291687573918,46.25291687573918
9213,c,46.25291687573918,46.25291687573918
9214,c,46.25291687573918,46.25291687573918
9215,c,46.25291687573918,46.25291687573918
9216,c,23.30772292913912,25.803901894807325
9217,c,9.76213411272461,10.017955938942142
9218,c,46.25291687573918,46.25291687573918
9219,t,46.25291687573918,46.25291687573918
9220,t,46.25291687573918,46.25291687573918
9221,c,46.25291687573918,46.25291687573918
9222,c,46.25291687573918,46.25291687573918
9223,c,46.25291687573918,46.25291687573918
9224,c,46.25291687573918,46.25291687573918
9225,t,46.25291687573918,46.25291687573918
9226,c,46.25291687573918,46.25291687573918
9227,c,46.25291687573918,46.25291687573918
9228,c,46.25291687573918,46.25291687573918
9229,t,46.25291687573918,46.25291687573918
9230,c,46.25291687573918,46.25291687573918
9231,c,46.25291687573918,46.25291687573918
9232,c,46.25291687573918,46.25291687573918
9233,t,46.25291687573918,46.25291687573918
9234,c,46.25291687573918,46.25291687573918
9235,t,46.25291687573918,46.25291687573918
9236,c,46.25291687573918,46.25291687573918
9237,c,46.25291687573918,46.25291687573918
9238,c,46.25291687573918,46.25291687573918
9239,t,46.25291687573918,46.25291687573918
9240,t,46.25291687573918,46.25291687573918
9241,c,46.25291687573918,46.25291687573918
9242,t,46.25291687573918,46.25291687573918
9243,c,3.8894082178406353,7.022134289123905
9244,c,46.25291687573918,46.25291687573918
9245,c,46.25291687573918,46.25291687573918
9246,c,46.25291687573918,46.25291687573918
9247,c,46.25291687573918,46.25291687573918
9248,c,46.25291687573918,46.25291687573918
9249,c,46.25291687573918,46.25291687573918
9250,t,46.25291687573918,46.25291687573918
9251,c,46.25291687573918,46.25291687573918
9252,c,46.25291687573918,46.25291687573918
9253,c,46.25291687573918,46.25291687573918
9254,c,46.25291687573918,46.25291687573918
9255,c,46.25291687573918,46.25291687573918
9256,c,46.25291687573918,46.25291687573918
9257,c,46.25291687573918,46.25291687573918
9258,c,46.25291687573918,46.25291687573918
9259,c,46.25291687573918,46.25291687573918
9260,na,-1,0
9261,c,9.956001817214716,18.95066045382486
9262,c,46.25291687573918,46.25291687573918
9263,t,46.25291687573918,46.25291687573918
9264,t,46.25291687573918,46.25291687573918
9265,c,46.25291687573918,46.25291687573918
9266,c,46.25291687573918,46.25291687573918
9267,c,46.25291687573918,46.25291687573918
9268,c,46.25291687573918,46.25291687573918
9269,c,46.25291687573918,46.25291687573918
9270,c,46.25291687573918,46.25291687573918
9271,c,46.25291687573918,46.25291687573918
9272,t,46.25291687573918,46.25291687573918
9273,c,46.25291687573918,46.25291687573918
9274,t,46.25291687573918,46.25291687573918
9275,c,46.25291687573918,46.25291687573918
9276,c,46.25291687573918,46.25291687573918
9277,c,46.25291687573918,46.25291687573918
9278,c,46.25291687573918,46.25291687573918
9279,t,46.25291687573918,46.25291687573918
9280,c,46.25291687573918,46.25291687573918
9281,c,46.25291687573918,46.25291687573918
9282,c,46.25291687573918,46.25291687573918
9283,c,46.25291687573918,46.25291687573918
9284,t,46.25291687573918,46.25291687573918
9285,c,46.25291687573918,46.25291687573918
9286,c,46.25291687573918,46.25291687573918
9287,t,46.25291687573918,46.25291687573918
9288,c,46.25291687573918,46.25291687573918
9289,c,46.25291687573918,46.25291687573918
9290,t,46.25291687573918,46.25291687573918
9291,c,46.25291687573918,46.25291687573918
9292,c,46.25291687573918,46.25291687573918
9293,c,46.25291687573918,46.25291687573918
9294,c,46.25291687573918,46.25291687573918
9295,c,46.25291687573918,46.25291687573918
9296,c,46.25291687573918,46.25291687573918
9297,c,46.25291687573918,46.25291687573918
9298,c,46.25291687573918,46.25291687573918
9299,c,46.25291687573918,46.25291687573918
9300,c,46.25291687573918,46.25291687573918
9301,t,46.25291687573918,46.25291687573918
9302,t,46.25291687573918,46.25291687573918
9303,c,4.746683460069867,12.07395620203791
9304,c,46.25291687573918,46.25291687573918
9305,c,46.25291687573918,46.25291687573918
9306,t,46.25291687573918,46.25291687573918
9307,c,46.25291687573918,46.25291687573918
9308,c,46.25291687573918,46.25291687573918
9309,c,46.25291687573918,46.25291687573918
9310,c,46.25291687573918,46.25291687573918
9311,c,46.25291687573918,46.25291687573918
9312,c,46.25291687573918,46.25291687573918
9313,t,46.25291687573918,46.25291687573918
9314,c,46.25291687573918,46.25291687573918
9315,c,46.25291687573918,46.25291687573918
9316,c,46.25291687573918,46.25291687573918
9317,t,46.25291687573918,46.25291687573918
9318,c,46.25291687573918,46.25291687573918
9319,t,46.25291687573918,46.25291687573918
9320,c,46.25291687573918,46.25291687573918
9321,c,46.25291687573918,46.25291687573918
9322,c,46.25291687573918,46.25291687573918
9323,c,46.25291687573918,46.25291687573918
9324,c,46.25291687573918,46.25291687573918
9325,c,46.25291687573918,46.25291687573918
9326,c,46.25291687573918,46.25291687573918
9327,c,46.25291687573918,46.25291687573918
9328,c,46.25291687573918,46.25291687573918
9329,c,46.25291687573918,46.25291687573918
9330,c,46.25291687573918,46.25291687573918
9331,c,46.25291687573918,46.25291687573918
9332,c,46.25291687573918,46.25291687573918
9333,c,46.25291687573918,46.25291687573918
9334,c,46.25291687573918,46.25291687573918
9335,c,46.25291687573918,46.25291687573918
9336,c,25.558779934783303,28.854590733427212
9337,c,46.25291687573918,46.25291687573918
9338,t,46.25291687573918,46.25291687573918
9339,c,5.3535432864900505,10.80315869850334
9340,c,46.25291687573918,46.25291687573918
9341,c,46.25291687573918,46.25291687573918
9342,c,46.25291687573918,46.25291687573918
9343,na,3.6684054472093295,8.80926526006762
9344,c,46.25291687573918,46.25291687573918
9345,c,46.25291687573918,46.25291687573918
9346,c,46.25291687573918,46.25291687573918
9347,c,46.25291687573918,46.25291687573918
9348,c,46.25291687573918,46.25291687573918
9349,c,46.25291687573918,46.25291687573918
9350,t,46.25291687573918,46.25291687573918
9351,t,46.25291687573918,46.25291687573918
9352,t,46.25291687573918,46.25291687573918
9353,c,46.25291687573918,46.25291687573918
9354,c,46.25291687573918,46.25291687573918
9355,t,46.25291687573918,46.25291687573918
9356,c,46.25291687573918,46.25291687573918
9357,c,46.25291687573918,46.25291687573918
9358,c,46.25291687573918,46.25291687573918
9359,c,46.25291687573918,46.25291687573918
9360,t,46.25291687573918,46.25291687573918
9361,t,46.25291687573918,46.25291687573918
9362,c,46.25291687573918,46.25291687573918
9363,t,46.25291687573918,46.25291687573918
9364,t,46.25291687573918,46.25291687573918
9365,c,46.25291687573918,46.25291687573918
9366,c,46.25291687573918,46.25291687573918
9367,c,46.25291687573918,46.25291687573918
9368,c,46.25291687573918,46.25291687573918
9369,c,46.25291687573918,46.25291687573918
9370,c,46.25291687573918,46.25291687573918
9371,t,46.25291687573918,46.25291687573918
9372,c,46.25291687573918,46.25291687573918
9373,c,46.25291687573918,46.25291687573918
9374,t,46.25291687573918,46.25291687573918
9375,c,46.25291687573918,46.25291687573918
9376,c,46.25291687573918,46.25291687573918
9377,c,46.25291687573918,46.25291687573918
9378,t,46.25291687573918,46.25291687573918
9379,c,46.25291687573918,46.25291687573918
9380,c,46.25291687573918,46.25291687573918
9381,c,46.25291687573918,46.25291687573918
9382,c,46.25291687573918,46.25291687573918
9383,c,46.25291687573918,46.25291687573918
9384,c,46.25291687573918,46.25291687573918
9385,c,46.25291687573918,46.25291687573918
9386,c,46.25291687573918,46.25291687573918
9387,c,46.25291687573918,46.25291687573918
9388,c,20.61376777925785,33.80217856872058
9389,c,46.25291687573918,46.25291687573918
9390,c,46.25291687573918,46.25291687573918
9391,c,46.25291687573918,46.25291687573918
9392,c,46.25291687573918,46.25291687573918
9393,c,46.25291687573918,46.25291687573918
9394,na,0,0.21819476139344904
9395,c,46.25291687573918,46.25291687573918
9396,c,46.25291687573918,46.25291687573918
9397,c,46.25291687573918,46.25291687573918
9398,c,46.25291687573918,46.25291687573918
9399,c,9.034269996406712,9.97944351357861
9400,c,46.25291687573918,46.25291687573918
9401,c,46.25291687573918,46.25291687573918
9402,c,46.25291687573918,46.25291687573918
9403,c,46.25291687573918,46.25291687573918
9404,c,9.865802522962973,12.208708392223615
9405,c,46.25291687573918,46.25291687573918
9406,c,46.25291687573918,46.25291687573918
9407,c,46.25291687573918,46.25291687573918
9408,c,46.25291687573918,46.25291687573918
9409,c,46.25291687573918,46.25291687573918
9410,c,46.25291687573918,46.25291687573918
9411,t,46.25291687573918,46.25291687573918
9412,c,46.25291687573918,46.25291687573918
9413,c,46.25291687573918,46.25291687573918
9414,c,46.25291687573918,46.25291687573918
9415,c,46.25291687573918,46.25291687573918
9416,c,46.25291687573918,46.25291687573918
9417,c,46.25291687573918,46.25291687573918
9418,c,46.25291687573918,46.25291687573918
9419,na,-1,0
9420,na,0.9386055356736817,6.799857753389075
9421,c,46.25291687573918,46.25291687573918
9422,c,46.25291687573918,46.25291687573918
9423,c,46.25291687573918,46.25291687573918
9424,t,46.25291687573918,46.25291687573918
9425,c,46.25291687573918,46.25291687573918
9426,c,46.25291687573918,46.25291687573918
9427,t,46.25291687573918,46.25291687573918
9428,c,46.25291687573918,46.25291687573918
9429,na,0,7.794761158091668
9430,c,46.25291687573918,46.25291687573918
9431,c,46.25291687573918,46.25291687573918
9432,c,46.25291687573918,46.25291687573918
9433,c,46.25291687573918,46.25291687573918
9434,c,7.589245898635745,7.998007355822757
9435,c,46.25291687573918,46.25291687573918
9436,c,46.25291687573918,46.25291687573918
9437,t,46.25291687573918,46.25291687573918
9438,t,46.25291687573918,46.25291687573918
9439,c,46.25291687573918,46.25291687573918
9440,c,46.25291687573918,46.25291687573918
9441,t,46.25291687573918,46.25291687573918
9442,c,4.722631017976631,11.048964223225408
9443,c,46.25291687573918,46.25291687573918
9444,c,46.25291687573918,46.25291687573918
9445,c,46.25291687573918,46.25291687573918
9446,c,46.25291687573918,46.25291687573918
9447,t,46.25291687573918,46.25291687573918
9448,c,46.25291687573918,46.25291687573918
9449,t,46.25291687573918,46.25291687573918
9450,na,0.7236607314190048,25.11796397176221
9451,c,46.25291687573918,46.25291687573918
9452,c,46.25291687573918,46.25291687573918
9453,na,-1,0
9454,c,46.25291687573918,46.25291687573918
9455,c,46.25291687573918,46.25291687573918
9456,c,46.25291687573918,46.25291687573918
9457,c,46.25291687573918,46.25291687573918
9458,c,46.25291687573918,46.25291687573918
9459,c,13.263531397379374,19.064221392009376
9460,c,46.25291687573918,46.25291687573918
9461,t,46.25291687573918,46.25291687573918
9462,c,46.25291687573918,46.25291687573918
9463,c,46.25291687573918,46.25291687573918
9464,c,46.25291687573918,46.25291687573918
9465,c,46.25291687573918,46.25291687573918
9466,c,46.25291687573918,46.25291687573918
9467,t,46.25291687573918,46.25291687573918
9468,c,46.25291687573918,46.25291687573918
9469,c,46.25291687573918,46.25291687573918
9470,c,46.25291687573918,46.25291687573918
9471,c,46.25291687573918,46.25291687573918
9472,c,46.25291687573918,46.25291687573918
9473,c,46.25291687573918,46.25291687573918
9474,c,46.25291687573918,46.25291687573918
9475,c,46.25291687573918,46.25291687573918
9476,c,46.25291687573918,46.25291687573918
9477,c,46.25291687573918,46.25291687573918
9478,c,46.25291687573918,46.25291687573918
9479,t,46.25291687573918,46.25291687573918
9480,c,46.25291687573918,46.25291687573918
9481,c,46.25291687573918,46.25291687573918
9482,c,46.25291687573918,46.25291687573918
9483,t,46.25291687573918,46.25291687573918
9484,c,46.25291687573918,46.25291687573918
9485,c,46.25291687573918,46.25291687573918
9486,t,46.25291687573918,46.25291687573918
9487,c,46.25291687573918,46.25291687573918
9488,c,46.25291687573918,46.25291687573918
9489,c,46.25291687573918,46.25291687573918
9490,c,46.25291687573918,46.25291687573918
9491,c,46.25291687573918,46.25291687573918
9492,c,46.25291687573918,46.25291687573918
9493,c,46.25291687573918,46.25291687573918
9494,t,46.25291687573918,46.25291687573918
9495,t,46.25291687573918,46.25291687573918
9496,t,46.25291687573918,46.25291687573918
9497,c,46.25291687573918,46.25291687573918
9498,c,46.25291687573918,46.25291687573918
9499,c,46.25291687573918,46.25291687573918
9500,c,46.25291687573918,46.25291687573918
9501,c,46.25291687573918,46.25291687573918
9502,t,46.25291687573918,46.25291687573918
9503,c,8.530332064307201,10.389796656815491
9504,c,46.25291687573918,46.25291687573918
9505,c,46.25291687573918,46.25291687573918
9506,c,46.25291687573918,46.25291687573918
9507,c,46.25291687573918,46.25291687573918
9508,c,46.25291687573918,46.25291687573918
9509,c,46.25291687573918,46.25291687573918
9510,c,46.25291687573918,46.25291687573918
9511,c,46.25291687573918,46.25291687573918
9512,c,46.25291687573918,46.25291687573918
9513,c,46.25291687573918,46.25291687573918
9514,c,46.25291687573918,46.25291687573918
9515,c,46.25291687573918,46.25291687573918
9516,c,46.25291687573918,46.25291687573918
9517,c,46.25291687573918,46.25291687573918
9518,c,46.25291687573918,46.25291687573918
9519,c,46.25291687573918,46.25291687573918
9520,c,46.25291687573918,46.25291687573918
9521,c,46.25291687573918,46.25291687573918
9522,c,46.25291687573918,46.25291687573918
9523,c,46.25291687573918,46.25291687573918
9524,c,46.25291687573918,46.25291687573918
9525,c,46.25291687573918,46.25291687573918
9526,c,46.25291687573918,46.25291687573918
9527,c,46.25291687573918,46.25291687573918
9528,c,46.25291687573918,46.25291687573918
9529,c,46.25291687573918,46.25291687573918
9530,c,46.25291687573918,46.25291687573918
9531,c,46.25291687573918,46.25291687573918
9532,t,46.25291687573918,46.25291687573918
9533,c,46.25291687573918,46.25291687573918
9534,c,46.25291687573918,46.25291687573918
9535,c,46.25291687573918,46.25291687573918
9536,c,46.25291687573918,46.25291687573918
9537,c,46.25291687573918,46.25291687573918
9538,t,46.25291687573918,46.25291687573918
9539,t,46.25291687573918,46.25291687573918
9540,c,46.25291687573918,46.25291687573918
9541,c,46.25291687573918,46.25291687573918
9542,c,46.25291687573918,46.25291687573918
9543,t,46.25291687573918,46.25291687573918
9544,c,46.25291687573918,46.25291687573918
9545,c,46.25291687573918,46.25291687573918
9546,t,46.25291687573918,46.25291687573918
9547,t,46.25291687573918,46.25291687573918
9548,c,46.25291687573918,46.25291687573918
9549,c,46.25291687573918,46.25291687573918
9550,c,46.25291687573918,46.25291687573918
9551,c,46.25291687573918,46.25291687573918
9552,t,46.25291687573918,46.25291687573918
9553,c,46.25291687573918,46.25291687573918
9554,t,46.25291687573918,46.25291687573918
9555,c,46.25291687573918,46.25291687573918
9556,c,46.25291687573918,46.25291687573918
9557,c,46.25291687573918,46.25291687573918
9558,na,0,4.414193366194294
9559,c,46.25291687573918,46.25291687573918
9560,c,46.25291687573918,46.25291687573918
9561,c,46.25291687573918,46.25291687573918
9562,t,46.25291687573918,46.25291687573918
9563,c,46.25291687573918,46.25291687573918
9564,c,46.25291687573918,46.25291687573918
9565,c,46.25291687573918,46.25291687573918
9566,c,46.25291687573918,46.25291687573918
9567,c,46.25291687573918,46.25291687573918
9568,c,46.25291687573918,46.25291687573918
9569,c,46.25291687573918,46.25291687573918
9570,c,46.25291687573918,46.25291687573918
9571,c,46.25291687573918,46.25291687573918
9572,t,46.25291687573918,46.25291687573918
9573,na,0.575999329024501,5.3363984584880315
9574,t,46.25291687573918,46.25291687573918
9575,c,46.25291687573918,46.25291687573918
9576,c,46.25291687573918,46.25291687573918
9577,t,46.25291687573918,46.25291687573918
9578,c,46.25291687573918,46.25291687573918
9579,c,46.25291687573918,46.25291687573918
9580,c,46.25291687573918,46.25291687573918
9581,c,46.25291687573918,46.25291687573918
9582,t,46.25291687573918,46.25291687573918
9583,c,11.092727308428364,11.468697887513352
9584,c,46.25291687573918,46.25291687573918
9585,c,46.25291687573918,46.25291687573918
9586,c,46.25291687573918,46.25291687573918
9587,na,4.994407709474264,12.184852297689888
9588,c,46.25291687573918,46.25291687573918
9589,c,46.25291687573918,46.25291687573918
9590,t,46.25291687573918,46.25291687573918
9591,c,46.25291687573918,46.25291687573918
9592,c,46.25291687573918,46.25291687573918
9593,c,46.25291687573918,46.25291687573918
9594,c,46.25291687573918,46.25291687573918
9595,t,46.25291687573918,46.25291687573918
9596,c,46.25291687573918,46.25291687573918
9597,c,46.25291687573918,46.25291687573918
9598,t,46.25291687573918,46.25291687573918
9599,c,46.25291687573918,46.25291687573918
9600,c,46.25291687573918,46.25291687573918
9601,c,46.25291687573918,46.25291687573918
9602,c,46.25291687573918,46.25291687573918
9603,c,46.25291687573918,46.25291687573918
9604,c,46.25291687573918,46.25291687573918
9605,c,46.25291687573918,46.25291687573918
9606,t,46.25291687573918,46.25291687573918
9607,c,46.25291687573918,46.25291687573918
9608,c,46.25291687573918,46.25291687573918
9609,c,46.25291687573918,46.25291687573918
9610,c,46.25291687573918,46.25291687573918
9611,t,46.25291687573918,46.25291687573918
9612,c,46.25291687573918,46.25291687573918
9613,t,46.25291687573918,46.25291687573918
9614,c,46.25291687573918,46.25291687573918
9615,t,46.25291687573918,46.25291687573918
9616,t,46.25291687573918,46.25291687573918
9617,c,46.25291687573918,46.25291687573918
9618,c,6.197695489354367,17.708793483412276
9619,t,46.25291687573918,46.25291687573918
9620,t,46.25291687573918,46.25291687573918
9621,na,6.106233966565167,7.827316655487534
9622,c,46.25291687573918,46.25291687573918
9623,t,46.25291687573918,46.25291687573918
9624,c,46.25291687573918,46.25291687573918
9625,c,46.25291687573918,46.25291687573918
9626,t,46.25291687573918,46.25291687573918
9627,na,7.860221176726229,9.844280194713901
9628,c,46.25291687573918,46.25291687573918
9629,c,46.25291687573918,46.25291687573918
9630,c,46.25291687573918,46.25291687573918
9631,c,46.25291687573918,46.25291687573918
9632,c,46.25291687573918,46.25291687573918
9633,c,46.25291687573918,46.25291687573918
9634,c,46.25291687573918,46.25291687573918
9635,t,46.25291687573918,46.25291687573918
9636,c,46.25291687573918,46.25291687573918
9637,c,46.25291687573918,46.25291687573918
9638,t,46.25291687573918,46.25291687573918
9639,t,46.25291687573918,46.25291687573918
9640,c,46.25291687573918,46.25291687573918
9641,c,46.25291687573918,46.25291687573918
9642,t,46.25291687573918,46.25291687573918
9643,c,46.25291687573918,46.25291687573918
9644,c,46.25291687573918,46.25291687573918
9645,c,46.25291687573918,46.25291687573918
9646,c,46.25291687573918,46.25291687573918
9647,c,46.25291687573918,46.25291687573918
9648,c,46.25291687573918,46.25291687573918
9649,c,46.25291687573918,46.25291687573918
9650,c,14.038063614837231,18.00989524841576
9651,c,46.25291687573918,46.25291687573918
9652,c,46.25291687573918,46.25291687573918
9653,c,46.25291687573918,46.25291687573918
9654,c,46.25291687573918,46.25291687573918
9655,c,46.25291687573918,46.25291687573918
9656,c,46.25291687573918,46.25291687573918
9657,t,46.25291687573918,46.25291687573918
9658,c,46.25291687573918,46.25291687573918
9659,c,46.25291687573918,46.25291687573918
9660,c,46.25291687573918,46.25291687573918
9661,c,46.25291687573918,46.25291687573918
9662,c,46.25291687573918,46.25291687573918
9663,c,46.25291687573918,46.25291687573918
9664,t,46.25291687573918,46.25291687573918
9665,t,46.25291687573918,46.25291687573918
9666,t,46.25291687573918,46.25291687573918
9667,c,46.25291687573918,46.25291687573918
9668,c,46.25291687573918,46.25291687573918
9669,c,46.25291687573918,46.25291687573918
9670,c,46.25291687573918,46.25291687573918
9671,c,46.25291687573918,46.25291687573918
9672,c,46.25291687573918,46.25291687573918
9673,t,46.25291687573918,46.25291687573918
9674,c,46.25291687573918,46.25291687573918
9675,t,46.25291687573918,46.25291687573918
9676,t,46.25291687573918,46.25291687573918
9677,c,46.25291687573918,46.25291687573918
9678,c,46.25291687573918,46.25291687573918
9679,c,46.25291687573918,46.25291687573918
9680,c,46.25291687573918,46.25291687573918
9681,c,46.25291687573918,46.25291687573918
9682,t,46.25291687573918,46.25291687573918
9683,na,0.9435730585478036,6.87579186464791
9684,c,46.25291687573918,46.25291687573918
9685,c,46.25291687573918,46.25291687573918
9686,c,46.25291687573918,46.25291687573918
9687,c,46.25291687573918,46.25291687573918
9688,c,46.25291687573918,46.25291687573918
9689,c,46.25291687573918,46.25291687573918
9690,c,46.25291687573918,46.25291687573918
9691,t,46.25291687573918,46.25291687573918
9692,c,46.25291687573918,46.25291687573918
9693,c,46.25291687573918,46.25291687573918
9694,t,46.25291687573918,46.25291687573918
9695,c,46.25291687573918,46.25291687573918
9696,t,46.25291687573918,46.25291687573918
9697,c,46.25291687573918,46.25291687573918
9698,t,46.25291687573918,46.25291687573918
9699,c,46.25291687573918,46.25291687573918
9700,c,46.25291687573918,46.25291687573918
9701,c,46.25291687573918,46.25291687573918
9702,c,46.25291687573918,46.25291687573918
9703,t,46.25291687573918,46.25291687573918
9704,c,46.25291687573918,46.25291687573918
9705,c,46.25291687573918,46.25291687573918
9706,c,46.25291687573918,46.25291687573918
9707,c,46.25291687573918,46.25291687573918
9708,c,46.25291687573918,46.25291687573918
9709,c,46.25291687573918,46.25291687573918
9710,c,46.25291687573918,46.25291687573918
9711,c,46.25291687573918,46.25291687573918
9712,c,46.25291687573918,46.25291687573918
9713,t,46.25291687573918,46.25291687573918
9714,c,46.25291687573918,46.25291687573918
9715,c,46.25291687573918,46.25291687573918
9716,c,46.25291687573918,46.25291687573918
9717,c,46.25291687573918,46.25291687573918
9718,c,46.25291687573918,46.25291687573918
9719,c,46.25291687573918,46.25291687573918
9720,t,46.25291687573918,46.25291687573918
9721,c,46.25291687573918,46.25291687573918
9722,t,46.25291687573918,46.25291687573918
9723,t,46.25291687573918,46.25291687573918
9724,c,46.25291687573918,46.25291687573918
9725,t,46.25291687573918,46.25291687573918
9726,c,46.25291687573918,46.25291687573918
9727,c,46.25291687573918,46.25291687573918
9728,c,46.25291687573918,46.25291687573918
9729,t,46.25291687573918,46.25291687573918
9730,c,46.25291687573918,46.25291687573918
9731,c,46.25291687573918,46.25291687573918
9732,c,46.25291687573918,46.25291687573918
9733,c,46.25291687573918,46.25291687573918
9734,t,46.25291687573918,46.25291687573918
9735,t,46.25291687573918,46.25291687573918
9736,c,46.25291687573918,46.25291687573918
9737,c,46.25291687573918,46.25291687573918
9738,c,46.25291687573918,46.25291687573918
9739,c,16.224778313507205,21.550991605269637
9740,t,46.25291687573918,46.25291687573918
9741,c,46.25291687573918,46.25291687573918
9742,c,46.25291687573918,46.25291687573918
9743,c,46.25291687573918,46.25291687573918
9744,c,46.25291687573918,46.25291687573918
9745,t,46.25291687573918,46.25291687573918
9746,c,9.368446122288155,10.827270056381117
9747,c,46.25291687573918,46.25291687573918
9748,c,46.25291687573918,46.25291687573918
9749,t,46.25291687573918,46.25291687573918
9750,c,46.25291687573918,46.25291687573918
9751,c,46.25291687573918,46.25291687573918
9752,c,46.25291687573918,46.25291687573918
9753,t,46.25291687573918,46.25291687573918
9754,c,46.25291687573918,46.25291687573918
9755,c,46.25291687573918,46.25291687573918
9756,c,46.25291687573918,46.25291687573918
9757,c,46.25291687573918,46.25291687573918
9758,c,46.25291687573918,46.25291687573918
9759,c,46.25291687573918,46.25291687573918
9760,t,46.25291687573918,46.25291687573918
9761,c,46.25291687573918,46.25291687573918
9762,c,46.25291687573918,46.25291687573918
9763,c,46.25291687573918,46.25291687573918
9764,c,46.25291687573918,46.25291687573918
9765,c,46.25291687573918,46.25291687573918
9766,c,46.25291687573918,46.25291687573918
9767,c,46.25291687573918,46.25291687573918
9768,c,46.25291687573918,46.25291687573918
9769,t,46.25291687573918,46.25291687573918
9770,c,46.25291687573918,46.25291687573918
9771,c,46.25291687573918,46.25291687573918
9772,c,46.25291687573918,46.25291687573918
9773,c,46.25291687573918,46.25291687573918
9774,c,46.25291687573918,46.25291687573918
9775,c,46.25291687573918,46.25291687573918
9776,t,46.25291687573918,46.25291687573918
9777,c,46.25291687573918,46.25291687573918
9778,c,46.25291687573918,46.25291687573918
9779,c,46.25291687573918,46.25291687573918
9780,c,46.25291687573918,46.25291687573918
9781,t,46.25291687573918,46.25291687573918
9782,c,46.25291687573918,46.25291687573918
9783,c,46.25291687573918,46.25291687573918
9784,c,46.25291687573918,46.25291687573918
9785,c,46.25291687573918,46.25291687573918
9786,t,46.25291687573918,46.25291687573918
9787,c,46.25291687573918,46.25291687573918
9788,t,46.25291687573918,46.25291687573918
9789,c,46.25291687573918,46.25291687573918
9790,c,46.25291687573918,46.25291687573918
9791,c,46.25291687573918,46.25291687573918
9792,c,13.01400791785516,14.119288407506788
9793,na,0.365077075925357,4.115177216714641
9794,c,3.432820666212551,5.001203835719852
9795,na,-1,0
9796,c,46.25291687573918,46.25291687573918
9797,c,46.25291687573918,46.25291687573918
9798,c,46.25291687573918,46.25291687573918
9799,c,46.25291687573918,46.25291687573918
9800,c,46.25291687573918,46.25291687573918
9801,c,46.25291687573918,46.25291687573918
9802,t,46.25291687573918,46.25291687573918
9803,c,46.25291687573918,46.25291687573918
9804,c,46.25291687573918,46.25291687573918
9805,c,3.332124000243807,21.816064181997202
9806,c,46.25291687573918,46.25291687573918
9807,c,46.25291687573918,46.25291687573918
9808,c,46.25291687573918,46.25291687573918
9809,c,46.25291687573918,46.25291687573918
9810,t,46.25291687573918,46.25291687573918
9811,c,46.25291687573918,46.25291687573918
9812,t,46.25291687573918,46.25291687573918
9813,c,46.25291687573918,46.25291687573918
9814,c,46.25291687573918,46.25291687573918
9815,c,46.25291687573918,46.25291687573918
9816,c,46.25291687573918,46.25291687573918
9817,c,46.25291687573918,46.25291687573918
9818,t,46.25291687573918,46.25291687573918
9819,na,0,1.1492064090813725
9820,t,46.25291687573918,46.25291687573918
9821,c,46.25291687573918,46.25291687573918
9822,c,46.25291687573918,46.25291687573918
9823,c,46.25291687573918,46.25291687573918
9824,t,46.25291687573918,46.25291687573918
9825,c,46.25291687573918,46.25291687573918
9826,c,46.25291687573918,46.25291687573918
9827,c,46.25291687573918,46.25291687573918
9828,c,46.25291687573918,46.25291687573918
9829,c,46.25291687573918,46.25291687573918
9830,c,46.25291687573918,46.25291687573918
9831,c,46.25291687573918,46.25291687573918
9832,c,46.25291687573918,46.25291687573918
9833,c,46.25291687573918,46.25291687573918
9834,c,46.25291687573918,46.25291687573918
9835,c,46.25291687573918,46.25291687573918
9836,c,46.25291687573918,46.25291687573918
9837,c,46.25291687573918,46.25291687573918
9838,c,46.25291687573918,46.25291687573918
9839,c,46.25291687573918,46.25291687573918
9840,c,3.012662602395536,5.55805012674995
9841,na,0,8.717417365323808
9842,c,46.25291687573918,46.25291687573918
9843,c,15.932561587565978,19.438378277325796
9844,c,46.25291687573918,46.25291687573918
9845,t,46.25291687573918,46.25291687573918
9846,c,46.25291687573918,46.25291687573918
9847,c,46.25291687573918,46.25291687573918
9848,c,46.25291687573918,46.25291687573918
9849,t,46.25291687573918,46.25291687573918
9850,c,46.25291687573918,46.25291687573918
9851,c,46.25291687573918,46.25291687573918
9852,c,46.25291687573918,46.25291687573918
9853,c,46.25291687573918,46.25291687573918
9854,c,15.755797297273714,46.25291687573918
9855,t,46.25291687573918,46.25291687573918
9856,c,46.25291687573918,46.25291687573918
9857,c,46.25291687573918,46.25291687573918
9858,c,46.25291687573918,46.25291687573918
9859,c,46.25291687573918,46.25291687573918
9860,t,46.25291687573918,46.25291687573918
9861,c,46.25291687573918,46.25291687573918
9862,t,46.25291687573918,46.25291687573918
9863,t,46.25291687573918,46.25291687573918
9864,c,46.25291687573918,46.25291687573918
9865,t,46.25291687573918,46.25291687573918
9866,c,46.25291687573918,46.25291687573918
9867,c,46.25291687573918,46.25291687573918
9868,c,46.25291687573918,46.25291687573918
9869,t,46.25291687573918,46.25291687573918
9870,t,46.25291687573918,46.25291687573918
9871,c,46.25291687573918,46.25291687573918
9872,c,46.25291687573918,46.25291687573918
9873,c,46.25291687573918,46.25291687573918
9874,c,46.25291687573918,46.25291687573918
9875,c,46.25291687573918,46.25291687573918
9876,t,46.25291687573918,46.25291687573918
9877,c,46.25291687573918,46.25291687573918
9878,c,46.25291687573918,46.25291687573918
9879,c,46.25291687573918,46.25291687573918
9880,c,46.25291687573918,46.25291687573918
9881,c,46.25291687573918,46.25291687573918
9882,c,46.25291687573918,46.25291687573918
9883,c,46.25291687573918,46.25291687573918
9884,c,46.25291687573918,46.25291687573918
9885,c,46.25291687573918,46.25291687573918
9886,c,46.25291687573918,46.25291687573918
9887,t,46.25291687573918,46.25291687573918
9888,c,46.25291687573918,46.25291687573918
9889,c,46.25291687573918,46.25291687573918
9890,c,46.25291687573918,46.25291687573918
9891,t,46.25291687573918,46.25291687573918
9892,c,46.25291687573918,46.25291687573918
9893,na,1.478539033644002,8.710234292788957
9894,c,46.25291687573918,46.25291687573918
9895,c,46.25291687573918,46.25291687573918
9896,na,6.763113176956606,6.808445376977954
9897,c,46.25291687573918,46.25291687573918
9898,c,46.25291687573918,46.25291687573918
9899,c,46.25291687573918,46.25291687573918
9900,c,46.25291687573918,46.25291687573918
9901,c,46.25291687573918,46.25291687573918
9902,t,46.25291687573918,46.25291687573918
9903,c,46.25291687573918,46.25291687573918
9904,t,46.25291687573918,46.25291687573918
9905,c,46.25291687573918,46.25291687573918
9906,c,46.25291687573918,46.25291687573918
9907,c,46.25291687573918,46.25291687573918
9908,t,46.25291687573918,46.25291687573918
9909,c,46.25291687573918,46.25291687573918
9910,c,15.488534118885951,25.696220352017978
9911,c,46.25291687573918,46.25291687573918
9912,c,46.25291687573918,46.25291687573918
9913,c,46.25291687573918,46.25291687573918
9914,c,46.25291687573918,46.25291687573918
9915,c,46.25291687573918,46.25291687573918
9916,c,46.25291687573918,46.25291687573918
9917,c,46.25291687573918,46.25291687573918
9918,c,46.25291687573918,46.25291687573918
9919,t,46.25291687573918,46.25291687573918
9920,c,46.25291687573918,46.25291687573918
9921,c,46.25291687573918,46.25291687573918
9922,t,46.25291687573918,46.25291687573918
9923,c,46.25291687573918,46.25291687573918
9924,t,46.25291687573918,46.25291687573918
9925,c,46.25291687573918,46.25291687573918
9926,t,46.25291687573918,46.25291687573918
9927,na,-1,0
9928,c,46.25291687573918,46.25291687573918
9929,na,5.991799859030461,6.0048249765473765
9930,c,46.25291687573918,46.25291687573918
9931,t,46.25291687573918,46.25291687573918
9932,na,0,12.504647862684982
9933,c,46.25291687573918,46.25291687573918
9934,c,46.25291687573918,46.25291687573918
9935,t,46.25291687573918,46.25291687573918
9936,t,46.25291687573918,46.25291687573918
9937,t,46.25291687573918,46.25291687573918
9938,c,46.25291687573918,46.25291687573918
9939,c,46.25291687573918,46.25291687573918
9940,c,9.808245096480354,15.635896222319355
9941,t,46.25291687573918,46.25291687573918
9942,t,46.25291687573918,46.25291687573918
9943,c,46.25291687573918,46.25291687573918
9944,c,2.7891433492894135,5.053257671692449
9945,c,46.25291687573918,46.25291687573918
9946,c,46.25291687573918,46.25291687573918
9947,c,46.25291687573918,46.25291687573918
9948,c,46.25291687573918,46.25291687573918
9949,c,46.25291687573918,46.25291687573918
9950,t,46.25291687573918,46.25291687573918
9951,c,46.25291687573918,46.25291687573918
9952,c,46.25291687573918,46.25291687573918
9953,c,46.25291687573918,46.25291687573918
9954,c,46.25291687573918,46.25291687573918
9955,c,46.25291687573918,46.25291687573918
9956,c,46.25291687573918,46.25291687573918
9957,c,46.25291687573918,46.25291687573918
9958,t,46.25291687573918,46.25291687573918
9959,c,46.25291687573918,46.25291687573918
9960,c,46.25291687573918,46.25291687573918
9961,c,46.25291687573918,46.25291687573918
9962,c,46.25291687573918,46.25291687573918
9963,c,46.25291687573918,46.25291687573918
9964,c,46.25291687573918,46.25291687573918
9965,c,46.25291687573918,46.25291687573918
9966,c,46.25291687573918,46.25291687573918
9967,t,46.25291687573918,46.25291687573918
9968,c,46.25291687573918,46.25291687573918
9969,c,18.348578978219866,18.868353894927402
9970,c,46.25291687573918,46.25291687573918
9971,c,46.25291687573918,46.25291687573918
9972,c,46.25291687573918,46.25291687573918
9973,t,46.25291687573918,46.25291687573918
9974,t,46.25291687573918,46.25291687573918
9975,na,0,0.36774111949130844
9976,c,46.25291687573918,46.25291687573918
9977,t,46.25291687573918,46.25291687573918
9978,c,46.25291687573918,46.25291687573918
9979,c,46.25291687573918,46.25291687573918
9980,c,46.25291687573918,46.25291687573918
9981,c,46.25291687573918,46.25291687573918
9982,t,46.25291687573918,46.25291687573918
9983,t,46.25291687573918,46.25291687573918
9984,t,46.25291687573918,46.25291687573918
9985,c,46.25291687573918,46.25291687573918
9986,c,46.25291687573918,46.25291687573918
9987,c,46.25291687573918,46.25291687573918
9988,c,46.25291687573918,46.25291687573918
9989,c,46.25291687573918,46.25291687573918
9990,t,46.25291687573918,46.25291687573918
9991,c,46.25291687573918,46.25291687573918
9992,t,46.25291687573918,46.25291687573918
9993,c,46.25291687573918,46.25291687573918
9994,c,46.25291687573918,46.25291687573918
9995,c,46.25291687573918,46.25291687573918
9996,c,46.25291687573918,46.25291687573918
9997,c,46.25291687573918,46.25291687573918
9998,c,46.25291687573918,46.25291687573918
9999,c,46.25291687573918,46.25291687573918
