node, assignment, time2inf, time2death
0,na,0,0.6758188779808044
1,na,-1,0
2,na,-1,0
3,na,0,12.400969518592616
4,c,7.857226487474259,8.047622136316182
5,t,100.24196298610741,100.24196298610741
6,c,100.24196298610741,100.24196298610741
7,c,46.32738409649596,100.24196298610741
8,c,100.24196298610741,100.24196298610741
9,t,41.14324392820101,42.05572617731173
10,t,100.24196298610741,100.24196298610741
11,t,100.24196298610741,100.24196298610741
12,c,100.24196298610741,100.24196298610741
13,t,100.24196298610741,100.24196298610741
14,t,100.24196298610741,100.24196298610741
15,t,100.24196298610741,100.24196298610741
16,t,100.24196298610741,100.24196298610741
17,na,0.5289634728705039,2.107449930124469
18,t,100.24196298610741,100.24196298610741
19,t,100.24196298610741,100.24196298610741
20,c,100.24196298610741,100.24196298610741
21,t,62.15834513535365,63.25663959027295
22,t,100.24196298610741,100.24196298610741
23,t,100.24196298610741,100.24196298610741
24,c,100.24196298610741,100.24196298610741
25,t,100.24196298610741,100.24196298610741
26,c,100.24196298610741,100.24196298610741
27,c,100.24196298610741,100.24196298610741
28,c,64.35950290947127,67.88659296293592
29,c,100.24196298610741,100.24196298610741
30,t,100.24196298610741,100.24196298610741
31,c,100.24196298610741,100.24196298610741
32,t,100.24196298610741,100.24196298610741
33,t,100.24196298610741,100.24196298610741
34,c,100.24196298610741,100.24196298610741
35,c,22.75238143897693,30.039881784113245
36,t,100.24196298610741,100.24196298610741
37,t,100.24196298610741,100.24196298610741
38,c,100.24196298610741,100.24196298610741
39,c,100.24196298610741,100.24196298610741
40,t,100.24196298610741,100.24196298610741
41,t,100.24196298610741,100.24196298610741
42,c,97.94361273078978,100.24196298610741
43,t,100.24196298610741,100.24196298610741
44,t,78.95071599570801,82.88501244722963
45,t,100.24196298610741,100.24196298610741
46,c,12.249129408357735,16.918718083687562
47,t,100.24196298610741,100.24196298610741
48,t,100.24196298610741,100.24196298610741
49,c,100.24196298610741,100.24196298610741
50,t,100.24196298610741,100.24196298610741
51,c,100.24196298610741,100.24196298610741
52,t,100.24196298610741,100.24196298610741
53,c,100.24196298610741,100.24196298610741
54,t,29.153717411928938,100.24196298610741
55,t,100.24196298610741,100.24196298610741
56,c,9.431062883579873,10.983285678376735
57,c,100.24196298610741,100.24196298610741
58,t,100.24196298610741,100.24196298610741
59,c,100.24196298610741,100.24196298610741
60,na,-1,0
61,c,100.24196298610741,100.24196298610741
62,c,100.24196298610741,100.24196298610741
63,na,-1,0
64,c,26.887120905482327,34.5553259689839
65,c,100.24196298610741,100.24196298610741
66,c,100.24196298610741,100.24196298610741
67,t,24.6255319944982,29.78136963840444
68,t,100.24196298610741,100.24196298610741
69,c,100.24196298610741,100.24196298610741
70,c,100.24196298610741,100.24196298610741
71,c,100.24196298610741,100.24196298610741
72,t,100.24196298610741,100.24196298610741
73,c,100.24196298610741,100.24196298610741
74,t,100.24196298610741,100.24196298610741
75,t,100.24196298610741,100.24196298610741
76,c,100.24196298610741,100.24196298610741
77,c,100.24196298610741,100.24196298610741
78,t,57.16987961375304,58.29877927213422
79,t,100.24196298610741,100.24196298610741
80,c,44.17967149968689,59.11246243497852
81,t,100.24196298610741,100.24196298610741
82,c,100.24196298610741,100.24196298610741
83,t,57.477359397832664,66.7902200320285
84,c,100.24196298610741,100.24196298610741
85,c,100.24196298610741,100.24196298610741
86,t,100.24196298610741,100.24196298610741
87,t,100.24196298610741,100.24196298610741
88,c,42.621920629233614,46.37853072405002
89,c,100.24196298610741,100.24196298610741
90,c,100.24196298610741,100.24196298610741
91,t,100.24196298610741,100.24196298610741
92,c,100.24196298610741,100.24196298610741
93,t,100.24196298610741,100.24196298610741
94,t,75.28312536129881,87.68894389487198
95,c,100.24196298610741,100.24196298610741
96,t,100.24196298610741,100.24196298610741
97,c,100.24196298610741,100.24196298610741
98,c,100.24196298610741,100.24196298610741
99,t,100.24196298610741,100.24196298610741
100,t,100.24196298610741,100.24196298610741
101,c,100.24196298610741,100.24196298610741
102,c,100.24196298610741,100.24196298610741
103,t,100.24196298610741,100.24196298610741
104,t,100.24196298610741,100.24196298610741
105,t,29.93611657872974,36.91273885904161
106,t,100.24196298610741,100.24196298610741
107,na,0,0.4559114741051173
108,c,100.24196298610741,100.24196298610741
109,t,100.24196298610741,100.24196298610741
110,t,100.24196298610741,100.24196298610741
111,c,57.62714717282814,57.90962048769127
112,t,100.24196298610741,100.24196298610741
113,c,53.497982165255145,54.38510454203481
114,t,100.24196298610741,100.24196298610741
115,c,100.24196298610741,100.24196298610741
116,t,100.24196298610741,100.24196298610741
117,c,100.24196298610741,100.24196298610741
118,t,100.24196298610741,100.24196298610741
119,c,100.24196298610741,100.24196298610741
120,t,100.24196298610741,100.24196298610741
121,t,100.24196298610741,100.24196298610741
122,c,100.24196298610741,100.24196298610741
123,c,100.24196298610741,100.24196298610741
124,c,84.41578800664543,95.41357762947834
125,t,100.24196298610741,100.24196298610741
126,t,23.666178457383225,26.061118916917415
127,t,100.24196298610741,100.24196298610741
128,t,100.24196298610741,100.24196298610741
129,c,100.24196298610741,100.24196298610741
130,c,100.24196298610741,100.24196298610741
131,t,100.24196298610741,100.24196298610741
132,t,100.24196298610741,100.24196298610741
133,c,100.24196298610741,100.24196298610741
134,t,100.24196298610741,100.24196298610741
135,t,100.24196298610741,100.24196298610741
136,c,100.24196298610741,100.24196298610741
137,t,100.24196298610741,100.24196298610741
138,t,100.24196298610741,100.24196298610741
139,t,100.24196298610741,100.24196298610741
140,t,100.24196298610741,100.24196298610741
141,t,100.24196298610741,100.24196298610741
142,t,100.24196298610741,100.24196298610741
143,t,48.29415250481196,48.592753883607195
144,c,100.24196298610741,100.24196298610741
145,c,100.24196298610741,100.24196298610741
146,t,100.24196298610741,100.24196298610741
147,c,100.24196298610741,100.24196298610741
148,c,100.24196298610741,100.24196298610741
149,t,60.191786651004755,62.81856899963852
150,c,100.24196298610741,100.24196298610741
151,c,100.24196298610741,100.24196298610741
152,c,100.24196298610741,100.24196298610741
153,t,100.24196298610741,100.24196298610741
154,c,100.24196298610741,100.24196298610741
155,t,100.24196298610741,100.24196298610741
156,c,100.24196298610741,100.24196298610741
157,t,100.24196298610741,100.24196298610741
158,c,100.24196298610741,100.24196298610741
159,t,100.24196298610741,100.24196298610741
160,c,100.24196298610741,100.24196298610741
161,t,33.360461833381635,36.35122510656826
162,c,100.24196298610741,100.24196298610741
163,t,100.24196298610741,100.24196298610741
164,c,100.24196298610741,100.24196298610741
165,c,100.24196298610741,100.24196298610741
166,c,100.24196298610741,100.24196298610741
167,t,100.24196298610741,100.24196298610741
168,t,100.24196298610741,100.24196298610741
169,t,100.24196298610741,100.24196298610741
170,c,100.24196298610741,100.24196298610741
171,c,100.24196298610741,100.24196298610741
172,t,32.16218797456332,42.945226444738225
173,c,7.735735210926835,19.15831445899788
174,c,100.24196298610741,100.24196298610741
175,c,100.24196298610741,100.24196298610741
176,c,100.24196298610741,100.24196298610741
177,na,0.7905083422308102,3.9409508784695437
178,c,100.24196298610741,100.24196298610741
179,c,25.490916259728678,36.12795213025157
180,t,100.24196298610741,100.24196298610741
181,c,4.525106253123044,6.380400595216793
182,c,100.24196298610741,100.24196298610741
183,t,100.24196298610741,100.24196298610741
184,c,100.24196298610741,100.24196298610741
185,c,100.24196298610741,100.24196298610741
186,c,15.966501682053286,21.162551241391785
187,c,45.27746378059199,47.30757743410162
188,c,100.24196298610741,100.24196298610741
189,na,-1,0
190,c,100.24196298610741,100.24196298610741
191,c,100.24196298610741,100.24196298610741
192,c,100.24196298610741,100.24196298610741
193,t,100.24196298610741,100.24196298610741
194,na,1.1966348714576671,5.6336929258249135
195,c,14.46504141995962,14.82683609873338
196,c,100.24196298610741,100.24196298610741
197,t,100.24196298610741,100.24196298610741
198,t,100.24196298610741,100.24196298610741
199,c,100.24196298610741,100.24196298610741
200,t,100.24196298610741,100.24196298610741
201,t,100.24196298610741,100.24196298610741
202,t,100.24196298610741,100.24196298610741
203,c,100.24196298610741,100.24196298610741
204,c,100.24196298610741,100.24196298610741
205,t,100.24196298610741,100.24196298610741
206,t,100.24196298610741,100.24196298610741
207,c,100.24196298610741,100.24196298610741
208,c,42.034525524377734,42.358805005422965
209,t,100.24196298610741,100.24196298610741
210,t,100.24196298610741,100.24196298610741
211,c,100.24196298610741,100.24196298610741
212,c,70.89514767403176,72.96115938557284
213,t,100.24196298610741,100.24196298610741
214,c,100.24196298610741,100.24196298610741
215,c,100.24196298610741,100.24196298610741
216,c,100.24196298610741,100.24196298610741
217,t,100.24196298610741,100.24196298610741
218,c,39.36817046889283,39.97964893282978
219,c,100.24196298610741,100.24196298610741
220,na,0.4519337612777534,1.024705284086684
221,t,100.24196298610741,100.24196298610741
222,t,100.24196298610741,100.24196298610741
223,na,0.49414290931505483,3.723817641236451
224,t,100.24196298610741,100.24196298610741
225,t,40.665799673171456,42.22451219440408
226,t,26.456371114095493,29.47462216088662
227,c,100.24196298610741,100.24196298610741
228,t,100.24196298610741,100.24196298610741
229,t,100.24196298610741,100.24196298610741
230,c,100.24196298610741,100.24196298610741
231,t,100.24196298610741,100.24196298610741
232,t,100.24196298610741,100.24196298610741
233,t,100.24196298610741,100.24196298610741
234,c,49.2503182867087,49.82056878094718
235,t,31.625316101010505,32.11780229344457
236,c,100.24196298610741,100.24196298610741
237,t,100.24196298610741,100.24196298610741
238,t,100.24196298610741,100.24196298610741
239,c,100.24196298610741,100.24196298610741
240,t,100.24196298610741,100.24196298610741
241,t,100.24196298610741,100.24196298610741
242,t,100.24196298610741,100.24196298610741
243,t,100.24196298610741,100.24196298610741
244,c,100.24196298610741,100.24196298610741
245,c,100.24196298610741,100.24196298610741
246,c,100.24196298610741,100.24196298610741
247,t,100.24196298610741,100.24196298610741
248,t,61.733080047484805,62.13783019611868
249,t,100.24196298610741,100.24196298610741
250,t,100.24196298610741,100.24196298610741
251,c,100.24196298610741,100.24196298610741
252,c,100.24196298610741,100.24196298610741
253,t,100.24196298610741,100.24196298610741
254,c,100.24196298610741,100.24196298610741
255,c,100.24196298610741,100.24196298610741
256,t,100.24196298610741,100.24196298610741
257,c,37.08408939422327,45.33024491507438
258,c,100.24196298610741,100.24196298610741
259,c,60.869289831504545,65.44858132873837
260,c,100.24196298610741,100.24196298610741
261,c,100.24196298610741,100.24196298610741
262,c,100.24196298610741,100.24196298610741
263,t,100.24196298610741,100.24196298610741
264,t,100.24196298610741,100.24196298610741
265,t,100.24196298610741,100.24196298610741
266,t,100.24196298610741,100.24196298610741
267,t,100.24196298610741,100.24196298610741
268,c,100.24196298610741,100.24196298610741
269,c,100.24196298610741,100.24196298610741
270,c,100.24196298610741,100.24196298610741
271,c,100.24196298610741,100.24196298610741
272,c,100.24196298610741,100.24196298610741
273,t,3.7823913109931553,4.08834547731144
274,t,100.24196298610741,100.24196298610741
275,c,100.24196298610741,100.24196298610741
276,t,100.24196298610741,100.24196298610741
277,c,32.70100468482049,33.23872579546601
278,c,100.24196298610741,100.24196298610741
279,t,61.66460077222399,62.538853585229916
280,t,100.24196298610741,100.24196298610741
281,c,100.24196298610741,100.24196298610741
282,t,100.24196298610741,100.24196298610741
283,t,100.24196298610741,100.24196298610741
284,t,100.24196298610741,100.24196298610741
285,t,100.24196298610741,100.24196298610741
286,c,100.24196298610741,100.24196298610741
287,t,100.24196298610741,100.24196298610741
288,t,100.24196298610741,100.24196298610741
289,c,100.24196298610741,100.24196298610741
290,t,100.24196298610741,100.24196298610741
291,t,41.5253683348973,42.53888442462595
292,c,49.32065069087009,54.704886125460796
293,t,100.24196298610741,100.24196298610741
294,c,100.24196298610741,100.24196298610741
295,t,100.24196298610741,100.24196298610741
296,c,100.24196298610741,100.24196298610741
297,t,100.24196298610741,100.24196298610741
298,c,100.24196298610741,100.24196298610741
299,t,32.853029693121414,35.54760824075366
300,t,100.24196298610741,100.24196298610741
301,t,100.24196298610741,100.24196298610741
302,c,100.24196298610741,100.24196298610741
303,t,100.24196298610741,100.24196298610741
304,t,100.24196298610741,100.24196298610741
305,c,100.24196298610741,100.24196298610741
306,t,100.24196298610741,100.24196298610741
307,t,30.568888744279974,32.50273842835469
308,c,100.24196298610741,100.24196298610741
309,c,100.24196298610741,100.24196298610741
310,t,100.24196298610741,100.24196298610741
311,t,13.706674893716208,100.24196298610741
312,c,100.24196298610741,100.24196298610741
313,c,100.24196298610741,100.24196298610741
314,t,100.24196298610741,100.24196298610741
315,t,48.64819444082663,50.57710573960679
316,c,54.66538039108562,55.708662082551086
317,c,100.24196298610741,100.24196298610741
318,c,100.24196298610741,100.24196298610741
319,t,100.24196298610741,100.24196298610741
320,c,100.24196298610741,100.24196298610741
321,c,100.24196298610741,100.24196298610741
322,c,100.24196298610741,100.24196298610741
323,c,100.24196298610741,100.24196298610741
324,c,100.24196298610741,100.24196298610741
325,t,100.24196298610741,100.24196298610741
326,t,100.24196298610741,100.24196298610741
327,c,33.894859313705126,47.04251328697477
328,na,3.0846550431134587,23.940299037131805
329,c,100.24196298610741,100.24196298610741
330,c,100.24196298610741,100.24196298610741
331,c,100.24196298610741,100.24196298610741
332,c,100.24196298610741,100.24196298610741
333,c,3.9507699548558515,4.529411375921974
334,t,44.49013392033996,62.16661029981567
335,t,19.738689987303907,33.42936485678788
336,t,100.24196298610741,100.24196298610741
337,t,100.24196298610741,100.24196298610741
338,c,100.24196298610741,100.24196298610741
339,t,100.24196298610741,100.24196298610741
340,c,100.24196298610741,100.24196298610741
341,t,67.21609743373385,70.6853870309912
342,t,100.24196298610741,100.24196298610741
343,t,100.24196298610741,100.24196298610741
344,c,72.44825485629045,100.24196298610741
345,c,100.24196298610741,100.24196298610741
346,c,100.24196298610741,100.24196298610741
347,c,100.24196298610741,100.24196298610741
348,t,100.24196298610741,100.24196298610741
349,t,100.24196298610741,100.24196298610741
350,c,100.24196298610741,100.24196298610741
351,t,100.24196298610741,100.24196298610741
352,c,100.24196298610741,100.24196298610741
353,c,100.24196298610741,100.24196298610741
354,t,100.24196298610741,100.24196298610741
355,t,100.24196298610741,100.24196298610741
356,t,100.24196298610741,100.24196298610741
357,c,100.24196298610741,100.24196298610741
358,c,100.24196298610741,100.24196298610741
359,t,45.993975849410006,51.66564350042487
360,c,100.24196298610741,100.24196298610741
361,t,100.24196298610741,100.24196298610741
362,t,100.24196298610741,100.24196298610741
363,t,31.540533161292906,32.6619499300487
364,c,94.46864316655758,96.33069393259574
365,t,100.24196298610741,100.24196298610741
366,c,100.24196298610741,100.24196298610741
367,c,100.24196298610741,100.24196298610741
368,c,100.24196298610741,100.24196298610741
369,t,39.837409669033505,44.999963598808016
370,c,100.24196298610741,100.24196298610741
371,c,100.24196298610741,100.24196298610741
372,t,100.24196298610741,100.24196298610741
373,c,100.24196298610741,100.24196298610741
374,t,100.24196298610741,100.24196298610741
375,c,100.24196298610741,100.24196298610741
376,c,100.24196298610741,100.24196298610741
377,c,59.54765152608302,100.24196298610741
378,c,100.24196298610741,100.24196298610741
379,t,100.24196298610741,100.24196298610741
380,c,100.24196298610741,100.24196298610741
381,c,100.24196298610741,100.24196298610741
382,t,49.194541491695006,49.99809660945135
383,c,100.24196298610741,100.24196298610741
384,t,100.24196298610741,100.24196298610741
385,t,100.24196298610741,100.24196298610741
386,t,100.24196298610741,100.24196298610741
387,t,100.24196298610741,100.24196298610741
388,c,100.24196298610741,100.24196298610741
389,na,0.807151156342826,7.549448077873706
390,c,100.24196298610741,100.24196298610741
391,t,100.24196298610741,100.24196298610741
392,na,0,13.432470862220375
393,c,100.24196298610741,100.24196298610741
394,t,100.24196298610741,100.24196298610741
395,t,100.24196298610741,100.24196298610741
396,t,100.24196298610741,100.24196298610741
397,t,100.24196298610741,100.24196298610741
398,t,32.54415712251081,35.77686662829155
399,c,100.24196298610741,100.24196298610741
400,c,100.24196298610741,100.24196298610741
401,c,100.24196298610741,100.24196298610741
402,t,100.24196298610741,100.24196298610741
403,na,-1,0
404,t,100.24196298610741,100.24196298610741
405,c,34.37886648098346,100.24196298610741
406,c,100.24196298610741,100.24196298610741
407,c,100.24196298610741,100.24196298610741
408,t,100.24196298610741,100.24196298610741
409,na,-1,0
410,c,37.03410124456762,39.23717827825425
411,c,100.24196298610741,100.24196298610741
412,c,100.24196298610741,100.24196298610741
413,c,100.24196298610741,100.24196298610741
414,t,100.24196298610741,100.24196298610741
415,t,5.162072375405773,100.24196298610741
416,t,100.24196298610741,100.24196298610741
417,t,100.24196298610741,100.24196298610741
418,t,100.24196298610741,100.24196298610741
419,c,61.49962370357644,66.01890261063164
420,t,100.24196298610741,100.24196298610741
421,c,100.24196298610741,100.24196298610741
422,t,9.677461453868279,17.85251173562487
423,c,100.24196298610741,100.24196298610741
424,t,18.287205830688517,20.855050173463887
425,t,100.24196298610741,100.24196298610741
426,t,100.24196298610741,100.24196298610741
427,t,100.24196298610741,100.24196298610741
428,c,39.90971127663901,40.739317180009834
429,c,100.24196298610741,100.24196298610741
430,c,100.24196298610741,100.24196298610741
431,t,100.24196298610741,100.24196298610741
432,c,100.24196298610741,100.24196298610741
433,c,100.24196298610741,100.24196298610741
434,t,30.9005288304507,100.24196298610741
435,c,100.24196298610741,100.24196298610741
436,c,100.24196298610741,100.24196298610741
437,t,100.24196298610741,100.24196298610741
438,t,100.24196298610741,100.24196298610741
439,c,100.24196298610741,100.24196298610741
440,c,100.24196298610741,100.24196298610741
441,c,100.24196298610741,100.24196298610741
442,c,100.24196298610741,100.24196298610741
443,c,100.24196298610741,100.24196298610741
444,t,100.24196298610741,100.24196298610741
445,na,-1,0
446,c,100.24196298610741,100.24196298610741
447,na,0.33244830064563496,2.435185253973469
448,c,100.24196298610741,100.24196298610741
449,t,26.924769996500928,34.63036910097244
450,c,100.24196298610741,100.24196298610741
451,t,100.24196298610741,100.24196298610741
452,t,100.24196298610741,100.24196298610741
453,c,25.71137471092874,30.78469997280047
454,t,100.24196298610741,100.24196298610741
455,c,100.24196298610741,100.24196298610741
456,c,34.85099157287193,45.26906564118982
457,t,38.07758097341536,42.358931496739615
458,c,100.24196298610741,100.24196298610741
459,c,23.17341807509429,23.76735935951072
460,c,100.24196298610741,100.24196298610741
461,c,100.24196298610741,100.24196298610741
462,c,42.18275509277862,45.06395568727388
463,t,100.24196298610741,100.24196298610741
464,t,100.24196298610741,100.24196298610741
465,c,100.24196298610741,100.24196298610741
466,c,12.642087991244397,23.756310359891025
467,c,100.24196298610741,100.24196298610741
468,c,100.24196298610741,100.24196298610741
469,t,100.24196298610741,100.24196298610741
470,c,100.24196298610741,100.24196298610741
471,t,100.24196298610741,100.24196298610741
472,t,100.24196298610741,100.24196298610741
473,c,100.24196298610741,100.24196298610741
474,t,100.24196298610741,100.24196298610741
475,c,100.24196298610741,100.24196298610741
476,c,100.24196298610741,100.24196298610741
477,c,100.24196298610741,100.24196298610741
478,c,50.52570591300684,51.45947645048903
479,c,100.24196298610741,100.24196298610741
480,t,100.24196298610741,100.24196298610741
481,c,100.24196298610741,100.24196298610741
482,c,14.543381291930961,14.568514919405798
483,t,13.425371793656364,16.381771639089383
484,t,100.24196298610741,100.24196298610741
485,na,-1,0
486,c,100.24196298610741,100.24196298610741
487,c,100.24196298610741,100.24196298610741
488,t,100.24196298610741,100.24196298610741
489,c,100.24196298610741,100.24196298610741
490,t,100.24196298610741,100.24196298610741
491,t,46.46022466345763,51.184323485440615
492,c,100.24196298610741,100.24196298610741
493,t,100.24196298610741,100.24196298610741
494,c,100.24196298610741,100.24196298610741
495,c,100.24196298610741,100.24196298610741
496,c,42.52745780168442,42.98724197423424
497,c,100.24196298610741,100.24196298610741
498,c,67.77408275395182,72.05216167233145
499,t,100.24196298610741,100.24196298610741
500,c,100.24196298610741,100.24196298610741
501,t,100.24196298610741,100.24196298610741
502,c,100.24196298610741,100.24196298610741
503,c,100.24196298610741,100.24196298610741
504,t,100.24196298610741,100.24196298610741
505,t,100.24196298610741,100.24196298610741
506,t,100.24196298610741,100.24196298610741
507,t,100.24196298610741,100.24196298610741
508,t,100.24196298610741,100.24196298610741
509,c,100.24196298610741,100.24196298610741
510,c,100.24196298610741,100.24196298610741
511,c,100.24196298610741,100.24196298610741
512,c,100.24196298610741,100.24196298610741
513,c,100.24196298610741,100.24196298610741
514,t,49.156962218581285,55.527337334253694
515,c,51.435524446804955,52.922302433317725
516,c,100.24196298610741,100.24196298610741
517,t,100.24196298610741,100.24196298610741
518,c,100.24196298610741,100.24196298610741
519,t,100.24196298610741,100.24196298610741
520,t,100.24196298610741,100.24196298610741
521,c,59.88608310066292,67.07160026114504
522,c,100.24196298610741,100.24196298610741
523,c,100.24196298610741,100.24196298610741
524,c,100.24196298610741,100.24196298610741
525,t,29.802101845438315,41.933450973827405
526,t,100.24196298610741,100.24196298610741
527,t,100.24196298610741,100.24196298610741
528,c,100.24196298610741,100.24196298610741
529,t,100.24196298610741,100.24196298610741
530,c,100.24196298610741,100.24196298610741
531,t,100.24196298610741,100.24196298610741
532,t,100.24196298610741,100.24196298610741
533,c,100.24196298610741,100.24196298610741
534,t,100.24196298610741,100.24196298610741
535,t,68.38223354142163,72.84734192720039
536,t,100.24196298610741,100.24196298610741
537,t,100.24196298610741,100.24196298610741
538,c,100.24196298610741,100.24196298610741
539,c,27.569440517455426,28.99916303798984
540,c,100.24196298610741,100.24196298610741
541,c,73.05152692089898,75.47507919644882
542,t,100.24196298610741,100.24196298610741
543,c,100.24196298610741,100.24196298610741
544,t,100.24196298610741,100.24196298610741
545,t,100.24196298610741,100.24196298610741
546,t,100.24196298610741,100.24196298610741
547,c,60.94705995972949,61.11250258305314
548,c,100.24196298610741,100.24196298610741
549,t,100.24196298610741,100.24196298610741
550,c,100.24196298610741,100.24196298610741
551,c,100.24196298610741,100.24196298610741
552,t,53.996267292538924,57.163897667390714
553,t,100.24196298610741,100.24196298610741
554,c,100.24196298610741,100.24196298610741
555,t,100.24196298610741,100.24196298610741
556,t,100.24196298610741,100.24196298610741
557,t,100.24196298610741,100.24196298610741
558,na,1.1174193802289456,2.474103943998317
559,c,100.24196298610741,100.24196298610741
560,c,100.24196298610741,100.24196298610741
561,c,100.24196298610741,100.24196298610741
562,t,100.24196298610741,100.24196298610741
563,c,19.162662006948395,30.512740616335037
564,c,100.24196298610741,100.24196298610741
565,c,43.57062845403895,44.40771510994294
566,c,100.24196298610741,100.24196298610741
567,t,100.24196298610741,100.24196298610741
568,t,100.24196298610741,100.24196298610741
569,c,100.24196298610741,100.24196298610741
570,c,100.24196298610741,100.24196298610741
571,c,100.24196298610741,100.24196298610741
572,c,100.24196298610741,100.24196298610741
573,t,59.862013445761235,66.52856654166789
574,t,100.24196298610741,100.24196298610741
575,t,100.24196298610741,100.24196298610741
576,t,100.24196298610741,100.24196298610741
577,c,100.24196298610741,100.24196298610741
578,t,100.24196298610741,100.24196298610741
579,c,100.24196298610741,100.24196298610741
580,t,100.24196298610741,100.24196298610741
581,t,100.24196298610741,100.24196298610741
582,c,100.24196298610741,100.24196298610741
583,t,100.24196298610741,100.24196298610741
584,c,100.24196298610741,100.24196298610741
585,c,100.24196298610741,100.24196298610741
586,c,100.24196298610741,100.24196298610741
587,c,24.62451285656884,100.24196298610741
588,t,26.248014952023148,36.7021203880194
589,c,100.24196298610741,100.24196298610741
590,t,100.24196298610741,100.24196298610741
591,c,100.24196298610741,100.24196298610741
592,t,100.24196298610741,100.24196298610741
593,c,100.24196298610741,100.24196298610741
594,c,100.24196298610741,100.24196298610741
595,t,100.24196298610741,100.24196298610741
596,c,100.24196298610741,100.24196298610741
597,c,100.24196298610741,100.24196298610741
598,c,100.24196298610741,100.24196298610741
599,t,54.32947942948879,58.49850786134874
600,t,100.24196298610741,100.24196298610741
601,c,100.24196298610741,100.24196298610741
602,c,100.24196298610741,100.24196298610741
603,c,100.24196298610741,100.24196298610741
604,c,100.24196298610741,100.24196298610741
605,c,100.24196298610741,100.24196298610741
606,na,2.7523393722601988,6.043865697472117
607,c,100.24196298610741,100.24196298610741
608,t,100.24196298610741,100.24196298610741
609,t,100.24196298610741,100.24196298610741
610,t,100.24196298610741,100.24196298610741
611,c,100.24196298610741,100.24196298610741
612,t,35.0640947812365,41.72409606505268
613,c,100.24196298610741,100.24196298610741
614,t,100.24196298610741,100.24196298610741
615,t,6.082949367868322,6.09154430069226
616,t,100.24196298610741,100.24196298610741
617,c,100.24196298610741,100.24196298610741
618,t,100.24196298610741,100.24196298610741
619,t,100.24196298610741,100.24196298610741
620,t,100.24196298610741,100.24196298610741
621,t,100.24196298610741,100.24196298610741
622,c,100.24196298610741,100.24196298610741
623,c,100.24196298610741,100.24196298610741
624,c,100.24196298610741,100.24196298610741
625,t,79.84642848649389,81.84137957238858
626,t,100.24196298610741,100.24196298610741
627,c,100.24196298610741,100.24196298610741
628,t,100.24196298610741,100.24196298610741
629,t,100.24196298610741,100.24196298610741
630,t,100.24196298610741,100.24196298610741
631,c,100.24196298610741,100.24196298610741
632,t,100.24196298610741,100.24196298610741
633,t,87.24318531897892,88.36365721082821
634,c,100.24196298610741,100.24196298610741
635,c,100.24196298610741,100.24196298610741
636,t,100.24196298610741,100.24196298610741
637,t,100.24196298610741,100.24196298610741
638,c,43.61247209949366,43.85810565913784
639,t,100.24196298610741,100.24196298610741
640,c,100.24196298610741,100.24196298610741
641,c,100.24196298610741,100.24196298610741
642,c,37.74205182002103,40.761560309727095
643,c,100.24196298610741,100.24196298610741
644,c,40.64612832918421,45.0619494624406
645,c,100.24196298610741,100.24196298610741
646,na,3.9790862205477953,7.177038116626351
647,t,100.24196298610741,100.24196298610741
648,t,53.15759300932241,65.31335086240783
649,t,100.24196298610741,100.24196298610741
650,c,45.30594322123837,47.13216721656215
651,c,100.24196298610741,100.24196298610741
652,c,100.24196298610741,100.24196298610741
653,c,100.24196298610741,100.24196298610741
654,t,100.24196298610741,100.24196298610741
655,c,100.24196298610741,100.24196298610741
656,t,41.57294158846711,42.712162143989026
657,c,42.21943106468132,52.941419731321986
658,c,100.24196298610741,100.24196298610741
659,c,100.24196298610741,100.24196298610741
660,c,100.24196298610741,100.24196298610741
661,c,27.50497265525949,39.67578479254116
662,t,100.24196298610741,100.24196298610741
663,c,100.24196298610741,100.24196298610741
664,na,13.981782020913277,14.622500669161676
665,na,7.634228071885232,10.246419487750885
666,t,100.24196298610741,100.24196298610741
667,c,25.420151352058827,25.82079547220872
668,t,56.44995889239162,68.42322133983387
669,t,100.24196298610741,100.24196298610741
670,t,100.24196298610741,100.24196298610741
671,t,62.2989446621972,62.98207303235223
672,t,100.24196298610741,100.24196298610741
673,t,100.24196298610741,100.24196298610741
674,c,100.24196298610741,100.24196298610741
675,t,100.24196298610741,100.24196298610741
676,t,100.24196298610741,100.24196298610741
677,c,100.24196298610741,100.24196298610741
678,c,100.24196298610741,100.24196298610741
679,c,100.24196298610741,100.24196298610741
680,t,100.24196298610741,100.24196298610741
681,c,32.94843408627383,36.286461348527766
682,t,100.24196298610741,100.24196298610741
683,c,52.205725681332396,52.31975039511727
684,t,100.24196298610741,100.24196298610741
685,t,100.24196298610741,100.24196298610741
686,t,100.24196298610741,100.24196298610741
687,c,100.24196298610741,100.24196298610741
688,t,100.24196298610741,100.24196298610741
689,c,18.20909345341359,20.230628866622034
690,t,28.15535184929276,34.014240220232395
691,t,100.24196298610741,100.24196298610741
692,c,100.24196298610741,100.24196298610741
693,c,100.24196298610741,100.24196298610741
694,t,100.24196298610741,100.24196298610741
695,c,100.24196298610741,100.24196298610741
696,c,100.24196298610741,100.24196298610741
697,t,15.000313310536729,16.60327723928479
698,c,100.24196298610741,100.24196298610741
699,t,100.24196298610741,100.24196298610741
700,c,100.24196298610741,100.24196298610741
701,c,100.24196298610741,100.24196298610741
702,t,100.24196298610741,100.24196298610741
703,c,100.24196298610741,100.24196298610741
704,c,46.63979337768265,51.66563585604061
705,c,100.24196298610741,100.24196298610741
706,c,100.24196298610741,100.24196298610741
707,t,100.24196298610741,100.24196298610741
708,t,100.24196298610741,100.24196298610741
709,t,100.24196298610741,100.24196298610741
710,t,45.07093290419195,47.47650934379086
711,t,100.24196298610741,100.24196298610741
712,c,100.24196298610741,100.24196298610741
713,c,100.24196298610741,100.24196298610741
714,t,100.24196298610741,100.24196298610741
715,t,40.051592303542705,48.07889504701242
716,c,100.24196298610741,100.24196298610741
717,t,100.24196298610741,100.24196298610741
718,t,100.24196298610741,100.24196298610741
719,c,100.24196298610741,100.24196298610741
720,c,100.24196298610741,100.24196298610741
721,t,100.24196298610741,100.24196298610741
722,c,100.24196298610741,100.24196298610741
723,t,100.24196298610741,100.24196298610741
724,c,100.24196298610741,100.24196298610741
725,c,100.24196298610741,100.24196298610741
726,c,35.34266502166361,36.79906501461232
727,t,100.24196298610741,100.24196298610741
728,c,100.24196298610741,100.24196298610741
729,t,100.24196298610741,100.24196298610741
730,t,100.24196298610741,100.24196298610741
731,t,100.24196298610741,100.24196298610741
732,t,100.24196298610741,100.24196298610741
733,t,63.125286632281025,68.74718203782682
734,t,100.24196298610741,100.24196298610741
735,t,100.24196298610741,100.24196298610741
736,t,100.24196298610741,100.24196298610741
737,t,100.24196298610741,100.24196298610741
738,t,100.24196298610741,100.24196298610741
739,t,100.24196298610741,100.24196298610741
740,t,100.24196298610741,100.24196298610741
741,t,100.24196298610741,100.24196298610741
742,c,100.24196298610741,100.24196298610741
743,t,100.24196298610741,100.24196298610741
744,t,100.24196298610741,100.24196298610741
745,t,100.24196298610741,100.24196298610741
746,t,100.24196298610741,100.24196298610741
747,t,100.24196298610741,100.24196298610741
748,t,2.1246543332467986,5.838735267974948
749,c,100.24196298610741,100.24196298610741
750,t,100.24196298610741,100.24196298610741
751,c,100.24196298610741,100.24196298610741
752,c,100.24196298610741,100.24196298610741
753,t,100.24196298610741,100.24196298610741
754,t,100.24196298610741,100.24196298610741
755,c,100.24196298610741,100.24196298610741
756,t,100.24196298610741,100.24196298610741
757,t,100.24196298610741,100.24196298610741
758,t,100.24196298610741,100.24196298610741
759,t,100.24196298610741,100.24196298610741
760,t,100.24196298610741,100.24196298610741
761,t,100.24196298610741,100.24196298610741
762,t,100.24196298610741,100.24196298610741
763,t,100.24196298610741,100.24196298610741
764,c,100.24196298610741,100.24196298610741
765,t,100.24196298610741,100.24196298610741
766,t,100.24196298610741,100.24196298610741
767,c,100.24196298610741,100.24196298610741
768,c,100.24196298610741,100.24196298610741
769,c,65.8178866513823,72.53682663169165
770,t,100.24196298610741,100.24196298610741
771,c,100.24196298610741,100.24196298610741
772,c,100.24196298610741,100.24196298610741
773,t,100.24196298610741,100.24196298610741
774,c,100.24196298610741,100.24196298610741
775,t,19.527235119353275,21.84143653381298
776,c,30.05712004571426,34.28260080722705
777,t,100.24196298610741,100.24196298610741
778,t,57.515131906079986,100.24196298610741
779,c,100.24196298610741,100.24196298610741
780,c,39.71194984275418,100.24196298610741
781,t,100.24196298610741,100.24196298610741
782,t,100.24196298610741,100.24196298610741
783,c,100.24196298610741,100.24196298610741
784,t,100.24196298610741,100.24196298610741
785,t,100.24196298610741,100.24196298610741
786,t,100.24196298610741,100.24196298610741
787,t,100.24196298610741,100.24196298610741
788,c,100.24196298610741,100.24196298610741
789,c,100.24196298610741,100.24196298610741
790,t,100.24196298610741,100.24196298610741
791,t,100.24196298610741,100.24196298610741
792,t,100.24196298610741,100.24196298610741
793,t,100.24196298610741,100.24196298610741
794,t,100.24196298610741,100.24196298610741
795,c,100.24196298610741,100.24196298610741
796,c,100.24196298610741,100.24196298610741
797,t,100.24196298610741,100.24196298610741
798,t,100.24196298610741,100.24196298610741
799,c,100.24196298610741,100.24196298610741
800,c,100.24196298610741,100.24196298610741
801,t,100.24196298610741,100.24196298610741
802,t,100.24196298610741,100.24196298610741
803,c,100.24196298610741,100.24196298610741
804,c,4.777026140683863,7.605927700335004
805,t,100.24196298610741,100.24196298610741
806,t,100.24196298610741,100.24196298610741
807,c,100.24196298610741,100.24196298610741
808,t,100.24196298610741,100.24196298610741
809,t,54.06943013741641,59.830090822249005
810,t,100.24196298610741,100.24196298610741
811,t,100.24196298610741,100.24196298610741
812,t,100.24196298610741,100.24196298610741
813,t,100.24196298610741,100.24196298610741
814,t,6.2855980801844575,9.76779807630435
815,t,46.61492624388008,47.057749911949166
816,t,100.24196298610741,100.24196298610741
817,c,37.127908238178065,41.12763879206897
818,t,100.24196298610741,100.24196298610741
819,t,100.24196298610741,100.24196298610741
820,t,100.24196298610741,100.24196298610741
821,c,28.950118857823707,32.55546161340073
822,c,100.24196298610741,100.24196298610741
823,t,100.24196298610741,100.24196298610741
824,c,100.24196298610741,100.24196298610741
825,c,100.24196298610741,100.24196298610741
826,c,100.24196298610741,100.24196298610741
827,c,100.24196298610741,100.24196298610741
828,c,100.24196298610741,100.24196298610741
829,c,77.01942986065035,77.29584029738943
830,c,100.24196298610741,100.24196298610741
831,c,100.24196298610741,100.24196298610741
832,c,23.971976313924703,24.280674337890144
833,c,100.24196298610741,100.24196298610741
834,c,100.24196298610741,100.24196298610741
835,c,100.24196298610741,100.24196298610741
836,c,100.24196298610741,100.24196298610741
837,c,100.24196298610741,100.24196298610741
838,t,100.24196298610741,100.24196298610741
839,t,21.2473438797517,21.41406369770921
840,t,100.24196298610741,100.24196298610741
841,t,100.24196298610741,100.24196298610741
842,t,100.24196298610741,100.24196298610741
843,c,5.811809868211199,13.946960788240926
844,t,100.24196298610741,100.24196298610741
845,t,100.24196298610741,100.24196298610741
846,t,100.24196298610741,100.24196298610741
847,t,100.24196298610741,100.24196298610741
848,t,51.112081841620224,59.54553250729756
849,t,100.24196298610741,100.24196298610741
850,t,100.24196298610741,100.24196298610741
851,c,100.24196298610741,100.24196298610741
852,t,100.24196298610741,100.24196298610741
853,t,100.24196298610741,100.24196298610741
854,c,100.24196298610741,100.24196298610741
855,c,100.24196298610741,100.24196298610741
856,c,30.925015253486514,31.037738799490704
857,c,64.41490040306407,65.80598579270733
858,c,100.24196298610741,100.24196298610741
859,c,30.155134645505214,31.82126962747227
860,t,100.24196298610741,100.24196298610741
861,c,100.24196298610741,100.24196298610741
862,t,100.24196298610741,100.24196298610741
863,t,100.24196298610741,100.24196298610741
864,na,12.83268852048747,15.915654385698202
865,t,100.24196298610741,100.24196298610741
866,na,100.24196298610741,100.24196298610741
867,c,100.24196298610741,100.24196298610741
868,c,100.24196298610741,100.24196298610741
869,t,100.24196298610741,100.24196298610741
870,t,100.24196298610741,100.24196298610741
871,t,100.24196298610741,100.24196298610741
872,c,100.24196298610741,100.24196298610741
873,t,100.24196298610741,100.24196298610741
874,t,100.24196298610741,100.24196298610741
875,c,100.24196298610741,100.24196298610741
876,c,100.24196298610741,100.24196298610741
877,c,100.24196298610741,100.24196298610741
878,c,64.76703507965718,67.06634945430875
879,c,100.24196298610741,100.24196298610741
880,na,-1,0
881,t,100.24196298610741,100.24196298610741
882,t,100.24196298610741,100.24196298610741
883,t,100.24196298610741,100.24196298610741
884,t,100.24196298610741,100.24196298610741
885,t,100.24196298610741,100.24196298610741
886,t,48.53555651294888,53.40743302399101
887,c,100.24196298610741,100.24196298610741
888,c,100.24196298610741,100.24196298610741
889,t,92.34204344930488,97.29897420243312
890,t,45.07995345916731,49.69548567383331
891,c,100.24196298610741,100.24196298610741
892,c,54.969505543238284,64.56876568659604
893,t,100.24196298610741,100.24196298610741
894,t,100.24196298610741,100.24196298610741
895,t,100.24196298610741,100.24196298610741
896,t,100.24196298610741,100.24196298610741
897,t,100.24196298610741,100.24196298610741
898,t,100.24196298610741,100.24196298610741
899,c,100.24196298610741,100.24196298610741
900,t,100.24196298610741,100.24196298610741
901,t,100.24196298610741,100.24196298610741
902,c,100.24196298610741,100.24196298610741
903,c,100.24196298610741,100.24196298610741
904,t,100.24196298610741,100.24196298610741
905,c,100.24196298610741,100.24196298610741
906,c,59.99999312777021,73.5461303028585
907,t,100.24196298610741,100.24196298610741
908,c,25.616828426175672,28.644481653562824
909,t,100.24196298610741,100.24196298610741
910,c,54.99231596947087,55.97052495895657
911,c,100.24196298610741,100.24196298610741
912,t,100.24196298610741,100.24196298610741
913,t,100.24196298610741,100.24196298610741
914,t,100.24196298610741,100.24196298610741
915,c,100.24196298610741,100.24196298610741
916,t,100.24196298610741,100.24196298610741
917,c,100.24196298610741,100.24196298610741
918,t,100.24196298610741,100.24196298610741
919,c,45.131687674960915,49.31582708835722
920,c,100.24196298610741,100.24196298610741
921,c,100.24196298610741,100.24196298610741
922,c,100.24196298610741,100.24196298610741
923,t,100.24196298610741,100.24196298610741
924,t,100.24196298610741,100.24196298610741
925,c,100.24196298610741,100.24196298610741
926,t,100.24196298610741,100.24196298610741
927,c,100.24196298610741,100.24196298610741
928,c,55.33479050434007,61.24043742522891
929,t,100.24196298610741,100.24196298610741
930,t,100.24196298610741,100.24196298610741
931,t,100.24196298610741,100.24196298610741
932,t,100.24196298610741,100.24196298610741
933,c,100.24196298610741,100.24196298610741
934,t,100.24196298610741,100.24196298610741
935,t,38.041138552319815,42.44578611030403
936,t,100.24196298610741,100.24196298610741
937,c,100.24196298610741,100.24196298610741
938,t,100.24196298610741,100.24196298610741
939,c,5.117593360448874,11.918682532257488
940,t,100.24196298610741,100.24196298610741
941,c,100.24196298610741,100.24196298610741
942,c,100.24196298610741,100.24196298610741
943,c,100.24196298610741,100.24196298610741
944,c,76.18286700233602,77.53917785625708
945,c,39.98085965500933,45.377944757330475
946,c,100.24196298610741,100.24196298610741
947,c,44.94120712082597,46.66590319136845
948,t,44.532516871496306,49.65994750871099
949,c,100.24196298610741,100.24196298610741
950,c,100.24196298610741,100.24196298610741
951,c,100.24196298610741,100.24196298610741
952,t,100.24196298610741,100.24196298610741
953,c,100.24196298610741,100.24196298610741
954,t,100.24196298610741,100.24196298610741
955,t,100.24196298610741,100.24196298610741
956,c,100.24196298610741,100.24196298610741
957,t,100.24196298610741,100.24196298610741
958,c,100.24196298610741,100.24196298610741
959,c,27.432216855036447,32.90137110159619
960,t,100.24196298610741,100.24196298610741
961,t,100.24196298610741,100.24196298610741
962,t,100.24196298610741,100.24196298610741
963,c,100.24196298610741,100.24196298610741
964,t,100.24196298610741,100.24196298610741
965,c,100.24196298610741,100.24196298610741
966,t,35.854309750395885,52.567356245996926
967,t,100.24196298610741,100.24196298610741
968,c,100.24196298610741,100.24196298610741
969,t,100.24196298610741,100.24196298610741
970,c,100.24196298610741,100.24196298610741
971,t,100.24196298610741,100.24196298610741
972,c,100.24196298610741,100.24196298610741
973,c,100.24196298610741,100.24196298610741
974,c,100.24196298610741,100.24196298610741
975,t,100.24196298610741,100.24196298610741
976,c,100.24196298610741,100.24196298610741
977,t,100.24196298610741,100.24196298610741
978,c,43.60849129569303,48.18246562568793
979,c,100.24196298610741,100.24196298610741
980,c,100.24196298610741,100.24196298610741
981,c,100.24196298610741,100.24196298610741
982,c,100.24196298610741,100.24196298610741
983,c,100.24196298610741,100.24196298610741
984,c,100.24196298610741,100.24196298610741
985,t,100.24196298610741,100.24196298610741
986,c,100.24196298610741,100.24196298610741
987,t,100.24196298610741,100.24196298610741
988,c,100.24196298610741,100.24196298610741
989,c,100.24196298610741,100.24196298610741
990,c,100.24196298610741,100.24196298610741
991,t,61.17913899354294,100.24196298610741
992,t,19.2398922619495,100.24196298610741
993,c,25.78056273896425,27.74137032924045
994,t,52.053645463340786,58.778646889599315
995,t,100.24196298610741,100.24196298610741
996,c,100.24196298610741,100.24196298610741
997,c,19.702078953340667,27.22359482286859
998,t,100.24196298610741,100.24196298610741
999,c,100.24196298610741,100.24196298610741
