node, assignment, time2inf, time2death
0,na,-1,0
1,na,-1,0
2,na,-1,0
3,na,-1,0
4,na,-1,0
5,na,-1,0
6,na,-1,0
7,na,-1,0
8,na,-1,0
9,na,-1,0
10,na,-1,0
11,na,-1,0
12,na,-1,0
13,na,-1,0
14,na,0,54.59946043762481
15,na,-1,0
16,na,-1,0
17,na,-1,0
18,na,-1,0
19,na,0,6.844216280213829
20,na,-1,0
21,na,-1,0
22,na,-1,0
23,na,-1,0
24,na,-1,0
25,na,-1,0
26,na,-1,0
27,na,0,2.470688805746773
28,na,54.59946043762481,54.59946043762481
29,na,54.59946043762481,54.59946043762481
30,na,-1,0
31,na,-1,0
32,na,-1,0
33,na,-1,0
34,na,-1,0
35,na,0,6.616837840768126
36,na,54.59946043762481,54.59946043762481
37,na,-1,0
38,na,-1,0
39,na,-1,0
40,c,54.59946043762481,54.59946043762481
41,c,54.59946043762481,54.59946043762481
42,c,54.59946043762481,54.59946043762481
43,c,54.59946043762481,54.59946043762481
44,c,54.59946043762481,54.59946043762481
45,t,54.59946043762481,54.59946043762481
46,c,54.59946043762481,54.59946043762481
47,c,54.59946043762481,54.59946043762481
48,c,54.59946043762481,54.59946043762481
49,c,54.59946043762481,54.59946043762481
50,c,54.59946043762481,54.59946043762481
51,c,54.59946043762481,54.59946043762481
52,c,54.59946043762481,54.59946043762481
53,c,54.59946043762481,54.59946043762481
54,c,54.59946043762481,54.59946043762481
55,c,11.772652441914154,21.9035157811483
56,t,54.59946043762481,54.59946043762481
57,c,54.59946043762481,54.59946043762481
58,c,54.59946043762481,54.59946043762481
59,t,54.59946043762481,54.59946043762481
60,c,54.59946043762481,54.59946043762481
61,c,54.59946043762481,54.59946043762481
62,t,54.59946043762481,54.59946043762481
63,c,54.59946043762481,54.59946043762481
64,c,54.59946043762481,54.59946043762481
65,c,54.59946043762481,54.59946043762481
66,c,54.59946043762481,54.59946043762481
67,c,54.59946043762481,54.59946043762481
68,c,54.59946043762481,54.59946043762481
69,c,54.59946043762481,54.59946043762481
70,c,54.59946043762481,54.59946043762481
71,t,54.59946043762481,54.59946043762481
72,c,54.59946043762481,54.59946043762481
73,t,54.59946043762481,54.59946043762481
74,c,54.59946043762481,54.59946043762481
75,c,54.59946043762481,54.59946043762481
76,c,54.59946043762481,54.59946043762481
77,t,54.59946043762481,54.59946043762481
78,c,54.59946043762481,54.59946043762481
79,c,54.59946043762481,54.59946043762481
80,c,54.59946043762481,54.59946043762481
81,c,54.59946043762481,54.59946043762481
82,c,54.59946043762481,54.59946043762481
83,c,54.59946043762481,54.59946043762481
84,c,54.59946043762481,54.59946043762481
85,c,54.59946043762481,54.59946043762481
86,c,54.59946043762481,54.59946043762481
87,c,54.59946043762481,54.59946043762481
88,c,54.59946043762481,54.59946043762481
89,t,54.59946043762481,54.59946043762481
90,c,54.59946043762481,54.59946043762481
91,c,54.59946043762481,54.59946043762481
92,c,54.59946043762481,54.59946043762481
93,c,54.59946043762481,54.59946043762481
94,c,54.59946043762481,54.59946043762481
95,c,54.59946043762481,54.59946043762481
96,c,54.59946043762481,54.59946043762481
97,c,54.59946043762481,54.59946043762481
98,t,54.59946043762481,54.59946043762481
99,t,54.59946043762481,54.59946043762481
100,c,54.59946043762481,54.59946043762481
101,c,54.59946043762481,54.59946043762481
102,c,54.59946043762481,54.59946043762481
103,c,54.59946043762481,54.59946043762481
104,c,6.596469015904511,54.59946043762481
105,c,54.59946043762481,54.59946043762481
106,c,54.59946043762481,54.59946043762481
107,c,54.59946043762481,54.59946043762481
108,t,54.59946043762481,54.59946043762481
109,c,54.59946043762481,54.59946043762481
110,c,54.59946043762481,54.59946043762481
111,c,54.59946043762481,54.59946043762481
112,c,54.59946043762481,54.59946043762481
113,c,54.59946043762481,54.59946043762481
114,c,54.59946043762481,54.59946043762481
115,t,54.59946043762481,54.59946043762481
116,c,54.59946043762481,54.59946043762481
117,t,54.59946043762481,54.59946043762481
118,t,54.59946043762481,54.59946043762481
119,c,54.59946043762481,54.59946043762481
120,c,54.59946043762481,54.59946043762481
121,c,54.59946043762481,54.59946043762481
122,t,54.59946043762481,54.59946043762481
123,c,54.59946043762481,54.59946043762481
124,c,54.59946043762481,54.59946043762481
125,c,54.59946043762481,54.59946043762481
126,c,54.59946043762481,54.59946043762481
127,c,54.59946043762481,54.59946043762481
128,c,54.59946043762481,54.59946043762481
129,c,54.59946043762481,54.59946043762481
130,c,54.59946043762481,54.59946043762481
131,c,54.59946043762481,54.59946043762481
132,c,54.59946043762481,54.59946043762481
133,c,54.59946043762481,54.59946043762481
134,c,54.59946043762481,54.59946043762481
135,c,54.59946043762481,54.59946043762481
136,c,54.59946043762481,54.59946043762481
137,c,54.59946043762481,54.59946043762481
138,c,54.59946043762481,54.59946043762481
139,c,54.59946043762481,54.59946043762481
140,c,54.59946043762481,54.59946043762481
141,c,54.59946043762481,54.59946043762481
142,c,54.59946043762481,54.59946043762481
143,c,54.59946043762481,54.59946043762481
144,c,54.59946043762481,54.59946043762481
145,c,54.59946043762481,54.59946043762481
146,c,54.59946043762481,54.59946043762481
147,c,54.59946043762481,54.59946043762481
148,c,54.59946043762481,54.59946043762481
149,na,-1,0
150,c,54.59946043762481,54.59946043762481
151,c,54.59946043762481,54.59946043762481
152,na,-1,0
153,c,54.59946043762481,54.59946043762481
154,t,54.59946043762481,54.59946043762481
155,c,54.59946043762481,54.59946043762481
156,c,54.59946043762481,54.59946043762481
157,c,54.59946043762481,54.59946043762481
158,c,54.59946043762481,54.59946043762481
159,c,54.59946043762481,54.59946043762481
160,c,54.59946043762481,54.59946043762481
161,c,54.59946043762481,54.59946043762481
162,c,54.59946043762481,54.59946043762481
163,c,54.59946043762481,54.59946043762481
164,c,54.59946043762481,54.59946043762481
165,c,54.59946043762481,54.59946043762481
166,t,54.59946043762481,54.59946043762481
167,t,54.59946043762481,54.59946043762481
168,c,2.954867420803388,9.021177827691572
169,c,54.59946043762481,54.59946043762481
170,c,54.59946043762481,54.59946043762481
171,c,54.59946043762481,54.59946043762481
172,t,54.59946043762481,54.59946043762481
173,c,54.59946043762481,54.59946043762481
174,c,54.59946043762481,54.59946043762481
175,t,54.59946043762481,54.59946043762481
176,na,-1,0
177,c,54.59946043762481,54.59946043762481
178,c,54.59946043762481,54.59946043762481
179,c,54.59946043762481,54.59946043762481
180,c,54.59946043762481,54.59946043762481
181,t,54.59946043762481,54.59946043762481
182,c,54.59946043762481,54.59946043762481
183,c,54.59946043762481,54.59946043762481
184,t,54.59946043762481,54.59946043762481
185,c,54.59946043762481,54.59946043762481
186,t,54.59946043762481,54.59946043762481
187,t,54.59946043762481,54.59946043762481
188,c,54.59946043762481,54.59946043762481
189,c,54.59946043762481,54.59946043762481
190,c,54.59946043762481,54.59946043762481
191,c,54.59946043762481,54.59946043762481
192,c,54.59946043762481,54.59946043762481
193,t,54.59946043762481,54.59946043762481
194,t,54.59946043762481,54.59946043762481
195,c,54.59946043762481,54.59946043762481
196,c,54.59946043762481,54.59946043762481
197,t,54.59946043762481,54.59946043762481
198,na,0.3630353723732421,3.768962954178131
199,c,54.59946043762481,54.59946043762481
200,c,54.59946043762481,54.59946043762481
201,c,54.59946043762481,54.59946043762481
202,t,54.59946043762481,54.59946043762481
203,c,54.59946043762481,54.59946043762481
204,c,54.59946043762481,54.59946043762481
205,c,54.59946043762481,54.59946043762481
206,c,54.59946043762481,54.59946043762481
207,c,54.59946043762481,54.59946043762481
208,c,54.59946043762481,54.59946043762481
209,c,54.59946043762481,54.59946043762481
210,t,54.59946043762481,54.59946043762481
211,c,54.59946043762481,54.59946043762481
212,c,54.59946043762481,54.59946043762481
213,t,54.59946043762481,54.59946043762481
214,c,54.59946043762481,54.59946043762481
215,t,54.59946043762481,54.59946043762481
216,na,-1,0
217,c,54.59946043762481,54.59946043762481
218,c,54.59946043762481,54.59946043762481
219,c,54.59946043762481,54.59946043762481
220,c,54.59946043762481,54.59946043762481
221,c,54.59946043762481,54.59946043762481
222,c,54.59946043762481,54.59946043762481
223,na,0,0.5417013404087246
224,t,54.59946043762481,54.59946043762481
225,c,54.59946043762481,54.59946043762481
226,t,54.59946043762481,54.59946043762481
227,c,54.59946043762481,54.59946043762481
228,c,54.59946043762481,54.59946043762481
229,c,13.425938267955363,20.422324417299873
230,c,54.59946043762481,54.59946043762481
231,c,54.59946043762481,54.59946043762481
232,c,54.59946043762481,54.59946043762481
233,t,54.59946043762481,54.59946043762481
234,c,54.59946043762481,54.59946043762481
235,c,54.59946043762481,54.59946043762481
236,t,54.59946043762481,54.59946043762481
237,c,54.59946043762481,54.59946043762481
238,c,54.59946043762481,54.59946043762481
239,c,54.59946043762481,54.59946043762481
240,c,54.59946043762481,54.59946043762481
241,c,54.59946043762481,54.59946043762481
242,c,54.59946043762481,54.59946043762481
243,t,54.59946043762481,54.59946043762481
244,t,54.59946043762481,54.59946043762481
245,c,54.59946043762481,54.59946043762481
246,c,54.59946043762481,54.59946043762481
247,c,54.59946043762481,54.59946043762481
248,c,54.59946043762481,54.59946043762481
249,c,54.59946043762481,54.59946043762481
250,c,54.59946043762481,54.59946043762481
251,t,54.59946043762481,54.59946043762481
252,t,54.59946043762481,54.59946043762481
253,c,54.59946043762481,54.59946043762481
254,c,54.59946043762481,54.59946043762481
255,c,54.59946043762481,54.59946043762481
256,c,54.59946043762481,54.59946043762481
257,c,54.59946043762481,54.59946043762481
258,c,54.59946043762481,54.59946043762481
259,c,54.59946043762481,54.59946043762481
260,c,54.59946043762481,54.59946043762481
261,t,54.59946043762481,54.59946043762481
262,c,54.59946043762481,54.59946043762481
263,c,54.59946043762481,54.59946043762481
264,t,54.59946043762481,54.59946043762481
265,c,54.59946043762481,54.59946043762481
266,c,54.59946043762481,54.59946043762481
267,c,54.59946043762481,54.59946043762481
268,t,54.59946043762481,54.59946043762481
269,c,54.59946043762481,54.59946043762481
270,c,54.59946043762481,54.59946043762481
271,c,54.59946043762481,54.59946043762481
272,c,54.59946043762481,54.59946043762481
273,c,54.59946043762481,54.59946043762481
274,c,54.59946043762481,54.59946043762481
275,c,54.59946043762481,54.59946043762481
276,c,54.59946043762481,54.59946043762481
277,c,54.59946043762481,54.59946043762481
278,t,54.59946043762481,54.59946043762481
279,c,54.59946043762481,54.59946043762481
280,c,54.59946043762481,54.59946043762481
281,c,54.59946043762481,54.59946043762481
282,c,54.59946043762481,54.59946043762481
283,c,54.59946043762481,54.59946043762481
284,c,54.59946043762481,54.59946043762481
285,c,54.59946043762481,54.59946043762481
286,c,54.59946043762481,54.59946043762481
287,c,54.59946043762481,54.59946043762481
288,c,54.59946043762481,54.59946043762481
289,c,54.59946043762481,54.59946043762481
290,c,54.59946043762481,54.59946043762481
291,c,54.59946043762481,54.59946043762481
292,c,54.59946043762481,54.59946043762481
293,c,54.59946043762481,54.59946043762481
294,c,54.59946043762481,54.59946043762481
295,t,54.59946043762481,54.59946043762481
296,t,54.59946043762481,54.59946043762481
297,c,54.59946043762481,54.59946043762481
298,c,54.59946043762481,54.59946043762481
299,c,54.59946043762481,54.59946043762481
300,c,54.59946043762481,54.59946043762481
301,c,54.59946043762481,54.59946043762481
302,c,54.59946043762481,54.59946043762481
303,t,54.59946043762481,54.59946043762481
304,c,54.59946043762481,54.59946043762481
305,t,54.59946043762481,54.59946043762481
306,c,54.59946043762481,54.59946043762481
307,c,54.59946043762481,54.59946043762481
308,c,54.59946043762481,54.59946043762481
309,c,54.59946043762481,54.59946043762481
310,c,54.59946043762481,54.59946043762481
311,t,54.59946043762481,54.59946043762481
312,c,54.59946043762481,54.59946043762481
313,t,54.59946043762481,54.59946043762481
314,c,54.59946043762481,54.59946043762481
315,t,54.59946043762481,54.59946043762481
316,c,54.59946043762481,54.59946043762481
317,t,54.59946043762481,54.59946043762481
318,c,54.59946043762481,54.59946043762481
319,c,54.59946043762481,54.59946043762481
320,c,54.59946043762481,54.59946043762481
321,c,54.59946043762481,54.59946043762481
322,c,18.91007688681131,24.63398757773956
323,c,54.59946043762481,54.59946043762481
324,c,54.59946043762481,54.59946043762481
325,c,54.59946043762481,54.59946043762481
326,c,54.59946043762481,54.59946043762481
327,c,54.59946043762481,54.59946043762481
328,t,54.59946043762481,54.59946043762481
329,c,54.59946043762481,54.59946043762481
330,c,54.59946043762481,54.59946043762481
331,t,54.59946043762481,54.59946043762481
332,c,54.59946043762481,54.59946043762481
333,c,54.59946043762481,54.59946043762481
334,t,54.59946043762481,54.59946043762481
335,c,54.59946043762481,54.59946043762481
336,c,54.59946043762481,54.59946043762481
337,t,54.59946043762481,54.59946043762481
338,na,6.621435407971713,7.555392685401628
339,c,54.59946043762481,54.59946043762481
340,c,54.59946043762481,54.59946043762481
341,c,54.59946043762481,54.59946043762481
342,c,54.59946043762481,54.59946043762481
343,c,54.59946043762481,54.59946043762481
344,c,54.59946043762481,54.59946043762481
345,c,54.59946043762481,54.59946043762481
346,c,54.59946043762481,54.59946043762481
347,c,54.59946043762481,54.59946043762481
348,c,54.59946043762481,54.59946043762481
349,c,54.59946043762481,54.59946043762481
350,c,54.59946043762481,54.59946043762481
351,c,54.59946043762481,54.59946043762481
352,c,54.59946043762481,54.59946043762481
353,c,54.59946043762481,54.59946043762481
354,t,54.59946043762481,54.59946043762481
355,c,54.59946043762481,54.59946043762481
356,c,54.59946043762481,54.59946043762481
357,c,54.59946043762481,54.59946043762481
358,t,54.59946043762481,54.59946043762481
359,t,54.59946043762481,54.59946043762481
360,c,54.59946043762481,54.59946043762481
361,c,54.59946043762481,54.59946043762481
362,c,54.59946043762481,54.59946043762481
363,c,54.59946043762481,54.59946043762481
364,c,54.59946043762481,54.59946043762481
365,c,54.59946043762481,54.59946043762481
366,t,54.59946043762481,54.59946043762481
367,c,54.59946043762481,54.59946043762481
368,c,54.59946043762481,54.59946043762481
369,c,54.59946043762481,54.59946043762481
370,t,54.59946043762481,54.59946043762481
371,c,54.59946043762481,54.59946043762481
372,c,54.59946043762481,54.59946043762481
373,c,54.59946043762481,54.59946043762481
374,t,54.59946043762481,54.59946043762481
375,t,54.59946043762481,54.59946043762481
376,c,54.59946043762481,54.59946043762481
377,c,54.59946043762481,54.59946043762481
378,c,54.59946043762481,54.59946043762481
379,c,17.0668600896512,28.682986499821222
380,c,54.59946043762481,54.59946043762481
381,c,54.59946043762481,54.59946043762481
382,c,54.59946043762481,54.59946043762481
383,c,54.59946043762481,54.59946043762481
384,t,54.59946043762481,54.59946043762481
385,c,54.59946043762481,54.59946043762481
386,t,54.59946043762481,54.59946043762481
387,c,54.59946043762481,54.59946043762481
388,c,2.1773703095256396,5.04120959847562
389,c,54.59946043762481,54.59946043762481
390,c,54.59946043762481,54.59946043762481
391,c,54.59946043762481,54.59946043762481
392,t,54.59946043762481,54.59946043762481
393,c,54.59946043762481,54.59946043762481
394,c,54.59946043762481,54.59946043762481
395,c,54.59946043762481,54.59946043762481
396,c,54.59946043762481,54.59946043762481
397,c,54.59946043762481,54.59946043762481
398,c,54.59946043762481,54.59946043762481
399,c,54.59946043762481,54.59946043762481
400,c,54.59946043762481,54.59946043762481
401,t,54.59946043762481,54.59946043762481
402,c,54.59946043762481,54.59946043762481
403,c,54.59946043762481,54.59946043762481
404,na,-1,0
405,c,54.59946043762481,54.59946043762481
406,c,54.59946043762481,54.59946043762481
407,c,54.59946043762481,54.59946043762481
408,t,54.59946043762481,54.59946043762481
409,c,54.59946043762481,54.59946043762481
410,t,54.59946043762481,54.59946043762481
411,c,54.59946043762481,54.59946043762481
412,c,54.59946043762481,54.59946043762481
413,c,54.59946043762481,54.59946043762481
414,t,54.59946043762481,54.59946043762481
415,t,54.59946043762481,54.59946043762481
416,c,54.59946043762481,54.59946043762481
417,c,54.59946043762481,54.59946043762481
418,c,54.59946043762481,54.59946043762481
419,na,-1,0
420,c,54.59946043762481,54.59946043762481
421,c,54.59946043762481,54.59946043762481
422,c,54.59946043762481,54.59946043762481
423,t,54.59946043762481,54.59946043762481
424,t,54.59946043762481,54.59946043762481
425,t,54.59946043762481,54.59946043762481
426,c,54.59946043762481,54.59946043762481
427,c,54.59946043762481,54.59946043762481
428,c,54.59946043762481,54.59946043762481
429,c,54.59946043762481,54.59946043762481
430,c,54.59946043762481,54.59946043762481
431,c,54.59946043762481,54.59946043762481
432,t,54.59946043762481,54.59946043762481
433,t,54.59946043762481,54.59946043762481
434,c,54.59946043762481,54.59946043762481
435,c,54.59946043762481,54.59946043762481
436,t,54.59946043762481,54.59946043762481
437,c,54.59946043762481,54.59946043762481
438,c,54.59946043762481,54.59946043762481
439,c,54.59946043762481,54.59946043762481
440,c,54.59946043762481,54.59946043762481
441,c,54.59946043762481,54.59946043762481
442,c,54.59946043762481,54.59946043762481
443,c,54.59946043762481,54.59946043762481
444,c,54.59946043762481,54.59946043762481
445,t,54.59946043762481,54.59946043762481
446,c,54.59946043762481,54.59946043762481
447,c,54.59946043762481,54.59946043762481
448,t,54.59946043762481,54.59946043762481
449,c,54.59946043762481,54.59946043762481
450,c,54.59946043762481,54.59946043762481
451,c,54.59946043762481,54.59946043762481
452,c,54.59946043762481,54.59946043762481
453,c,54.59946043762481,54.59946043762481
454,t,54.59946043762481,54.59946043762481
455,t,54.59946043762481,54.59946043762481
456,c,54.59946043762481,54.59946043762481
457,c,54.59946043762481,54.59946043762481
458,c,54.59946043762481,54.59946043762481
459,c,54.59946043762481,54.59946043762481
460,c,54.59946043762481,54.59946043762481
461,c,54.59946043762481,54.59946043762481
462,t,54.59946043762481,54.59946043762481
463,c,54.59946043762481,54.59946043762481
464,c,54.59946043762481,54.59946043762481
465,c,54.59946043762481,54.59946043762481
466,c,54.59946043762481,54.59946043762481
467,c,54.59946043762481,54.59946043762481
468,na,3.548445093104693,5.765500857147854
469,c,54.59946043762481,54.59946043762481
470,t,54.59946043762481,54.59946043762481
471,c,54.59946043762481,54.59946043762481
472,c,54.59946043762481,54.59946043762481
473,t,54.59946043762481,54.59946043762481
474,c,54.59946043762481,54.59946043762481
475,t,54.59946043762481,54.59946043762481
476,t,54.59946043762481,54.59946043762481
477,c,54.59946043762481,54.59946043762481
478,c,54.59946043762481,54.59946043762481
479,c,54.59946043762481,54.59946043762481
480,c,54.59946043762481,54.59946043762481
481,t,54.59946043762481,54.59946043762481
482,c,54.59946043762481,54.59946043762481
483,c,54.59946043762481,54.59946043762481
484,c,54.59946043762481,54.59946043762481
485,c,54.59946043762481,54.59946043762481
486,c,54.59946043762481,54.59946043762481
487,c,54.59946043762481,54.59946043762481
488,c,54.59946043762481,54.59946043762481
489,c,54.59946043762481,54.59946043762481
490,c,4.351826630713879,5.061280012202947
491,c,54.59946043762481,54.59946043762481
492,c,54.59946043762481,54.59946043762481
493,c,54.59946043762481,54.59946043762481
494,c,54.59946043762481,54.59946043762481
495,c,54.59946043762481,54.59946043762481
496,c,54.59946043762481,54.59946043762481
497,c,54.59946043762481,54.59946043762481
498,c,54.59946043762481,54.59946043762481
499,c,54.59946043762481,54.59946043762481
500,t,54.59946043762481,54.59946043762481
501,c,54.59946043762481,54.59946043762481
502,c,54.59946043762481,54.59946043762481
503,c,54.59946043762481,54.59946043762481
504,c,54.59946043762481,54.59946043762481
505,c,54.59946043762481,54.59946043762481
506,c,54.59946043762481,54.59946043762481
507,c,54.59946043762481,54.59946043762481
508,c,54.59946043762481,54.59946043762481
509,c,54.59946043762481,54.59946043762481
510,c,54.59946043762481,54.59946043762481
511,t,54.59946043762481,54.59946043762481
512,c,54.59946043762481,54.59946043762481
513,t,54.59946043762481,54.59946043762481
514,c,54.59946043762481,54.59946043762481
515,c,54.59946043762481,54.59946043762481
516,c,54.59946043762481,54.59946043762481
517,t,54.59946043762481,54.59946043762481
518,c,54.59946043762481,54.59946043762481
519,c,54.59946043762481,54.59946043762481
520,c,54.59946043762481,54.59946043762481
521,c,54.59946043762481,54.59946043762481
522,t,54.59946043762481,54.59946043762481
523,c,54.59946043762481,54.59946043762481
524,t,54.59946043762481,54.59946043762481
525,t,54.59946043762481,54.59946043762481
526,c,54.59946043762481,54.59946043762481
527,c,54.59946043762481,54.59946043762481
528,t,54.59946043762481,54.59946043762481
529,c,54.59946043762481,54.59946043762481
530,c,54.59946043762481,54.59946043762481
531,c,54.59946043762481,54.59946043762481
532,c,54.59946043762481,54.59946043762481
533,t,54.59946043762481,54.59946043762481
534,c,54.59946043762481,54.59946043762481
535,c,54.59946043762481,54.59946043762481
536,c,54.59946043762481,54.59946043762481
537,c,54.59946043762481,54.59946043762481
538,c,54.59946043762481,54.59946043762481
539,na,2.1710900472257317,7.233399970953842
540,t,54.59946043762481,54.59946043762481
541,c,54.59946043762481,54.59946043762481
542,c,54.59946043762481,54.59946043762481
543,c,54.59946043762481,54.59946043762481
544,c,54.59946043762481,54.59946043762481
545,c,54.59946043762481,54.59946043762481
546,c,54.59946043762481,54.59946043762481
547,c,54.59946043762481,54.59946043762481
548,c,54.59946043762481,54.59946043762481
549,c,54.59946043762481,54.59946043762481
550,c,54.59946043762481,54.59946043762481
551,c,54.59946043762481,54.59946043762481
552,c,54.59946043762481,54.59946043762481
553,c,54.59946043762481,54.59946043762481
554,c,54.59946043762481,54.59946043762481
555,c,54.59946043762481,54.59946043762481
556,c,54.59946043762481,54.59946043762481
557,c,54.59946043762481,54.59946043762481
558,t,54.59946043762481,54.59946043762481
559,t,54.59946043762481,54.59946043762481
560,t,54.59946043762481,54.59946043762481
561,c,54.59946043762481,54.59946043762481
562,c,54.59946043762481,54.59946043762481
563,c,54.59946043762481,54.59946043762481
564,t,54.59946043762481,54.59946043762481
565,c,54.59946043762481,54.59946043762481
566,t,54.59946043762481,54.59946043762481
567,c,54.59946043762481,54.59946043762481
568,c,54.59946043762481,54.59946043762481
569,c,54.59946043762481,54.59946043762481
570,c,54.59946043762481,54.59946043762481
571,c,54.59946043762481,54.59946043762481
572,c,54.59946043762481,54.59946043762481
573,c,54.59946043762481,54.59946043762481
574,c,54.59946043762481,54.59946043762481
575,c,54.59946043762481,54.59946043762481
576,c,54.59946043762481,54.59946043762481
577,c,54.59946043762481,54.59946043762481
578,c,54.59946043762481,54.59946043762481
579,c,54.59946043762481,54.59946043762481
580,c,54.59946043762481,54.59946043762481
581,t,54.59946043762481,54.59946043762481
582,na,0,10.318293995207291
583,c,54.59946043762481,54.59946043762481
584,t,54.59946043762481,54.59946043762481
585,c,54.59946043762481,54.59946043762481
586,c,54.59946043762481,54.59946043762481
587,t,54.59946043762481,54.59946043762481
588,na,6.794184441693113,6.951387213427951
589,c,54.59946043762481,54.59946043762481
590,c,54.59946043762481,54.59946043762481
591,c,54.59946043762481,54.59946043762481
592,c,54.59946043762481,54.59946043762481
593,c,54.59946043762481,54.59946043762481
594,c,54.59946043762481,54.59946043762481
595,c,54.59946043762481,54.59946043762481
596,c,54.59946043762481,54.59946043762481
597,c,54.59946043762481,54.59946043762481
598,t,54.59946043762481,54.59946043762481
599,t,54.59946043762481,54.59946043762481
600,t,54.59946043762481,54.59946043762481
601,c,54.59946043762481,54.59946043762481
602,c,54.59946043762481,54.59946043762481
603,c,54.59946043762481,54.59946043762481
604,c,54.59946043762481,54.59946043762481
605,c,54.59946043762481,54.59946043762481
606,t,54.59946043762481,54.59946043762481
607,c,54.59946043762481,54.59946043762481
608,t,54.59946043762481,54.59946043762481
609,t,54.59946043762481,54.59946043762481
610,c,54.59946043762481,54.59946043762481
611,c,54.59946043762481,54.59946043762481
612,c,54.59946043762481,54.59946043762481
613,c,54.59946043762481,54.59946043762481
614,c,54.59946043762481,54.59946043762481
615,t,54.59946043762481,54.59946043762481
616,c,54.59946043762481,54.59946043762481
617,c,54.59946043762481,54.59946043762481
618,c,54.59946043762481,54.59946043762481
619,c,54.59946043762481,54.59946043762481
620,t,54.59946043762481,54.59946043762481
621,c,54.59946043762481,54.59946043762481
622,c,54.59946043762481,54.59946043762481
623,t,54.59946043762481,54.59946043762481
624,na,0,4.749687126426803
625,c,54.59946043762481,54.59946043762481
626,t,54.59946043762481,54.59946043762481
627,c,54.59946043762481,54.59946043762481
628,c,54.59946043762481,54.59946043762481
629,c,54.59946043762481,54.59946043762481
630,c,54.59946043762481,54.59946043762481
631,c,54.59946043762481,54.59946043762481
632,t,54.59946043762481,54.59946043762481
633,c,54.59946043762481,54.59946043762481
634,c,54.59946043762481,54.59946043762481
635,c,54.59946043762481,54.59946043762481
636,c,54.59946043762481,54.59946043762481
637,c,54.59946043762481,54.59946043762481
638,c,54.59946043762481,54.59946043762481
639,c,54.59946043762481,54.59946043762481
640,c,54.59946043762481,54.59946043762481
641,c,54.59946043762481,54.59946043762481
642,c,54.59946043762481,54.59946043762481
643,c,54.59946043762481,54.59946043762481
644,c,54.59946043762481,54.59946043762481
645,c,54.59946043762481,54.59946043762481
646,c,54.59946043762481,54.59946043762481
647,t,54.59946043762481,54.59946043762481
648,t,54.59946043762481,54.59946043762481
649,c,54.59946043762481,54.59946043762481
650,c,54.59946043762481,54.59946043762481
651,c,54.59946043762481,54.59946043762481
652,c,54.59946043762481,54.59946043762481
653,c,11.192422301051696,13.64738094919913
654,c,54.59946043762481,54.59946043762481
655,c,54.59946043762481,54.59946043762481
656,c,54.59946043762481,54.59946043762481
657,c,54.59946043762481,54.59946043762481
658,c,54.59946043762481,54.59946043762481
659,c,54.59946043762481,54.59946043762481
660,c,54.59946043762481,54.59946043762481
661,t,54.59946043762481,54.59946043762481
662,c,54.59946043762481,54.59946043762481
663,c,54.59946043762481,54.59946043762481
664,c,54.59946043762481,54.59946043762481
665,c,54.59946043762481,54.59946043762481
666,c,2.2383613092769163,3.1154765463882224
667,c,54.59946043762481,54.59946043762481
668,c,54.59946043762481,54.59946043762481
669,c,54.59946043762481,54.59946043762481
670,c,54.59946043762481,54.59946043762481
671,c,54.59946043762481,54.59946043762481
672,c,54.59946043762481,54.59946043762481
673,t,54.59946043762481,54.59946043762481
674,t,54.59946043762481,54.59946043762481
675,c,54.59946043762481,54.59946043762481
676,c,54.59946043762481,54.59946043762481
677,c,54.59946043762481,54.59946043762481
678,c,54.59946043762481,54.59946043762481
679,c,54.59946043762481,54.59946043762481
680,t,54.59946043762481,54.59946043762481
681,c,54.59946043762481,54.59946043762481
682,c,54.59946043762481,54.59946043762481
683,t,54.59946043762481,54.59946043762481
684,c,54.59946043762481,54.59946043762481
685,c,54.59946043762481,54.59946043762481
686,t,54.59946043762481,54.59946043762481
687,c,54.59946043762481,54.59946043762481
688,t,54.59946043762481,54.59946043762481
689,t,54.59946043762481,54.59946043762481
690,c,54.59946043762481,54.59946043762481
691,c,54.59946043762481,54.59946043762481
692,c,54.59946043762481,54.59946043762481
693,c,54.59946043762481,54.59946043762481
694,t,54.59946043762481,54.59946043762481
695,c,10.6066347038578,54.59946043762481
696,c,54.59946043762481,54.59946043762481
697,c,54.59946043762481,54.59946043762481
698,c,54.59946043762481,54.59946043762481
699,t,54.59946043762481,54.59946043762481
700,c,54.59946043762481,54.59946043762481
701,t,54.59946043762481,54.59946043762481
702,c,54.59946043762481,54.59946043762481
703,c,54.59946043762481,54.59946043762481
704,c,54.59946043762481,54.59946043762481
705,c,54.59946043762481,54.59946043762481
706,c,54.59946043762481,54.59946043762481
707,c,54.59946043762481,54.59946043762481
708,t,54.59946043762481,54.59946043762481
709,t,54.59946043762481,54.59946043762481
710,c,54.59946043762481,54.59946043762481
711,c,54.59946043762481,54.59946043762481
712,t,54.59946043762481,54.59946043762481
713,c,54.59946043762481,54.59946043762481
714,c,54.59946043762481,54.59946043762481
715,c,54.59946043762481,54.59946043762481
716,t,54.59946043762481,54.59946043762481
717,c,54.59946043762481,54.59946043762481
718,c,54.59946043762481,54.59946043762481
719,t,54.59946043762481,54.59946043762481
720,c,15.42817431890512,15.875543102404315
721,c,54.59946043762481,54.59946043762481
722,c,54.59946043762481,54.59946043762481
723,c,54.59946043762481,54.59946043762481
724,c,54.59946043762481,54.59946043762481
725,c,54.59946043762481,54.59946043762481
726,t,54.59946043762481,54.59946043762481
727,c,54.59946043762481,54.59946043762481
728,t,54.59946043762481,54.59946043762481
729,c,54.59946043762481,54.59946043762481
730,c,54.59946043762481,54.59946043762481
731,c,54.59946043762481,54.59946043762481
732,c,54.59946043762481,54.59946043762481
733,c,54.59946043762481,54.59946043762481
734,t,54.59946043762481,54.59946043762481
735,c,54.59946043762481,54.59946043762481
736,c,54.59946043762481,54.59946043762481
737,c,54.59946043762481,54.59946043762481
738,t,54.59946043762481,54.59946043762481
739,c,54.59946043762481,54.59946043762481
740,c,54.59946043762481,54.59946043762481
741,c,54.59946043762481,54.59946043762481
742,t,54.59946043762481,54.59946043762481
743,c,54.59946043762481,54.59946043762481
744,t,54.59946043762481,54.59946043762481
745,t,54.59946043762481,54.59946043762481
746,t,54.59946043762481,54.59946043762481
747,t,54.59946043762481,54.59946043762481
748,c,54.59946043762481,54.59946043762481
749,c,54.59946043762481,54.59946043762481
750,c,54.59946043762481,54.59946043762481
751,t,54.59946043762481,54.59946043762481
752,c,54.59946043762481,54.59946043762481
753,c,54.59946043762481,54.59946043762481
754,c,54.59946043762481,54.59946043762481
755,t,54.59946043762481,54.59946043762481
756,t,54.59946043762481,54.59946043762481
757,c,54.59946043762481,54.59946043762481
758,c,54.59946043762481,54.59946043762481
759,c,54.59946043762481,54.59946043762481
760,c,54.59946043762481,54.59946043762481
761,c,54.59946043762481,54.59946043762481
762,c,54.59946043762481,54.59946043762481
763,c,54.59946043762481,54.59946043762481
764,c,54.59946043762481,54.59946043762481
765,c,54.59946043762481,54.59946043762481
766,c,54.59946043762481,54.59946043762481
767,t,54.59946043762481,54.59946043762481
768,c,54.59946043762481,54.59946043762481
769,c,54.59946043762481,54.59946043762481
770,t,54.59946043762481,54.59946043762481
771,c,54.59946043762481,54.59946043762481
772,c,54.59946043762481,54.59946043762481
773,t,54.59946043762481,54.59946043762481
774,c,54.59946043762481,54.59946043762481
775,c,54.59946043762481,54.59946043762481
776,c,54.59946043762481,54.59946043762481
777,c,54.59946043762481,54.59946043762481
778,c,8.926194611628395,10.70152004967199
779,c,54.59946043762481,54.59946043762481
780,c,54.59946043762481,54.59946043762481
781,c,54.59946043762481,54.59946043762481
782,c,54.59946043762481,54.59946043762481
783,t,54.59946043762481,54.59946043762481
784,c,54.59946043762481,54.59946043762481
785,t,54.59946043762481,54.59946043762481
786,c,54.59946043762481,54.59946043762481
787,c,54.59946043762481,54.59946043762481
788,c,54.59946043762481,54.59946043762481
789,c,54.59946043762481,54.59946043762481
790,t,54.59946043762481,54.59946043762481
791,c,54.59946043762481,54.59946043762481
792,c,54.59946043762481,54.59946043762481
793,na,-1,0
794,c,54.59946043762481,54.59946043762481
795,c,54.59946043762481,54.59946043762481
796,c,54.59946043762481,54.59946043762481
797,t,54.59946043762481,54.59946043762481
798,c,54.59946043762481,54.59946043762481
799,c,54.59946043762481,54.59946043762481
800,c,54.59946043762481,54.59946043762481
801,c,54.59946043762481,54.59946043762481
802,c,54.59946043762481,54.59946043762481
803,t,54.59946043762481,54.59946043762481
804,c,54.59946043762481,54.59946043762481
805,c,54.59946043762481,54.59946043762481
806,c,54.59946043762481,54.59946043762481
807,t,54.59946043762481,54.59946043762481
808,c,54.59946043762481,54.59946043762481
809,c,54.59946043762481,54.59946043762481
810,c,54.59946043762481,54.59946043762481
811,c,54.59946043762481,54.59946043762481
812,c,54.59946043762481,54.59946043762481
813,c,54.59946043762481,54.59946043762481
814,c,54.59946043762481,54.59946043762481
815,t,54.59946043762481,54.59946043762481
816,t,54.59946043762481,54.59946043762481
817,c,54.59946043762481,54.59946043762481
818,c,54.59946043762481,54.59946043762481
819,c,54.59946043762481,54.59946043762481
820,c,54.59946043762481,54.59946043762481
821,c,54.59946043762481,54.59946043762481
822,c,54.59946043762481,54.59946043762481
823,t,54.59946043762481,54.59946043762481
824,c,54.59946043762481,54.59946043762481
825,c,54.59946043762481,54.59946043762481
826,c,54.59946043762481,54.59946043762481
827,c,54.59946043762481,54.59946043762481
828,c,54.59946043762481,54.59946043762481
829,c,54.59946043762481,54.59946043762481
830,c,54.59946043762481,54.59946043762481
831,c,7.056771742299158,10.466610971975175
832,c,54.59946043762481,54.59946043762481
833,c,54.59946043762481,54.59946043762481
834,na,1.0255792098977066,6.462798645123687
835,c,54.59946043762481,54.59946043762481
836,c,54.59946043762481,54.59946043762481
837,c,54.59946043762481,54.59946043762481
838,t,54.59946043762481,54.59946043762481
839,c,54.59946043762481,54.59946043762481
840,t,54.59946043762481,54.59946043762481
841,c,54.59946043762481,54.59946043762481
842,c,54.59946043762481,54.59946043762481
843,c,54.59946043762481,54.59946043762481
844,c,54.59946043762481,54.59946043762481
845,c,54.59946043762481,54.59946043762481
846,c,54.59946043762481,54.59946043762481
847,c,54.59946043762481,54.59946043762481
848,c,54.59946043762481,54.59946043762481
849,c,54.59946043762481,54.59946043762481
850,c,54.59946043762481,54.59946043762481
851,c,54.59946043762481,54.59946043762481
852,c,54.59946043762481,54.59946043762481
853,c,54.59946043762481,54.59946043762481
854,c,54.59946043762481,54.59946043762481
855,c,54.59946043762481,54.59946043762481
856,c,54.59946043762481,54.59946043762481
857,c,54.59946043762481,54.59946043762481
858,c,54.59946043762481,54.59946043762481
859,t,54.59946043762481,54.59946043762481
860,c,54.59946043762481,54.59946043762481
861,c,54.59946043762481,54.59946043762481
862,t,54.59946043762481,54.59946043762481
863,t,54.59946043762481,54.59946043762481
864,c,54.59946043762481,54.59946043762481
865,c,54.59946043762481,54.59946043762481
866,t,54.59946043762481,54.59946043762481
867,c,54.59946043762481,54.59946043762481
868,c,54.59946043762481,54.59946043762481
869,t,54.59946043762481,54.59946043762481
870,c,54.59946043762481,54.59946043762481
871,t,54.59946043762481,54.59946043762481
872,c,54.59946043762481,54.59946043762481
873,c,54.59946043762481,54.59946043762481
874,c,54.59946043762481,54.59946043762481
875,c,54.59946043762481,54.59946043762481
876,c,54.59946043762481,54.59946043762481
877,c,54.59946043762481,54.59946043762481
878,c,54.59946043762481,54.59946043762481
879,c,54.59946043762481,54.59946043762481
880,c,54.59946043762481,54.59946043762481
881,c,54.59946043762481,54.59946043762481
882,c,7.2255316446004585,8.966290525875875
883,c,54.59946043762481,54.59946043762481
884,c,54.59946043762481,54.59946043762481
885,c,54.59946043762481,54.59946043762481
886,c,54.59946043762481,54.59946043762481
887,c,54.59946043762481,54.59946043762481
888,c,54.59946043762481,54.59946043762481
889,c,54.59946043762481,54.59946043762481
890,c,54.59946043762481,54.59946043762481
891,c,54.59946043762481,54.59946043762481
892,c,54.59946043762481,54.59946043762481
893,t,54.59946043762481,54.59946043762481
894,t,54.59946043762481,54.59946043762481
895,c,54.59946043762481,54.59946043762481
896,c,54.59946043762481,54.59946043762481
897,c,54.59946043762481,54.59946043762481
898,c,54.59946043762481,54.59946043762481
899,t,54.59946043762481,54.59946043762481
900,c,54.59946043762481,54.59946043762481
901,c,54.59946043762481,54.59946043762481
902,t,54.59946043762481,54.59946043762481
903,t,54.59946043762481,54.59946043762481
904,t,54.59946043762481,54.59946043762481
905,c,54.59946043762481,54.59946043762481
906,c,54.59946043762481,54.59946043762481
907,t,54.59946043762481,54.59946043762481
908,c,54.59946043762481,54.59946043762481
909,c,54.59946043762481,54.59946043762481
910,c,54.59946043762481,54.59946043762481
911,c,54.59946043762481,54.59946043762481
912,c,54.59946043762481,54.59946043762481
913,c,54.59946043762481,54.59946043762481
914,c,54.59946043762481,54.59946043762481
915,t,54.59946043762481,54.59946043762481
916,c,54.59946043762481,54.59946043762481
917,c,54.59946043762481,54.59946043762481
918,c,54.59946043762481,54.59946043762481
919,t,54.59946043762481,54.59946043762481
920,c,54.59946043762481,54.59946043762481
921,t,54.59946043762481,54.59946043762481
922,c,54.59946043762481,54.59946043762481
923,c,54.59946043762481,54.59946043762481
924,c,54.59946043762481,54.59946043762481
925,c,54.59946043762481,54.59946043762481
926,c,54.59946043762481,54.59946043762481
927,c,54.59946043762481,54.59946043762481
928,c,54.59946043762481,54.59946043762481
929,t,54.59946043762481,54.59946043762481
930,t,54.59946043762481,54.59946043762481
931,t,54.59946043762481,54.59946043762481
932,c,54.59946043762481,54.59946043762481
933,na,5.625701807833662,11.216509352245268
934,c,54.59946043762481,54.59946043762481
935,c,54.59946043762481,54.59946043762481
936,c,54.59946043762481,54.59946043762481
937,c,54.59946043762481,54.59946043762481
938,c,54.59946043762481,54.59946043762481
939,c,54.59946043762481,54.59946043762481
940,c,54.59946043762481,54.59946043762481
941,c,54.59946043762481,54.59946043762481
942,c,54.59946043762481,54.59946043762481
943,c,54.59946043762481,54.59946043762481
944,c,54.59946043762481,54.59946043762481
945,c,8.004240042126918,11.622293238684355
946,t,54.59946043762481,54.59946043762481
947,c,54.59946043762481,54.59946043762481
948,c,54.59946043762481,54.59946043762481
949,c,54.59946043762481,54.59946043762481
950,t,54.59946043762481,54.59946043762481
951,c,54.59946043762481,54.59946043762481
952,c,54.59946043762481,54.59946043762481
953,c,54.59946043762481,54.59946043762481
954,t,54.59946043762481,54.59946043762481
955,c,54.59946043762481,54.59946043762481
956,c,54.59946043762481,54.59946043762481
957,c,54.59946043762481,54.59946043762481
958,t,54.59946043762481,54.59946043762481
959,t,54.59946043762481,54.59946043762481
960,c,54.59946043762481,54.59946043762481
961,c,54.59946043762481,54.59946043762481
962,c,54.59946043762481,54.59946043762481
963,c,54.59946043762481,54.59946043762481
964,c,9.767814923066489,21.951194335264777
965,c,54.59946043762481,54.59946043762481
966,c,54.59946043762481,54.59946043762481
967,t,54.59946043762481,54.59946043762481
968,c,54.59946043762481,54.59946043762481
969,c,54.59946043762481,54.59946043762481
970,c,54.59946043762481,54.59946043762481
971,c,54.59946043762481,54.59946043762481
972,c,54.59946043762481,54.59946043762481
973,c,54.59946043762481,54.59946043762481
974,t,54.59946043762481,54.59946043762481
975,c,54.59946043762481,54.59946043762481
976,c,54.59946043762481,54.59946043762481
977,c,54.59946043762481,54.59946043762481
978,c,54.59946043762481,54.59946043762481
979,t,54.59946043762481,54.59946043762481
980,c,54.59946043762481,54.59946043762481
981,c,54.59946043762481,54.59946043762481
982,c,54.59946043762481,54.59946043762481
983,t,54.59946043762481,54.59946043762481
984,c,54.59946043762481,54.59946043762481
985,c,54.59946043762481,54.59946043762481
986,c,54.59946043762481,54.59946043762481
987,c,54.59946043762481,54.59946043762481
988,t,54.59946043762481,54.59946043762481
989,t,54.59946043762481,54.59946043762481
990,t,54.59946043762481,54.59946043762481
991,c,54.59946043762481,54.59946043762481
992,c,54.59946043762481,54.59946043762481
993,t,54.59946043762481,54.59946043762481
994,c,54.59946043762481,54.59946043762481
995,t,54.59946043762481,54.59946043762481
996,c,54.59946043762481,54.59946043762481
997,c,54.59946043762481,54.59946043762481
998,t,54.59946043762481,54.59946043762481
999,t,54.59946043762481,54.59946043762481
1000,c,54.59946043762481,54.59946043762481
1001,c,54.59946043762481,54.59946043762481
1002,c,54.59946043762481,54.59946043762481
1003,c,54.59946043762481,54.59946043762481
1004,c,54.59946043762481,54.59946043762481
1005,t,54.59946043762481,54.59946043762481
1006,c,54.59946043762481,54.59946043762481
1007,c,54.59946043762481,54.59946043762481
1008,c,54.59946043762481,54.59946043762481
1009,c,54.59946043762481,54.59946043762481
1010,c,54.59946043762481,54.59946043762481
1011,c,54.59946043762481,54.59946043762481
1012,c,54.59946043762481,54.59946043762481
1013,t,54.59946043762481,54.59946043762481
1014,c,54.59946043762481,54.59946043762481
1015,c,54.59946043762481,54.59946043762481
1016,c,54.59946043762481,54.59946043762481
1017,c,54.59946043762481,54.59946043762481
1018,c,54.59946043762481,54.59946043762481
1019,c,54.59946043762481,54.59946043762481
1020,c,54.59946043762481,54.59946043762481
1021,c,54.59946043762481,54.59946043762481
1022,c,54.59946043762481,54.59946043762481
1023,c,54.59946043762481,54.59946043762481
1024,c,54.59946043762481,54.59946043762481
1025,c,54.59946043762481,54.59946043762481
1026,c,54.59946043762481,54.59946043762481
1027,c,54.59946043762481,54.59946043762481
1028,c,54.59946043762481,54.59946043762481
1029,c,54.59946043762481,54.59946043762481
1030,c,54.59946043762481,54.59946043762481
1031,t,54.59946043762481,54.59946043762481
1032,c,54.59946043762481,54.59946043762481
1033,c,54.59946043762481,54.59946043762481
1034,t,54.59946043762481,54.59946043762481
1035,c,54.59946043762481,54.59946043762481
1036,c,54.59946043762481,54.59946043762481
1037,c,54.59946043762481,54.59946043762481
1038,c,54.59946043762481,54.59946043762481
1039,c,54.59946043762481,54.59946043762481
1040,c,54.59946043762481,54.59946043762481
1041,t,54.59946043762481,54.59946043762481
1042,c,54.59946043762481,54.59946043762481
1043,c,54.59946043762481,54.59946043762481
1044,t,54.59946043762481,54.59946043762481
1045,c,54.59946043762481,54.59946043762481
1046,t,54.59946043762481,54.59946043762481
1047,c,54.59946043762481,54.59946043762481
1048,c,54.59946043762481,54.59946043762481
1049,na,0.1433394192152924,3.4443611857735235
1050,c,54.59946043762481,54.59946043762481
1051,c,54.59946043762481,54.59946043762481
1052,c,54.59946043762481,54.59946043762481
1053,c,54.59946043762481,54.59946043762481
1054,c,54.59946043762481,54.59946043762481
1055,c,54.59946043762481,54.59946043762481
1056,t,54.59946043762481,54.59946043762481
1057,c,54.59946043762481,54.59946043762481
1058,t,54.59946043762481,54.59946043762481
1059,c,54.59946043762481,54.59946043762481
1060,c,54.59946043762481,54.59946043762481
1061,c,54.59946043762481,54.59946043762481
1062,c,54.59946043762481,54.59946043762481
1063,c,54.59946043762481,54.59946043762481
1064,c,54.59946043762481,54.59946043762481
1065,c,54.59946043762481,54.59946043762481
1066,c,54.59946043762481,54.59946043762481
1067,c,54.59946043762481,54.59946043762481
1068,t,54.59946043762481,54.59946043762481
1069,c,54.59946043762481,54.59946043762481
1070,t,54.59946043762481,54.59946043762481
1071,t,54.59946043762481,54.59946043762481
1072,c,54.59946043762481,54.59946043762481
1073,c,54.59946043762481,54.59946043762481
1074,c,54.59946043762481,54.59946043762481
1075,c,54.59946043762481,54.59946043762481
1076,c,54.59946043762481,54.59946043762481
1077,c,9.990240224055253,14.592114781412992
1078,c,54.59946043762481,54.59946043762481
1079,t,54.59946043762481,54.59946043762481
1080,c,54.59946043762481,54.59946043762481
1081,c,54.59946043762481,54.59946043762481
1082,c,54.59946043762481,54.59946043762481
1083,c,54.59946043762481,54.59946043762481
1084,c,54.59946043762481,54.59946043762481
1085,c,54.59946043762481,54.59946043762481
1086,c,54.59946043762481,54.59946043762481
1087,c,54.59946043762481,54.59946043762481
1088,c,54.59946043762481,54.59946043762481
1089,t,54.59946043762481,54.59946043762481
1090,c,54.59946043762481,54.59946043762481
1091,c,54.59946043762481,54.59946043762481
1092,c,54.59946043762481,54.59946043762481
1093,c,3.2411649543400647,3.674129324693598
1094,c,54.59946043762481,54.59946043762481
1095,c,54.59946043762481,54.59946043762481
1096,c,54.59946043762481,54.59946043762481
1097,c,54.59946043762481,54.59946043762481
1098,na,0,1.5278094307078713
1099,t,54.59946043762481,54.59946043762481
1100,c,54.59946043762481,54.59946043762481
1101,c,54.59946043762481,54.59946043762481
1102,c,54.59946043762481,54.59946043762481
1103,c,54.59946043762481,54.59946043762481
1104,c,54.59946043762481,54.59946043762481
1105,c,54.59946043762481,54.59946043762481
1106,c,54.59946043762481,54.59946043762481
1107,c,54.59946043762481,54.59946043762481
1108,c,54.59946043762481,54.59946043762481
1109,t,54.59946043762481,54.59946043762481
1110,t,54.59946043762481,54.59946043762481
1111,c,54.59946043762481,54.59946043762481
1112,c,54.59946043762481,54.59946043762481
1113,t,54.59946043762481,54.59946043762481
1114,c,54.59946043762481,54.59946043762481
1115,c,54.59946043762481,54.59946043762481
1116,c,54.59946043762481,54.59946043762481
1117,c,54.59946043762481,54.59946043762481
1118,c,54.59946043762481,54.59946043762481
1119,c,54.59946043762481,54.59946043762481
1120,na,6.939388151052736,10.557152770004793
1121,c,54.59946043762481,54.59946043762481
1122,t,54.59946043762481,54.59946043762481
1123,c,54.59946043762481,54.59946043762481
1124,c,54.59946043762481,54.59946043762481
1125,c,54.59946043762481,54.59946043762481
1126,c,54.59946043762481,54.59946043762481
1127,c,54.59946043762481,54.59946043762481
1128,c,54.59946043762481,54.59946043762481
1129,t,54.59946043762481,54.59946043762481
1130,c,54.59946043762481,54.59946043762481
1131,t,54.59946043762481,54.59946043762481
1132,t,54.59946043762481,54.59946043762481
1133,c,54.59946043762481,54.59946043762481
1134,t,54.59946043762481,54.59946043762481
1135,c,54.59946043762481,54.59946043762481
1136,t,54.59946043762481,54.59946043762481
1137,c,54.59946043762481,54.59946043762481
1138,c,54.59946043762481,54.59946043762481
1139,t,54.59946043762481,54.59946043762481
1140,c,54.59946043762481,54.59946043762481
1141,c,54.59946043762481,54.59946043762481
1142,t,54.59946043762481,54.59946043762481
1143,c,54.59946043762481,54.59946043762481
1144,c,54.59946043762481,54.59946043762481
1145,c,54.59946043762481,54.59946043762481
1146,c,54.59946043762481,54.59946043762481
1147,c,54.59946043762481,54.59946043762481
1148,c,54.59946043762481,54.59946043762481
1149,na,12.24773361913458,19.09701846910825
1150,c,54.59946043762481,54.59946043762481
1151,c,54.59946043762481,54.59946043762481
1152,c,54.59946043762481,54.59946043762481
1153,c,54.59946043762481,54.59946043762481
1154,c,54.59946043762481,54.59946043762481
1155,c,54.59946043762481,54.59946043762481
1156,c,54.59946043762481,54.59946043762481
1157,c,54.59946043762481,54.59946043762481
1158,c,54.59946043762481,54.59946043762481
1159,c,54.59946043762481,54.59946043762481
1160,c,54.59946043762481,54.59946043762481
1161,c,54.59946043762481,54.59946043762481
1162,t,54.59946043762481,54.59946043762481
1163,c,54.59946043762481,54.59946043762481
1164,c,54.59946043762481,54.59946043762481
1165,c,2.690863841553105,10.24689593937452
1166,c,54.59946043762481,54.59946043762481
1167,c,54.59946043762481,54.59946043762481
1168,c,54.59946043762481,54.59946043762481
1169,c,54.59946043762481,54.59946043762481
1170,c,54.59946043762481,54.59946043762481
1171,c,54.59946043762481,54.59946043762481
1172,c,54.59946043762481,54.59946043762481
1173,t,54.59946043762481,54.59946043762481
1174,c,54.59946043762481,54.59946043762481
1175,c,54.59946043762481,54.59946043762481
1176,c,54.59946043762481,54.59946043762481
1177,c,54.59946043762481,54.59946043762481
1178,c,54.59946043762481,54.59946043762481
1179,c,54.59946043762481,54.59946043762481
1180,c,54.59946043762481,54.59946043762481
1181,t,54.59946043762481,54.59946043762481
1182,c,54.59946043762481,54.59946043762481
1183,c,54.59946043762481,54.59946043762481
1184,c,54.59946043762481,54.59946043762481
1185,c,54.59946043762481,54.59946043762481
1186,c,54.59946043762481,54.59946043762481
1187,t,54.59946043762481,54.59946043762481
1188,c,54.59946043762481,54.59946043762481
1189,c,54.59946043762481,54.59946043762481
1190,c,54.59946043762481,54.59946043762481
1191,c,54.59946043762481,54.59946043762481
1192,c,54.59946043762481,54.59946043762481
1193,c,54.59946043762481,54.59946043762481
1194,t,54.59946043762481,54.59946043762481
1195,t,54.59946043762481,54.59946043762481
1196,t,54.59946043762481,54.59946043762481
1197,c,54.59946043762481,54.59946043762481
1198,t,54.59946043762481,54.59946043762481
1199,c,54.59946043762481,54.59946043762481
1200,c,54.59946043762481,54.59946043762481
1201,c,54.59946043762481,54.59946043762481
1202,c,54.59946043762481,54.59946043762481
1203,c,54.59946043762481,54.59946043762481
1204,c,54.59946043762481,54.59946043762481
1205,c,54.59946043762481,54.59946043762481
1206,c,54.59946043762481,54.59946043762481
1207,c,54.59946043762481,54.59946043762481
1208,c,54.59946043762481,54.59946043762481
1209,c,54.59946043762481,54.59946043762481
1210,c,54.59946043762481,54.59946043762481
1211,c,54.59946043762481,54.59946043762481
1212,c,54.59946043762481,54.59946043762481
1213,c,54.59946043762481,54.59946043762481
1214,c,54.59946043762481,54.59946043762481
1215,c,54.59946043762481,54.59946043762481
1216,c,54.59946043762481,54.59946043762481
1217,c,54.59946043762481,54.59946043762481
1218,t,54.59946043762481,54.59946043762481
1219,t,54.59946043762481,54.59946043762481
1220,c,54.59946043762481,54.59946043762481
1221,c,54.59946043762481,54.59946043762481
1222,c,54.59946043762481,54.59946043762481
1223,c,54.59946043762481,54.59946043762481
1224,c,54.59946043762481,54.59946043762481
1225,t,54.59946043762481,54.59946043762481
1226,c,54.59946043762481,54.59946043762481
1227,c,54.59946043762481,54.59946043762481
1228,c,54.59946043762481,54.59946043762481
1229,t,54.59946043762481,54.59946043762481
1230,t,54.59946043762481,54.59946043762481
1231,c,54.59946043762481,54.59946043762481
1232,c,54.59946043762481,54.59946043762481
1233,c,54.59946043762481,54.59946043762481
1234,t,54.59946043762481,54.59946043762481
1235,c,54.59946043762481,54.59946043762481
1236,c,54.59946043762481,54.59946043762481
1237,t,54.59946043762481,54.59946043762481
1238,c,54.59946043762481,54.59946043762481
1239,c,8.189916793910228,13.495013304596116
1240,c,54.59946043762481,54.59946043762481
1241,c,54.59946043762481,54.59946043762481
1242,c,54.59946043762481,54.59946043762481
1243,c,54.59946043762481,54.59946043762481
1244,c,54.59946043762481,54.59946043762481
1245,c,54.59946043762481,54.59946043762481
1246,c,54.59946043762481,54.59946043762481
1247,c,54.59946043762481,54.59946043762481
1248,c,54.59946043762481,54.59946043762481
1249,c,54.59946043762481,54.59946043762481
1250,c,54.59946043762481,54.59946043762481
1251,c,54.59946043762481,54.59946043762481
1252,c,54.59946043762481,54.59946043762481
1253,c,54.59946043762481,54.59946043762481
1254,c,54.59946043762481,54.59946043762481
1255,c,54.59946043762481,54.59946043762481
1256,c,54.59946043762481,54.59946043762481
1257,c,54.59946043762481,54.59946043762481
1258,c,54.59946043762481,54.59946043762481
1259,t,54.59946043762481,54.59946043762481
1260,c,54.59946043762481,54.59946043762481
1261,c,54.59946043762481,54.59946043762481
1262,c,54.59946043762481,54.59946043762481
1263,t,54.59946043762481,54.59946043762481
1264,c,54.59946043762481,54.59946043762481
1265,c,54.59946043762481,54.59946043762481
1266,c,54.59946043762481,54.59946043762481
1267,t,54.59946043762481,54.59946043762481
1268,c,54.59946043762481,54.59946043762481
1269,t,54.59946043762481,54.59946043762481
1270,c,54.59946043762481,54.59946043762481
1271,c,54.59946043762481,54.59946043762481
1272,na,12.092616298378747,12.532386521789086
1273,c,54.59946043762481,54.59946043762481
1274,c,54.59946043762481,54.59946043762481
1275,c,54.59946043762481,54.59946043762481
1276,c,54.59946043762481,54.59946043762481
1277,c,54.59946043762481,54.59946043762481
1278,c,54.59946043762481,54.59946043762481
1279,na,6.204649728391213,11.894858160887173
1280,c,54.59946043762481,54.59946043762481
1281,t,54.59946043762481,54.59946043762481
1282,c,54.59946043762481,54.59946043762481
1283,c,54.59946043762481,54.59946043762481
1284,c,54.59946043762481,54.59946043762481
1285,c,54.59946043762481,54.59946043762481
1286,na,1.6288248140130455,15.149118555485503
1287,c,54.59946043762481,54.59946043762481
1288,c,54.59946043762481,54.59946043762481
1289,c,54.59946043762481,54.59946043762481
1290,c,54.59946043762481,54.59946043762481
1291,c,54.59946043762481,54.59946043762481
1292,c,54.59946043762481,54.59946043762481
1293,c,54.59946043762481,54.59946043762481
1294,c,54.59946043762481,54.59946043762481
1295,na,-1,0
1296,c,54.59946043762481,54.59946043762481
1297,c,54.59946043762481,54.59946043762481
1298,c,54.59946043762481,54.59946043762481
1299,c,54.59946043762481,54.59946043762481
1300,c,54.59946043762481,54.59946043762481
1301,c,54.59946043762481,54.59946043762481
1302,c,54.59946043762481,54.59946043762481
1303,c,54.59946043762481,54.59946043762481
1304,c,54.59946043762481,54.59946043762481
1305,c,54.59946043762481,54.59946043762481
1306,t,54.59946043762481,54.59946043762481
1307,c,54.59946043762481,54.59946043762481
1308,c,54.59946043762481,54.59946043762481
1309,c,54.59946043762481,54.59946043762481
1310,c,54.59946043762481,54.59946043762481
1311,t,54.59946043762481,54.59946043762481
1312,c,54.59946043762481,54.59946043762481
1313,c,54.59946043762481,54.59946043762481
1314,c,54.59946043762481,54.59946043762481
1315,c,54.59946043762481,54.59946043762481
1316,c,54.59946043762481,54.59946043762481
1317,na,-1,0
1318,c,54.59946043762481,54.59946043762481
1319,c,54.59946043762481,54.59946043762481
1320,c,54.59946043762481,54.59946043762481
1321,c,54.59946043762481,54.59946043762481
1322,c,54.59946043762481,54.59946043762481
1323,t,54.59946043762481,54.59946043762481
1324,c,6.806915093547709,54.59946043762481
1325,c,54.59946043762481,54.59946043762481
1326,c,54.59946043762481,54.59946043762481
1327,c,54.59946043762481,54.59946043762481
1328,c,54.59946043762481,54.59946043762481
1329,c,54.59946043762481,54.59946043762481
1330,c,54.59946043762481,54.59946043762481
1331,c,54.59946043762481,54.59946043762481
1332,c,54.59946043762481,54.59946043762481
1333,c,54.59946043762481,54.59946043762481
1334,t,54.59946043762481,54.59946043762481
1335,c,54.59946043762481,54.59946043762481
1336,c,54.59946043762481,54.59946043762481
1337,c,26.23171704402519,34.68301863492943
1338,c,54.59946043762481,54.59946043762481
1339,c,54.59946043762481,54.59946043762481
1340,c,54.59946043762481,54.59946043762481
1341,t,54.59946043762481,54.59946043762481
1342,c,54.59946043762481,54.59946043762481
1343,c,54.59946043762481,54.59946043762481
1344,t,54.59946043762481,54.59946043762481
1345,c,54.59946043762481,54.59946043762481
1346,t,54.59946043762481,54.59946043762481
1347,c,54.59946043762481,54.59946043762481
1348,c,54.59946043762481,54.59946043762481
1349,c,54.59946043762481,54.59946043762481
1350,c,54.59946043762481,54.59946043762481
1351,c,54.59946043762481,54.59946043762481
1352,c,54.59946043762481,54.59946043762481
1353,c,54.59946043762481,54.59946043762481
1354,c,54.59946043762481,54.59946043762481
1355,c,54.59946043762481,54.59946043762481
1356,c,54.59946043762481,54.59946043762481
1357,c,54.59946043762481,54.59946043762481
1358,c,54.59946043762481,54.59946043762481
1359,c,54.59946043762481,54.59946043762481
1360,t,54.59946043762481,54.59946043762481
1361,t,54.59946043762481,54.59946043762481
1362,c,54.59946043762481,54.59946043762481
1363,t,54.59946043762481,54.59946043762481
1364,c,54.59946043762481,54.59946043762481
1365,c,54.59946043762481,54.59946043762481
1366,c,54.59946043762481,54.59946043762481
1367,t,54.59946043762481,54.59946043762481
1368,c,54.59946043762481,54.59946043762481
1369,c,54.59946043762481,54.59946043762481
1370,t,54.59946043762481,54.59946043762481
1371,c,54.59946043762481,54.59946043762481
1372,c,54.59946043762481,54.59946043762481
1373,t,54.59946043762481,54.59946043762481
1374,c,54.59946043762481,54.59946043762481
1375,c,54.59946043762481,54.59946043762481
1376,c,54.59946043762481,54.59946043762481
1377,c,54.59946043762481,54.59946043762481
1378,c,54.59946043762481,54.59946043762481
1379,na,-1,0
1380,c,54.59946043762481,54.59946043762481
1381,c,54.59946043762481,54.59946043762481
1382,c,54.59946043762481,54.59946043762481
1383,c,54.59946043762481,54.59946043762481
1384,c,54.59946043762481,54.59946043762481
1385,c,54.59946043762481,54.59946043762481
1386,c,54.59946043762481,54.59946043762481
1387,c,54.59946043762481,54.59946043762481
1388,c,54.59946043762481,54.59946043762481
1389,t,54.59946043762481,54.59946043762481
1390,t,54.59946043762481,54.59946043762481
1391,c,54.59946043762481,54.59946043762481
1392,c,54.59946043762481,54.59946043762481
1393,t,54.59946043762481,54.59946043762481
1394,c,54.59946043762481,54.59946043762481
1395,c,54.59946043762481,54.59946043762481
1396,c,54.59946043762481,54.59946043762481
1397,c,54.59946043762481,54.59946043762481
1398,c,54.59946043762481,54.59946043762481
1399,c,54.59946043762481,54.59946043762481
1400,c,54.59946043762481,54.59946043762481
1401,c,50.52569845686606,54.59946043762481
1402,t,54.59946043762481,54.59946043762481
1403,c,54.59946043762481,54.59946043762481
1404,c,54.59946043762481,54.59946043762481
1405,c,54.59946043762481,54.59946043762481
1406,c,54.59946043762481,54.59946043762481
1407,c,54.59946043762481,54.59946043762481
1408,c,54.59946043762481,54.59946043762481
1409,c,54.59946043762481,54.59946043762481
1410,c,54.59946043762481,54.59946043762481
1411,t,54.59946043762481,54.59946043762481
1412,c,54.59946043762481,54.59946043762481
1413,c,54.59946043762481,54.59946043762481
1414,t,54.59946043762481,54.59946043762481
1415,na,0,4.420699855426327
1416,c,54.59946043762481,54.59946043762481
1417,t,54.59946043762481,54.59946043762481
1418,c,54.59946043762481,54.59946043762481
1419,c,54.59946043762481,54.59946043762481
1420,c,54.59946043762481,54.59946043762481
1421,c,54.59946043762481,54.59946043762481
1422,c,54.59946043762481,54.59946043762481
1423,t,54.59946043762481,54.59946043762481
1424,c,54.59946043762481,54.59946043762481
1425,c,54.59946043762481,54.59946043762481
1426,c,54.59946043762481,54.59946043762481
1427,t,54.59946043762481,54.59946043762481
1428,c,54.59946043762481,54.59946043762481
1429,c,54.59946043762481,54.59946043762481
1430,c,54.59946043762481,54.59946043762481
1431,c,54.59946043762481,54.59946043762481
1432,t,54.59946043762481,54.59946043762481
1433,c,54.59946043762481,54.59946043762481
1434,c,54.59946043762481,54.59946043762481
1435,c,54.59946043762481,54.59946043762481
1436,c,54.59946043762481,54.59946043762481
1437,c,54.59946043762481,54.59946043762481
1438,c,54.59946043762481,54.59946043762481
1439,t,54.59946043762481,54.59946043762481
1440,c,54.59946043762481,54.59946043762481
1441,c,54.59946043762481,54.59946043762481
1442,c,54.59946043762481,54.59946043762481
1443,c,54.59946043762481,54.59946043762481
1444,c,54.59946043762481,54.59946043762481
1445,c,54.59946043762481,54.59946043762481
1446,c,54.59946043762481,54.59946043762481
1447,c,54.59946043762481,54.59946043762481
1448,c,54.59946043762481,54.59946043762481
1449,na,6.387657118161427,9.944609211970814
1450,c,54.59946043762481,54.59946043762481
1451,c,54.59946043762481,54.59946043762481
1452,c,54.59946043762481,54.59946043762481
1453,c,54.59946043762481,54.59946043762481
1454,c,54.59946043762481,54.59946043762481
1455,c,54.59946043762481,54.59946043762481
1456,c,54.59946043762481,54.59946043762481
1457,c,54.59946043762481,54.59946043762481
1458,c,54.59946043762481,54.59946043762481
1459,c,54.59946043762481,54.59946043762481
1460,c,54.59946043762481,54.59946043762481
1461,c,54.59946043762481,54.59946043762481
1462,c,54.59946043762481,54.59946043762481
1463,c,54.59946043762481,54.59946043762481
1464,c,54.59946043762481,54.59946043762481
1465,t,54.59946043762481,54.59946043762481
1466,c,54.59946043762481,54.59946043762481
1467,c,54.59946043762481,54.59946043762481
1468,c,54.59946043762481,54.59946043762481
1469,c,54.59946043762481,54.59946043762481
1470,c,54.59946043762481,54.59946043762481
1471,c,54.59946043762481,54.59946043762481
1472,c,54.59946043762481,54.59946043762481
1473,c,54.59946043762481,54.59946043762481
1474,na,9.882143316742036,13.401892579237057
1475,c,54.59946043762481,54.59946043762481
1476,c,54.59946043762481,54.59946043762481
1477,c,54.59946043762481,54.59946043762481
1478,c,54.59946043762481,54.59946043762481
1479,c,54.59946043762481,54.59946043762481
1480,c,54.59946043762481,54.59946043762481
1481,c,54.59946043762481,54.59946043762481
1482,c,54.59946043762481,54.59946043762481
1483,c,54.59946043762481,54.59946043762481
1484,c,11.781574719169509,12.29019408698892
1485,c,54.59946043762481,54.59946043762481
1486,c,54.59946043762481,54.59946043762481
1487,t,54.59946043762481,54.59946043762481
1488,c,54.59946043762481,54.59946043762481
1489,na,-1,0
1490,c,54.59946043762481,54.59946043762481
1491,c,54.59946043762481,54.59946043762481
1492,c,54.59946043762481,54.59946043762481
1493,c,54.59946043762481,54.59946043762481
1494,c,54.59946043762481,54.59946043762481
1495,c,54.59946043762481,54.59946043762481
1496,t,54.59946043762481,54.59946043762481
1497,c,54.59946043762481,54.59946043762481
1498,c,54.59946043762481,54.59946043762481
1499,t,54.59946043762481,54.59946043762481
1500,c,54.59946043762481,54.59946043762481
1501,c,54.59946043762481,54.59946043762481
1502,c,54.59946043762481,54.59946043762481
1503,t,54.59946043762481,54.59946043762481
1504,c,54.59946043762481,54.59946043762481
1505,c,54.59946043762481,54.59946043762481
1506,c,54.59946043762481,54.59946043762481
1507,c,54.59946043762481,54.59946043762481
1508,c,54.59946043762481,54.59946043762481
1509,t,54.59946043762481,54.59946043762481
1510,c,54.59946043762481,54.59946043762481
1511,c,54.59946043762481,54.59946043762481
1512,t,54.59946043762481,54.59946043762481
1513,c,54.59946043762481,54.59946043762481
1514,c,54.59946043762481,54.59946043762481
1515,c,54.59946043762481,54.59946043762481
1516,c,54.59946043762481,54.59946043762481
1517,t,54.59946043762481,54.59946043762481
1518,c,54.59946043762481,54.59946043762481
1519,c,54.59946043762481,54.59946043762481
1520,t,54.59946043762481,54.59946043762481
1521,t,54.59946043762481,54.59946043762481
1522,t,54.59946043762481,54.59946043762481
1523,c,54.59946043762481,54.59946043762481
1524,c,54.59946043762481,54.59946043762481
1525,t,54.59946043762481,54.59946043762481
1526,c,54.59946043762481,54.59946043762481
1527,c,30.75147352000802,33.65330616523499
1528,c,54.59946043762481,54.59946043762481
1529,c,54.59946043762481,54.59946043762481
1530,c,54.59946043762481,54.59946043762481
1531,c,54.59946043762481,54.59946043762481
1532,t,54.59946043762481,54.59946043762481
1533,t,54.59946043762481,54.59946043762481
1534,c,54.59946043762481,54.59946043762481
1535,c,54.59946043762481,54.59946043762481
1536,c,54.59946043762481,54.59946043762481
1537,c,54.59946043762481,54.59946043762481
1538,c,54.59946043762481,54.59946043762481
1539,c,54.59946043762481,54.59946043762481
1540,t,54.59946043762481,54.59946043762481
1541,c,54.59946043762481,54.59946043762481
1542,c,54.59946043762481,54.59946043762481
1543,c,54.59946043762481,54.59946043762481
1544,t,54.59946043762481,54.59946043762481
1545,t,54.59946043762481,54.59946043762481
1546,c,54.59946043762481,54.59946043762481
1547,na,-1,0
1548,c,54.59946043762481,54.59946043762481
1549,c,54.59946043762481,54.59946043762481
1550,c,54.59946043762481,54.59946043762481
1551,c,54.59946043762481,54.59946043762481
1552,c,54.59946043762481,54.59946043762481
1553,c,54.59946043762481,54.59946043762481
1554,t,54.59946043762481,54.59946043762481
1555,c,54.59946043762481,54.59946043762481
1556,c,54.59946043762481,54.59946043762481
1557,c,54.59946043762481,54.59946043762481
1558,c,54.59946043762481,54.59946043762481
1559,c,54.59946043762481,54.59946043762481
1560,c,54.59946043762481,54.59946043762481
1561,c,54.59946043762481,54.59946043762481
1562,c,54.59946043762481,54.59946043762481
1563,c,54.59946043762481,54.59946043762481
1564,c,54.59946043762481,54.59946043762481
1565,c,54.59946043762481,54.59946043762481
1566,t,54.59946043762481,54.59946043762481
1567,t,54.59946043762481,54.59946043762481
1568,c,54.59946043762481,54.59946043762481
1569,t,54.59946043762481,54.59946043762481
1570,c,54.59946043762481,54.59946043762481
1571,c,54.59946043762481,54.59946043762481
1572,c,54.59946043762481,54.59946043762481
1573,c,54.59946043762481,54.59946043762481
1574,c,54.59946043762481,54.59946043762481
1575,c,54.59946043762481,54.59946043762481
1576,t,54.59946043762481,54.59946043762481
1577,c,16.654056416823874,20.7766724731519
1578,c,54.59946043762481,54.59946043762481
1579,c,54.59946043762481,54.59946043762481
1580,c,54.59946043762481,54.59946043762481
1581,c,54.59946043762481,54.59946043762481
1582,c,54.59946043762481,54.59946043762481
1583,c,54.59946043762481,54.59946043762481
1584,c,54.59946043762481,54.59946043762481
1585,c,54.59946043762481,54.59946043762481
1586,c,54.59946043762481,54.59946043762481
1587,c,54.59946043762481,54.59946043762481
1588,c,54.59946043762481,54.59946043762481
1589,c,54.59946043762481,54.59946043762481
1590,c,54.59946043762481,54.59946043762481
1591,c,54.59946043762481,54.59946043762481
1592,c,54.59946043762481,54.59946043762481
1593,c,54.59946043762481,54.59946043762481
1594,c,54.59946043762481,54.59946043762481
1595,t,54.59946043762481,54.59946043762481
1596,c,54.59946043762481,54.59946043762481
1597,c,54.59946043762481,54.59946043762481
1598,t,54.59946043762481,54.59946043762481
1599,c,54.59946043762481,54.59946043762481
1600,c,54.59946043762481,54.59946043762481
1601,c,54.59946043762481,54.59946043762481
1602,na,2.1414135773723912,8.338679136760657
1603,c,54.59946043762481,54.59946043762481
1604,c,54.59946043762481,54.59946043762481
1605,c,54.59946043762481,54.59946043762481
1606,t,54.59946043762481,54.59946043762481
1607,c,54.59946043762481,54.59946043762481
1608,c,54.59946043762481,54.59946043762481
1609,c,54.59946043762481,54.59946043762481
1610,c,54.59946043762481,54.59946043762481
1611,c,54.59946043762481,54.59946043762481
1612,c,54.59946043762481,54.59946043762481
1613,c,54.59946043762481,54.59946043762481
1614,c,54.59946043762481,54.59946043762481
1615,t,54.59946043762481,54.59946043762481
1616,t,54.59946043762481,54.59946043762481
1617,t,54.59946043762481,54.59946043762481
1618,c,54.59946043762481,54.59946043762481
1619,c,54.59946043762481,54.59946043762481
1620,c,54.59946043762481,54.59946043762481
1621,c,54.59946043762481,54.59946043762481
1622,c,54.59946043762481,54.59946043762481
1623,t,54.59946043762481,54.59946043762481
1624,c,54.59946043762481,54.59946043762481
1625,c,54.59946043762481,54.59946043762481
1626,t,54.59946043762481,54.59946043762481
1627,t,54.59946043762481,54.59946043762481
1628,c,54.59946043762481,54.59946043762481
1629,c,54.59946043762481,54.59946043762481
1630,t,54.59946043762481,54.59946043762481
1631,t,54.59946043762481,54.59946043762481
1632,c,54.59946043762481,54.59946043762481
1633,c,54.59946043762481,54.59946043762481
1634,t,54.59946043762481,54.59946043762481
1635,t,54.59946043762481,54.59946043762481
1636,c,54.59946043762481,54.59946043762481
1637,c,54.59946043762481,54.59946043762481
1638,t,54.59946043762481,54.59946043762481
1639,c,54.59946043762481,54.59946043762481
1640,c,54.59946043762481,54.59946043762481
1641,c,54.59946043762481,54.59946043762481
1642,c,54.59946043762481,54.59946043762481
1643,c,54.59946043762481,54.59946043762481
1644,c,54.59946043762481,54.59946043762481
1645,c,54.59946043762481,54.59946043762481
1646,c,54.59946043762481,54.59946043762481
1647,c,54.59946043762481,54.59946043762481
1648,c,54.59946043762481,54.59946043762481
1649,c,54.59946043762481,54.59946043762481
1650,c,54.59946043762481,54.59946043762481
1651,c,54.59946043762481,54.59946043762481
1652,t,54.59946043762481,54.59946043762481
1653,t,54.59946043762481,54.59946043762481
1654,c,54.59946043762481,54.59946043762481
1655,c,54.59946043762481,54.59946043762481
1656,c,54.59946043762481,54.59946043762481
1657,c,54.59946043762481,54.59946043762481
1658,c,54.59946043762481,54.59946043762481
1659,c,54.59946043762481,54.59946043762481
1660,c,54.59946043762481,54.59946043762481
1661,c,54.59946043762481,54.59946043762481
1662,c,54.59946043762481,54.59946043762481
1663,c,54.59946043762481,54.59946043762481
1664,t,54.59946043762481,54.59946043762481
1665,c,54.59946043762481,54.59946043762481
1666,c,54.59946043762481,54.59946043762481
1667,c,54.59946043762481,54.59946043762481
1668,c,54.59946043762481,54.59946043762481
1669,c,54.59946043762481,54.59946043762481
1670,c,54.59946043762481,54.59946043762481
1671,c,54.59946043762481,54.59946043762481
1672,c,54.59946043762481,54.59946043762481
1673,c,54.59946043762481,54.59946043762481
1674,na,6.048908069736149,6.174183255728437
1675,c,54.59946043762481,54.59946043762481
1676,c,54.59946043762481,54.59946043762481
1677,c,54.59946043762481,54.59946043762481
1678,c,54.59946043762481,54.59946043762481
1679,c,54.59946043762481,54.59946043762481
1680,c,54.59946043762481,54.59946043762481
1681,c,54.59946043762481,54.59946043762481
1682,c,54.59946043762481,54.59946043762481
1683,c,54.59946043762481,54.59946043762481
1684,t,54.59946043762481,54.59946043762481
1685,c,54.59946043762481,54.59946043762481
1686,c,54.59946043762481,54.59946043762481
1687,c,54.59946043762481,54.59946043762481
1688,t,54.59946043762481,54.59946043762481
1689,c,54.59946043762481,54.59946043762481
1690,c,54.59946043762481,54.59946043762481
1691,c,54.59946043762481,54.59946043762481
1692,c,19.68919783919493,20.988110243841536
1693,c,54.59946043762481,54.59946043762481
1694,c,54.59946043762481,54.59946043762481
1695,c,54.59946043762481,54.59946043762481
1696,t,54.59946043762481,54.59946043762481
1697,c,54.59946043762481,54.59946043762481
1698,c,54.59946043762481,54.59946043762481
1699,t,54.59946043762481,54.59946043762481
1700,c,54.59946043762481,54.59946043762481
1701,c,54.59946043762481,54.59946043762481
1702,c,54.59946043762481,54.59946043762481
1703,c,54.59946043762481,54.59946043762481
1704,c,54.59946043762481,54.59946043762481
1705,c,54.59946043762481,54.59946043762481
1706,c,54.59946043762481,54.59946043762481
1707,c,54.59946043762481,54.59946043762481
1708,c,54.59946043762481,54.59946043762481
1709,c,54.59946043762481,54.59946043762481
1710,c,54.59946043762481,54.59946043762481
1711,c,54.59946043762481,54.59946043762481
1712,c,54.59946043762481,54.59946043762481
1713,c,54.59946043762481,54.59946043762481
1714,c,54.59946043762481,54.59946043762481
1715,c,54.59946043762481,54.59946043762481
1716,c,54.59946043762481,54.59946043762481
1717,c,54.59946043762481,54.59946043762481
1718,t,54.59946043762481,54.59946043762481
1719,c,54.59946043762481,54.59946043762481
1720,c,54.59946043762481,54.59946043762481
1721,c,54.59946043762481,54.59946043762481
1722,c,54.59946043762481,54.59946043762481
1723,c,54.59946043762481,54.59946043762481
1724,t,54.59946043762481,54.59946043762481
1725,c,54.59946043762481,54.59946043762481
1726,c,54.59946043762481,54.59946043762481
1727,c,54.59946043762481,54.59946043762481
1728,c,54.59946043762481,54.59946043762481
1729,c,54.59946043762481,54.59946043762481
1730,c,54.59946043762481,54.59946043762481
1731,c,54.59946043762481,54.59946043762481
1732,c,54.59946043762481,54.59946043762481
1733,c,54.59946043762481,54.59946043762481
1734,t,54.59946043762481,54.59946043762481
1735,t,54.59946043762481,54.59946043762481
1736,c,54.59946043762481,54.59946043762481
1737,t,54.59946043762481,54.59946043762481
1738,c,54.59946043762481,54.59946043762481
1739,na,0,2.5142252337093742
1740,c,54.59946043762481,54.59946043762481
1741,t,54.59946043762481,54.59946043762481
1742,c,54.59946043762481,54.59946043762481
1743,t,54.59946043762481,54.59946043762481
1744,c,54.59946043762481,54.59946043762481
1745,c,54.59946043762481,54.59946043762481
1746,c,54.59946043762481,54.59946043762481
1747,c,54.59946043762481,54.59946043762481
1748,t,54.59946043762481,54.59946043762481
1749,c,54.59946043762481,54.59946043762481
1750,c,54.59946043762481,54.59946043762481
1751,t,54.59946043762481,54.59946043762481
1752,t,54.59946043762481,54.59946043762481
1753,c,54.59946043762481,54.59946043762481
1754,c,54.59946043762481,54.59946043762481
1755,c,54.59946043762481,54.59946043762481
1756,c,54.59946043762481,54.59946043762481
1757,c,54.59946043762481,54.59946043762481
1758,c,54.59946043762481,54.59946043762481
1759,c,54.59946043762481,54.59946043762481
1760,c,54.59946043762481,54.59946043762481
1761,c,54.59946043762481,54.59946043762481
1762,na,0,10.440422007793101
1763,c,54.59946043762481,54.59946043762481
1764,t,54.59946043762481,54.59946043762481
1765,c,54.59946043762481,54.59946043762481
1766,c,54.59946043762481,54.59946043762481
1767,t,54.59946043762481,54.59946043762481
1768,c,54.59946043762481,54.59946043762481
1769,c,54.59946043762481,54.59946043762481
1770,c,54.59946043762481,54.59946043762481
1771,t,54.59946043762481,54.59946043762481
1772,c,54.59946043762481,54.59946043762481
1773,c,54.59946043762481,54.59946043762481
1774,c,54.59946043762481,54.59946043762481
1775,c,54.59946043762481,54.59946043762481
1776,c,54.59946043762481,54.59946043762481
1777,c,54.59946043762481,54.59946043762481
1778,c,54.59946043762481,54.59946043762481
1779,c,54.59946043762481,54.59946043762481
1780,c,54.59946043762481,54.59946043762481
1781,c,54.59946043762481,54.59946043762481
1782,t,54.59946043762481,54.59946043762481
1783,c,54.59946043762481,54.59946043762481
1784,t,54.59946043762481,54.59946043762481
1785,c,54.59946043762481,54.59946043762481
1786,c,54.59946043762481,54.59946043762481
1787,c,54.59946043762481,54.59946043762481
1788,c,54.59946043762481,54.59946043762481
1789,na,54.59946043762481,54.59946043762481
1790,c,54.59946043762481,54.59946043762481
1791,t,54.59946043762481,54.59946043762481
1792,c,54.59946043762481,54.59946043762481
1793,t,54.59946043762481,54.59946043762481
1794,c,54.59946043762481,54.59946043762481
1795,c,54.59946043762481,54.59946043762481
1796,c,54.59946043762481,54.59946043762481
1797,c,54.59946043762481,54.59946043762481
1798,t,54.59946043762481,54.59946043762481
1799,c,54.59946043762481,54.59946043762481
1800,c,54.59946043762481,54.59946043762481
1801,c,54.59946043762481,54.59946043762481
1802,t,54.59946043762481,54.59946043762481
1803,c,54.59946043762481,54.59946043762481
1804,t,54.59946043762481,54.59946043762481
1805,c,54.59946043762481,54.59946043762481
1806,na,10.58884867404675,12.734756734115201
1807,c,54.59946043762481,54.59946043762481
1808,c,54.59946043762481,54.59946043762481
1809,c,54.59946043762481,54.59946043762481
1810,t,54.59946043762481,54.59946043762481
1811,c,54.59946043762481,54.59946043762481
1812,t,54.59946043762481,54.59946043762481
1813,c,54.59946043762481,54.59946043762481
1814,c,54.59946043762481,54.59946043762481
1815,c,54.59946043762481,54.59946043762481
1816,c,54.59946043762481,54.59946043762481
1817,c,54.59946043762481,54.59946043762481
1818,c,54.59946043762481,54.59946043762481
1819,c,54.59946043762481,54.59946043762481
1820,c,54.59946043762481,54.59946043762481
1821,c,54.59946043762481,54.59946043762481
1822,c,54.59946043762481,54.59946043762481
1823,c,54.59946043762481,54.59946043762481
1824,t,54.59946043762481,54.59946043762481
1825,c,54.59946043762481,54.59946043762481
1826,t,54.59946043762481,54.59946043762481
1827,t,54.59946043762481,54.59946043762481
1828,c,54.59946043762481,54.59946043762481
1829,c,54.59946043762481,54.59946043762481
1830,c,54.59946043762481,54.59946043762481
1831,c,54.59946043762481,54.59946043762481
1832,c,54.59946043762481,54.59946043762481
1833,c,54.59946043762481,54.59946043762481
1834,c,54.59946043762481,54.59946043762481
1835,t,54.59946043762481,54.59946043762481
1836,t,54.59946043762481,54.59946043762481
1837,c,54.59946043762481,54.59946043762481
1838,c,54.59946043762481,54.59946043762481
1839,c,54.59946043762481,54.59946043762481
1840,c,54.59946043762481,54.59946043762481
1841,c,54.59946043762481,54.59946043762481
1842,c,54.59946043762481,54.59946043762481
1843,c,54.59946043762481,54.59946043762481
1844,c,54.59946043762481,54.59946043762481
1845,c,54.59946043762481,54.59946043762481
1846,na,0,12.541652336073389
1847,c,17.08547797688629,21.750499928088384
1848,c,54.59946043762481,54.59946043762481
1849,c,54.59946043762481,54.59946043762481
1850,c,54.59946043762481,54.59946043762481
1851,t,54.59946043762481,54.59946043762481
1852,c,54.59946043762481,54.59946043762481
1853,c,54.59946043762481,54.59946043762481
1854,c,54.59946043762481,54.59946043762481
1855,c,54.59946043762481,54.59946043762481
1856,c,54.59946043762481,54.59946043762481
1857,c,54.59946043762481,54.59946043762481
1858,t,54.59946043762481,54.59946043762481
1859,t,54.59946043762481,54.59946043762481
1860,c,54.59946043762481,54.59946043762481
1861,c,54.59946043762481,54.59946043762481
1862,c,54.59946043762481,54.59946043762481
1863,c,54.59946043762481,54.59946043762481
1864,t,54.59946043762481,54.59946043762481
1865,c,54.59946043762481,54.59946043762481
1866,c,54.59946043762481,54.59946043762481
1867,c,54.59946043762481,54.59946043762481
1868,c,54.59946043762481,54.59946043762481
1869,c,54.59946043762481,54.59946043762481
1870,c,54.59946043762481,54.59946043762481
1871,t,54.59946043762481,54.59946043762481
1872,t,54.59946043762481,54.59946043762481
1873,c,54.59946043762481,54.59946043762481
1874,c,54.59946043762481,54.59946043762481
1875,c,54.59946043762481,54.59946043762481
1876,c,54.59946043762481,54.59946043762481
1877,t,54.59946043762481,54.59946043762481
1878,c,54.59946043762481,54.59946043762481
1879,c,54.59946043762481,54.59946043762481
1880,c,54.59946043762481,54.59946043762481
1881,c,54.59946043762481,54.59946043762481
1882,c,54.59946043762481,54.59946043762481
1883,t,54.59946043762481,54.59946043762481
1884,c,54.59946043762481,54.59946043762481
1885,c,54.59946043762481,54.59946043762481
1886,c,54.59946043762481,54.59946043762481
1887,c,54.59946043762481,54.59946043762481
1888,t,54.59946043762481,54.59946043762481
1889,t,54.59946043762481,54.59946043762481
1890,c,54.59946043762481,54.59946043762481
1891,na,5.3519650986740315,6.017474675387095
1892,c,54.59946043762481,54.59946043762481
1893,t,54.59946043762481,54.59946043762481
1894,c,54.59946043762481,54.59946043762481
1895,c,54.59946043762481,54.59946043762481
1896,c,54.59946043762481,54.59946043762481
1897,c,54.59946043762481,54.59946043762481
1898,t,54.59946043762481,54.59946043762481
1899,c,54.59946043762481,54.59946043762481
1900,c,54.59946043762481,54.59946043762481
1901,c,54.59946043762481,54.59946043762481
1902,c,54.59946043762481,54.59946043762481
1903,c,54.59946043762481,54.59946043762481
1904,t,54.59946043762481,54.59946043762481
1905,c,54.59946043762481,54.59946043762481
1906,c,54.59946043762481,54.59946043762481
1907,t,54.59946043762481,54.59946043762481
1908,c,54.59946043762481,54.59946043762481
1909,c,54.59946043762481,54.59946043762481
1910,c,54.59946043762481,54.59946043762481
1911,c,10.597206548435638,11.83974765614046
1912,c,54.59946043762481,54.59946043762481
1913,c,54.59946043762481,54.59946043762481
1914,c,54.59946043762481,54.59946043762481
1915,c,54.59946043762481,54.59946043762481
1916,c,54.59946043762481,54.59946043762481
1917,c,54.59946043762481,54.59946043762481
1918,c,54.59946043762481,54.59946043762481
1919,c,54.59946043762481,54.59946043762481
1920,c,54.59946043762481,54.59946043762481
1921,c,54.59946043762481,54.59946043762481
1922,t,54.59946043762481,54.59946043762481
1923,c,54.59946043762481,54.59946043762481
1924,c,54.59946043762481,54.59946043762481
1925,c,54.59946043762481,54.59946043762481
1926,c,54.59946043762481,54.59946043762481
1927,c,54.59946043762481,54.59946043762481
1928,c,54.59946043762481,54.59946043762481
1929,c,54.59946043762481,54.59946043762481
1930,c,54.59946043762481,54.59946043762481
1931,t,54.59946043762481,54.59946043762481
1932,c,54.59946043762481,54.59946043762481
1933,c,54.59946043762481,54.59946043762481
1934,c,54.59946043762481,54.59946043762481
1935,c,54.59946043762481,54.59946043762481
1936,t,54.59946043762481,54.59946043762481
1937,t,54.59946043762481,54.59946043762481
1938,c,54.59946043762481,54.59946043762481
1939,c,54.59946043762481,54.59946043762481
1940,c,54.59946043762481,54.59946043762481
1941,c,54.59946043762481,54.59946043762481
1942,c,54.59946043762481,54.59946043762481
1943,t,54.59946043762481,54.59946043762481
1944,c,54.59946043762481,54.59946043762481
1945,c,54.59946043762481,54.59946043762481
1946,c,54.59946043762481,54.59946043762481
1947,c,54.59946043762481,54.59946043762481
1948,c,54.59946043762481,54.59946043762481
1949,c,54.59946043762481,54.59946043762481
1950,c,54.59946043762481,54.59946043762481
1951,c,3.045960727476733,11.383961377654387
1952,c,54.59946043762481,54.59946043762481
1953,c,54.59946043762481,54.59946043762481
1954,c,54.59946043762481,54.59946043762481
1955,c,54.59946043762481,54.59946043762481
1956,t,54.59946043762481,54.59946043762481
1957,t,54.59946043762481,54.59946043762481
1958,t,54.59946043762481,54.59946043762481
1959,c,54.59946043762481,54.59946043762481
1960,c,54.59946043762481,54.59946043762481
1961,c,54.59946043762481,54.59946043762481
1962,t,54.59946043762481,54.59946043762481
1963,c,54.59946043762481,54.59946043762481
1964,t,54.59946043762481,54.59946043762481
1965,c,54.59946043762481,54.59946043762481
1966,c,54.59946043762481,54.59946043762481
1967,t,54.59946043762481,54.59946043762481
1968,c,54.59946043762481,54.59946043762481
1969,c,54.59946043762481,54.59946043762481
1970,c,54.59946043762481,54.59946043762481
1971,c,54.59946043762481,54.59946043762481
1972,c,54.59946043762481,54.59946043762481
1973,c,54.59946043762481,54.59946043762481
1974,c,54.59946043762481,54.59946043762481
1975,c,54.59946043762481,54.59946043762481
1976,c,54.59946043762481,54.59946043762481
1977,t,54.59946043762481,54.59946043762481
1978,c,54.59946043762481,54.59946043762481
1979,c,54.59946043762481,54.59946043762481
1980,c,54.59946043762481,54.59946043762481
1981,t,54.59946043762481,54.59946043762481
1982,c,54.59946043762481,54.59946043762481
1983,c,54.59946043762481,54.59946043762481
1984,t,54.59946043762481,54.59946043762481
1985,t,54.59946043762481,54.59946043762481
1986,c,54.59946043762481,54.59946043762481
1987,c,54.59946043762481,54.59946043762481
1988,c,54.59946043762481,54.59946043762481
1989,c,54.59946043762481,54.59946043762481
1990,t,54.59946043762481,54.59946043762481
1991,t,54.59946043762481,54.59946043762481
1992,c,54.59946043762481,54.59946043762481
1993,t,54.59946043762481,54.59946043762481
1994,c,54.59946043762481,54.59946043762481
1995,c,54.59946043762481,54.59946043762481
1996,t,54.59946043762481,54.59946043762481
1997,c,54.59946043762481,54.59946043762481
1998,c,54.59946043762481,54.59946043762481
1999,t,54.59946043762481,54.59946043762481
2000,t,54.59946043762481,54.59946043762481
2001,c,54.59946043762481,54.59946043762481
2002,c,54.59946043762481,54.59946043762481
2003,c,54.59946043762481,54.59946043762481
2004,t,54.59946043762481,54.59946043762481
2005,c,54.59946043762481,54.59946043762481
2006,c,54.59946043762481,54.59946043762481
2007,t,54.59946043762481,54.59946043762481
2008,t,54.59946043762481,54.59946043762481
2009,t,54.59946043762481,54.59946043762481
2010,na,-1,0
2011,c,7.32263214110852,23.068075589790734
2012,c,54.59946043762481,54.59946043762481
2013,c,54.59946043762481,54.59946043762481
2014,c,54.59946043762481,54.59946043762481
2015,c,54.59946043762481,54.59946043762481
2016,c,54.59946043762481,54.59946043762481
2017,c,54.59946043762481,54.59946043762481
2018,c,54.59946043762481,54.59946043762481
2019,c,54.59946043762481,54.59946043762481
2020,c,54.59946043762481,54.59946043762481
2021,c,54.59946043762481,54.59946043762481
2022,t,54.59946043762481,54.59946043762481
2023,t,54.59946043762481,54.59946043762481
2024,c,54.59946043762481,54.59946043762481
2025,c,54.59946043762481,54.59946043762481
2026,t,54.59946043762481,54.59946043762481
2027,c,54.59946043762481,54.59946043762481
2028,c,54.59946043762481,54.59946043762481
2029,t,54.59946043762481,54.59946043762481
2030,c,54.59946043762481,54.59946043762481
2031,c,54.59946043762481,54.59946043762481
2032,c,54.59946043762481,54.59946043762481
2033,c,54.59946043762481,54.59946043762481
2034,c,54.59946043762481,54.59946043762481
2035,c,54.59946043762481,54.59946043762481
2036,c,54.59946043762481,54.59946043762481
2037,c,54.59946043762481,54.59946043762481
2038,c,54.59946043762481,54.59946043762481
2039,c,54.59946043762481,54.59946043762481
2040,c,54.59946043762481,54.59946043762481
2041,c,54.59946043762481,54.59946043762481
2042,c,54.59946043762481,54.59946043762481
2043,c,54.59946043762481,54.59946043762481
2044,t,54.59946043762481,54.59946043762481
2045,t,54.59946043762481,54.59946043762481
2046,c,54.59946043762481,54.59946043762481
2047,c,54.59946043762481,54.59946043762481
2048,c,54.59946043762481,54.59946043762481
2049,c,54.59946043762481,54.59946043762481
2050,t,54.59946043762481,54.59946043762481
2051,c,54.59946043762481,54.59946043762481
2052,c,54.59946043762481,54.59946043762481
2053,c,54.59946043762481,54.59946043762481
2054,c,54.59946043762481,54.59946043762481
2055,c,54.59946043762481,54.59946043762481
2056,c,54.59946043762481,54.59946043762481
2057,c,54.59946043762481,54.59946043762481
2058,c,54.59946043762481,54.59946043762481
2059,c,54.59946043762481,54.59946043762481
2060,c,54.59946043762481,54.59946043762481
2061,t,54.59946043762481,54.59946043762481
2062,c,11.937385333368967,13.013545684740178
2063,c,54.59946043762481,54.59946043762481
2064,c,54.59946043762481,54.59946043762481
2065,c,54.59946043762481,54.59946043762481
2066,c,54.59946043762481,54.59946043762481
2067,c,54.59946043762481,54.59946043762481
2068,c,54.59946043762481,54.59946043762481
2069,c,54.59946043762481,54.59946043762481
2070,c,54.59946043762481,54.59946043762481
2071,c,54.59946043762481,54.59946043762481
2072,c,54.59946043762481,54.59946043762481
2073,c,54.59946043762481,54.59946043762481
2074,c,54.59946043762481,54.59946043762481
2075,t,54.59946043762481,54.59946043762481
2076,c,54.59946043762481,54.59946043762481
2077,c,54.59946043762481,54.59946043762481
2078,t,54.59946043762481,54.59946043762481
2079,c,54.59946043762481,54.59946043762481
2080,t,54.59946043762481,54.59946043762481
2081,c,10.122950687951793,12.342900900765741
2082,c,54.59946043762481,54.59946043762481
2083,c,54.59946043762481,54.59946043762481
2084,c,54.59946043762481,54.59946043762481
2085,t,54.59946043762481,54.59946043762481
2086,c,54.59946043762481,54.59946043762481
2087,c,54.59946043762481,54.59946043762481
2088,c,54.59946043762481,54.59946043762481
2089,c,54.59946043762481,54.59946043762481
2090,t,54.59946043762481,54.59946043762481
2091,na,0,0.5052916873440908
2092,c,54.59946043762481,54.59946043762481
2093,c,54.59946043762481,54.59946043762481
2094,c,54.59946043762481,54.59946043762481
2095,c,54.59946043762481,54.59946043762481
2096,c,54.59946043762481,54.59946043762481
2097,c,54.59946043762481,54.59946043762481
2098,c,54.59946043762481,54.59946043762481
2099,c,54.59946043762481,54.59946043762481
2100,c,54.59946043762481,54.59946043762481
2101,c,54.59946043762481,54.59946043762481
2102,c,54.59946043762481,54.59946043762481
2103,c,54.59946043762481,54.59946043762481
2104,c,54.59946043762481,54.59946043762481
2105,c,54.59946043762481,54.59946043762481
2106,c,54.59946043762481,54.59946043762481
2107,c,54.59946043762481,54.59946043762481
2108,t,54.59946043762481,54.59946043762481
2109,t,54.59946043762481,54.59946043762481
2110,c,54.59946043762481,54.59946043762481
2111,c,54.59946043762481,54.59946043762481
2112,c,54.59946043762481,54.59946043762481
2113,c,54.59946043762481,54.59946043762481
2114,c,54.59946043762481,54.59946043762481
2115,c,54.59946043762481,54.59946043762481
2116,t,54.59946043762481,54.59946043762481
2117,c,54.59946043762481,54.59946043762481
2118,c,54.59946043762481,54.59946043762481
2119,c,54.59946043762481,54.59946043762481
2120,c,54.59946043762481,54.59946043762481
2121,c,54.59946043762481,54.59946043762481
2122,t,54.59946043762481,54.59946043762481
2123,c,54.59946043762481,54.59946043762481
2124,c,54.59946043762481,54.59946043762481
2125,t,54.59946043762481,54.59946043762481
2126,c,54.59946043762481,54.59946043762481
2127,c,54.59946043762481,54.59946043762481
2128,c,54.59946043762481,54.59946043762481
2129,c,54.59946043762481,54.59946043762481
2130,c,54.59946043762481,54.59946043762481
2131,t,54.59946043762481,54.59946043762481
2132,c,54.59946043762481,54.59946043762481
2133,c,54.59946043762481,54.59946043762481
2134,t,54.59946043762481,54.59946043762481
2135,t,54.59946043762481,54.59946043762481
2136,t,54.59946043762481,54.59946043762481
2137,c,54.59946043762481,54.59946043762481
2138,c,54.59946043762481,54.59946043762481
2139,c,54.59946043762481,54.59946043762481
2140,c,54.59946043762481,54.59946043762481
2141,c,54.59946043762481,54.59946043762481
2142,c,54.59946043762481,54.59946043762481
2143,c,54.59946043762481,54.59946043762481
2144,c,54.59946043762481,54.59946043762481
2145,c,54.59946043762481,54.59946043762481
2146,c,54.59946043762481,54.59946043762481
2147,t,54.59946043762481,54.59946043762481
2148,c,54.59946043762481,54.59946043762481
2149,c,54.59946043762481,54.59946043762481
2150,c,54.59946043762481,54.59946043762481
2151,c,54.59946043762481,54.59946043762481
2152,c,54.59946043762481,54.59946043762481
2153,c,54.59946043762481,54.59946043762481
2154,c,54.59946043762481,54.59946043762481
2155,t,54.59946043762481,54.59946043762481
2156,c,54.59946043762481,54.59946043762481
2157,c,54.59946043762481,54.59946043762481
2158,c,54.59946043762481,54.59946043762481
2159,t,54.59946043762481,54.59946043762481
2160,c,54.59946043762481,54.59946043762481
2161,na,4.611128573735307,8.294878323670279
2162,c,54.59946043762481,54.59946043762481
2163,c,54.59946043762481,54.59946043762481
2164,c,54.59946043762481,54.59946043762481
2165,t,54.59946043762481,54.59946043762481
2166,c,54.59946043762481,54.59946043762481
2167,c,54.59946043762481,54.59946043762481
2168,c,54.59946043762481,54.59946043762481
2169,c,54.59946043762481,54.59946043762481
2170,c,54.59946043762481,54.59946043762481
2171,t,54.59946043762481,54.59946043762481
2172,c,54.59946043762481,54.59946043762481
2173,c,54.59946043762481,54.59946043762481
2174,c,54.59946043762481,54.59946043762481
2175,t,54.59946043762481,54.59946043762481
2176,c,54.59946043762481,54.59946043762481
2177,c,54.59946043762481,54.59946043762481
2178,c,54.59946043762481,54.59946043762481
2179,c,54.59946043762481,54.59946043762481
2180,c,54.59946043762481,54.59946043762481
2181,t,54.59946043762481,54.59946043762481
2182,c,54.59946043762481,54.59946043762481
2183,c,28.304103266222914,34.84524189852056
2184,c,54.59946043762481,54.59946043762481
2185,c,54.59946043762481,54.59946043762481
2186,c,54.59946043762481,54.59946043762481
2187,t,54.59946043762481,54.59946043762481
2188,c,54.59946043762481,54.59946043762481
2189,c,54.59946043762481,54.59946043762481
2190,t,54.59946043762481,54.59946043762481
2191,c,54.59946043762481,54.59946043762481
2192,c,54.59946043762481,54.59946043762481
2193,c,54.59946043762481,54.59946043762481
2194,c,54.59946043762481,54.59946043762481
2195,t,54.59946043762481,54.59946043762481
2196,t,54.59946043762481,54.59946043762481
2197,c,54.59946043762481,54.59946043762481
2198,c,54.59946043762481,54.59946043762481
2199,t,54.59946043762481,54.59946043762481
2200,c,54.59946043762481,54.59946043762481
2201,t,54.59946043762481,54.59946043762481
2202,c,54.59946043762481,54.59946043762481
2203,c,54.59946043762481,54.59946043762481
2204,c,54.59946043762481,54.59946043762481
2205,c,54.59946043762481,54.59946043762481
2206,c,54.59946043762481,54.59946043762481
2207,c,54.59946043762481,54.59946043762481
2208,c,54.59946043762481,54.59946043762481
2209,c,54.59946043762481,54.59946043762481
2210,c,54.59946043762481,54.59946043762481
2211,c,54.59946043762481,54.59946043762481
2212,c,54.59946043762481,54.59946043762481
2213,c,54.59946043762481,54.59946043762481
2214,c,54.59946043762481,54.59946043762481
2215,t,54.59946043762481,54.59946043762481
2216,c,54.59946043762481,54.59946043762481
2217,c,54.59946043762481,54.59946043762481
2218,c,54.59946043762481,54.59946043762481
2219,c,54.59946043762481,54.59946043762481
2220,t,54.59946043762481,54.59946043762481
2221,t,54.59946043762481,54.59946043762481
2222,c,54.59946043762481,54.59946043762481
2223,c,54.59946043762481,54.59946043762481
2224,c,54.59946043762481,54.59946043762481
2225,c,54.59946043762481,54.59946043762481
2226,c,54.59946043762481,54.59946043762481
2227,c,54.59946043762481,54.59946043762481
2228,t,54.59946043762481,54.59946043762481
2229,c,54.59946043762481,54.59946043762481
2230,c,54.59946043762481,54.59946043762481
2231,c,54.59946043762481,54.59946043762481
2232,c,54.59946043762481,54.59946043762481
2233,c,54.59946043762481,54.59946043762481
2234,c,54.59946043762481,54.59946043762481
2235,c,54.59946043762481,54.59946043762481
2236,c,54.59946043762481,54.59946043762481
2237,c,54.59946043762481,54.59946043762481
2238,c,54.59946043762481,54.59946043762481
2239,c,54.59946043762481,54.59946043762481
2240,c,54.59946043762481,54.59946043762481
2241,t,54.59946043762481,54.59946043762481
2242,t,54.59946043762481,54.59946043762481
2243,c,54.59946043762481,54.59946043762481
2244,c,54.59946043762481,54.59946043762481
2245,c,54.59946043762481,54.59946043762481
2246,c,54.59946043762481,54.59946043762481
2247,c,54.59946043762481,54.59946043762481
2248,c,54.59946043762481,54.59946043762481
2249,c,54.59946043762481,54.59946043762481
2250,c,54.59946043762481,54.59946043762481
2251,c,54.59946043762481,54.59946043762481
2252,c,54.59946043762481,54.59946043762481
2253,c,54.59946043762481,54.59946043762481
2254,c,54.59946043762481,54.59946043762481
2255,c,54.59946043762481,54.59946043762481
2256,c,54.59946043762481,54.59946043762481
2257,c,54.59946043762481,54.59946043762481
2258,t,54.59946043762481,54.59946043762481
2259,c,54.59946043762481,54.59946043762481
2260,c,54.59946043762481,54.59946043762481
2261,c,54.59946043762481,54.59946043762481
2262,c,54.59946043762481,54.59946043762481
2263,c,54.59946043762481,54.59946043762481
2264,c,54.59946043762481,54.59946043762481
2265,c,54.59946043762481,54.59946043762481
2266,t,54.59946043762481,54.59946043762481
2267,t,54.59946043762481,54.59946043762481
2268,t,54.59946043762481,54.59946043762481
2269,c,54.59946043762481,54.59946043762481
2270,t,54.59946043762481,54.59946043762481
2271,c,54.59946043762481,54.59946043762481
2272,c,54.59946043762481,54.59946043762481
2273,c,54.59946043762481,54.59946043762481
2274,c,54.59946043762481,54.59946043762481
2275,c,54.59946043762481,54.59946043762481
2276,c,54.59946043762481,54.59946043762481
2277,c,54.59946043762481,54.59946043762481
2278,c,54.59946043762481,54.59946043762481
2279,c,54.59946043762481,54.59946043762481
2280,c,54.59946043762481,54.59946043762481
2281,c,54.59946043762481,54.59946043762481
2282,c,54.59946043762481,54.59946043762481
2283,c,54.59946043762481,54.59946043762481
2284,t,54.59946043762481,54.59946043762481
2285,c,54.59946043762481,54.59946043762481
2286,c,54.59946043762481,54.59946043762481
2287,c,54.59946043762481,54.59946043762481
2288,c,54.59946043762481,54.59946043762481
2289,c,54.59946043762481,54.59946043762481
2290,c,54.59946043762481,54.59946043762481
2291,c,54.59946043762481,54.59946043762481
2292,c,54.59946043762481,54.59946043762481
2293,t,54.59946043762481,54.59946043762481
2294,c,54.59946043762481,54.59946043762481
2295,t,54.59946043762481,54.59946043762481
2296,c,54.59946043762481,54.59946043762481
2297,t,54.59946043762481,54.59946043762481
2298,c,54.59946043762481,54.59946043762481
2299,c,54.59946043762481,54.59946043762481
2300,t,54.59946043762481,54.59946043762481
2301,c,54.59946043762481,54.59946043762481
2302,c,54.59946043762481,54.59946043762481
2303,c,54.59946043762481,54.59946043762481
2304,c,54.59946043762481,54.59946043762481
2305,c,54.59946043762481,54.59946043762481
2306,c,54.59946043762481,54.59946043762481
2307,c,54.59946043762481,54.59946043762481
2308,c,54.59946043762481,54.59946043762481
2309,c,54.59946043762481,54.59946043762481
2310,c,54.59946043762481,54.59946043762481
2311,t,54.59946043762481,54.59946043762481
2312,t,54.59946043762481,54.59946043762481
2313,c,54.59946043762481,54.59946043762481
2314,c,54.59946043762481,54.59946043762481
2315,t,54.59946043762481,54.59946043762481
2316,c,54.59946043762481,54.59946043762481
2317,c,54.59946043762481,54.59946043762481
2318,c,54.59946043762481,54.59946043762481
2319,c,54.59946043762481,54.59946043762481
2320,c,54.59946043762481,54.59946043762481
2321,c,54.59946043762481,54.59946043762481
2322,c,54.59946043762481,54.59946043762481
2323,c,54.59946043762481,54.59946043762481
2324,t,54.59946043762481,54.59946043762481
2325,c,54.59946043762481,54.59946043762481
2326,c,54.59946043762481,54.59946043762481
2327,c,54.59946043762481,54.59946043762481
2328,c,54.59946043762481,54.59946043762481
2329,c,54.59946043762481,54.59946043762481
2330,c,54.59946043762481,54.59946043762481
2331,t,54.59946043762481,54.59946043762481
2332,t,54.59946043762481,54.59946043762481
2333,c,54.59946043762481,54.59946043762481
2334,c,54.59946043762481,54.59946043762481
2335,c,54.59946043762481,54.59946043762481
2336,c,54.59946043762481,54.59946043762481
2337,c,54.59946043762481,54.59946043762481
2338,c,54.59946043762481,54.59946043762481
2339,t,54.59946043762481,54.59946043762481
2340,t,54.59946043762481,54.59946043762481
2341,c,54.59946043762481,54.59946043762481
2342,t,54.59946043762481,54.59946043762481
2343,c,54.59946043762481,54.59946043762481
2344,t,54.59946043762481,54.59946043762481
2345,c,54.59946043762481,54.59946043762481
2346,c,54.59946043762481,54.59946043762481
2347,t,54.59946043762481,54.59946043762481
2348,c,54.59946043762481,54.59946043762481
2349,c,54.59946043762481,54.59946043762481
2350,c,54.59946043762481,54.59946043762481
2351,c,54.59946043762481,54.59946043762481
2352,c,54.59946043762481,54.59946043762481
2353,t,54.59946043762481,54.59946043762481
2354,c,54.59946043762481,54.59946043762481
2355,c,54.59946043762481,54.59946043762481
2356,c,54.59946043762481,54.59946043762481
2357,c,54.59946043762481,54.59946043762481
2358,c,54.59946043762481,54.59946043762481
2359,c,54.59946043762481,54.59946043762481
2360,c,54.59946043762481,54.59946043762481
2361,c,54.59946043762481,54.59946043762481
2362,c,54.59946043762481,54.59946043762481
2363,t,54.59946043762481,54.59946043762481
2364,c,54.59946043762481,54.59946043762481
2365,na,0,1.2355506070007856
2366,c,54.59946043762481,54.59946043762481
2367,c,54.59946043762481,54.59946043762481
2368,c,54.59946043762481,54.59946043762481
2369,c,54.59946043762481,54.59946043762481
2370,c,54.59946043762481,54.59946043762481
2371,c,54.59946043762481,54.59946043762481
2372,c,54.59946043762481,54.59946043762481
2373,c,54.59946043762481,54.59946043762481
2374,t,54.59946043762481,54.59946043762481
2375,c,54.59946043762481,54.59946043762481
2376,c,54.59946043762481,54.59946043762481
2377,c,54.59946043762481,54.59946043762481
2378,c,54.59946043762481,54.59946043762481
2379,c,54.59946043762481,54.59946043762481
2380,c,54.59946043762481,54.59946043762481
2381,c,54.59946043762481,54.59946043762481
2382,t,54.59946043762481,54.59946043762481
2383,c,54.59946043762481,54.59946043762481
2384,c,54.59946043762481,54.59946043762481
2385,c,54.59946043762481,54.59946043762481
2386,t,54.59946043762481,54.59946043762481
2387,t,54.59946043762481,54.59946043762481
2388,c,54.59946043762481,54.59946043762481
2389,c,54.59946043762481,54.59946043762481
2390,c,54.59946043762481,54.59946043762481
2391,c,54.59946043762481,54.59946043762481
2392,c,54.59946043762481,54.59946043762481
2393,c,54.59946043762481,54.59946043762481
2394,t,54.59946043762481,54.59946043762481
2395,c,54.59946043762481,54.59946043762481
2396,t,54.59946043762481,54.59946043762481
2397,t,54.59946043762481,54.59946043762481
2398,c,54.59946043762481,54.59946043762481
2399,t,54.59946043762481,54.59946043762481
2400,t,54.59946043762481,54.59946043762481
2401,c,54.59946043762481,54.59946043762481
2402,na,0.4171515487154053,8.769437474473577
2403,c,54.59946043762481,54.59946043762481
2404,c,54.59946043762481,54.59946043762481
2405,c,54.59946043762481,54.59946043762481
2406,t,54.59946043762481,54.59946043762481
2407,c,54.59946043762481,54.59946043762481
2408,c,54.59946043762481,54.59946043762481
2409,t,54.59946043762481,54.59946043762481
2410,c,54.59946043762481,54.59946043762481
2411,t,54.59946043762481,54.59946043762481
2412,t,54.59946043762481,54.59946043762481
2413,c,54.59946043762481,54.59946043762481
2414,c,54.59946043762481,54.59946043762481
2415,c,54.59946043762481,54.59946043762481
2416,c,54.59946043762481,54.59946043762481
2417,c,54.59946043762481,54.59946043762481
2418,t,54.59946043762481,54.59946043762481
2419,c,54.59946043762481,54.59946043762481
2420,c,54.59946043762481,54.59946043762481
2421,c,54.59946043762481,54.59946043762481
2422,c,54.59946043762481,54.59946043762481
2423,c,54.59946043762481,54.59946043762481
2424,c,54.59946043762481,54.59946043762481
2425,c,54.59946043762481,54.59946043762481
2426,t,54.59946043762481,54.59946043762481
2427,t,54.59946043762481,54.59946043762481
2428,t,54.59946043762481,54.59946043762481
2429,c,54.59946043762481,54.59946043762481
2430,t,54.59946043762481,54.59946043762481
2431,c,54.59946043762481,54.59946043762481
2432,c,54.59946043762481,54.59946043762481
2433,c,54.59946043762481,54.59946043762481
2434,c,54.59946043762481,54.59946043762481
2435,c,54.59946043762481,54.59946043762481
2436,c,54.59946043762481,54.59946043762481
2437,c,54.59946043762481,54.59946043762481
2438,c,54.59946043762481,54.59946043762481
2439,c,54.59946043762481,54.59946043762481
2440,t,54.59946043762481,54.59946043762481
2441,c,54.59946043762481,54.59946043762481
2442,c,54.59946043762481,54.59946043762481
2443,c,54.59946043762481,54.59946043762481
2444,c,54.59946043762481,54.59946043762481
2445,t,54.59946043762481,54.59946043762481
2446,c,54.59946043762481,54.59946043762481
2447,t,54.59946043762481,54.59946043762481
2448,c,54.59946043762481,54.59946043762481
2449,c,54.59946043762481,54.59946043762481
2450,c,54.59946043762481,54.59946043762481
2451,c,54.59946043762481,54.59946043762481
2452,c,54.59946043762481,54.59946043762481
2453,c,54.59946043762481,54.59946043762481
2454,c,54.59946043762481,54.59946043762481
2455,c,54.59946043762481,54.59946043762481
2456,t,54.59946043762481,54.59946043762481
2457,c,54.59946043762481,54.59946043762481
2458,c,54.59946043762481,54.59946043762481
2459,c,54.59946043762481,54.59946043762481
2460,c,54.59946043762481,54.59946043762481
2461,c,54.59946043762481,54.59946043762481
2462,c,54.59946043762481,54.59946043762481
2463,c,54.59946043762481,54.59946043762481
2464,c,54.59946043762481,54.59946043762481
2465,t,54.59946043762481,54.59946043762481
2466,t,54.59946043762481,54.59946043762481
2467,c,54.59946043762481,54.59946043762481
2468,c,54.59946043762481,54.59946043762481
2469,c,54.59946043762481,54.59946043762481
2470,c,54.59946043762481,54.59946043762481
2471,c,54.59946043762481,54.59946043762481
2472,c,54.59946043762481,54.59946043762481
2473,c,54.59946043762481,54.59946043762481
2474,c,54.59946043762481,54.59946043762481
2475,t,54.59946043762481,54.59946043762481
2476,c,54.59946043762481,54.59946043762481
2477,c,54.59946043762481,54.59946043762481
2478,t,54.59946043762481,54.59946043762481
2479,c,54.59946043762481,54.59946043762481
2480,c,54.59946043762481,54.59946043762481
2481,c,54.59946043762481,54.59946043762481
2482,c,54.59946043762481,54.59946043762481
2483,na,0,5.700287006031461
2484,c,54.59946043762481,54.59946043762481
2485,t,54.59946043762481,54.59946043762481
2486,c,54.59946043762481,54.59946043762481
2487,c,54.59946043762481,54.59946043762481
2488,c,54.59946043762481,54.59946043762481
2489,c,54.59946043762481,54.59946043762481
2490,c,54.59946043762481,54.59946043762481
2491,c,54.59946043762481,54.59946043762481
2492,t,54.59946043762481,54.59946043762481
2493,c,54.59946043762481,54.59946043762481
2494,c,54.59946043762481,54.59946043762481
2495,c,54.59946043762481,54.59946043762481
2496,c,54.59946043762481,54.59946043762481
2497,c,54.59946043762481,54.59946043762481
2498,c,54.59946043762481,54.59946043762481
2499,c,54.59946043762481,54.59946043762481
2500,c,54.59946043762481,54.59946043762481
2501,c,54.59946043762481,54.59946043762481
2502,c,54.59946043762481,54.59946043762481
2503,c,54.59946043762481,54.59946043762481
2504,c,54.59946043762481,54.59946043762481
2505,c,54.59946043762481,54.59946043762481
2506,t,54.59946043762481,54.59946043762481
2507,c,54.59946043762481,54.59946043762481
2508,c,54.59946043762481,54.59946043762481
2509,t,54.59946043762481,54.59946043762481
2510,t,54.59946043762481,54.59946043762481
2511,c,54.59946043762481,54.59946043762481
2512,c,54.59946043762481,54.59946043762481
2513,t,54.59946043762481,54.59946043762481
2514,t,54.59946043762481,54.59946043762481
2515,t,54.59946043762481,54.59946043762481
2516,c,54.59946043762481,54.59946043762481
2517,c,54.59946043762481,54.59946043762481
2518,c,54.59946043762481,54.59946043762481
2519,c,54.59946043762481,54.59946043762481
2520,c,54.59946043762481,54.59946043762481
2521,t,54.59946043762481,54.59946043762481
2522,c,54.59946043762481,54.59946043762481
2523,t,54.59946043762481,54.59946043762481
2524,c,54.59946043762481,54.59946043762481
2525,c,54.59946043762481,54.59946043762481
2526,t,54.59946043762481,54.59946043762481
2527,c,54.59946043762481,54.59946043762481
2528,c,54.59946043762481,54.59946043762481
2529,c,54.59946043762481,54.59946043762481
2530,c,54.59946043762481,54.59946043762481
2531,c,54.59946043762481,54.59946043762481
2532,c,54.59946043762481,54.59946043762481
2533,c,13.194172947391078,14.380654053914144
2534,t,54.59946043762481,54.59946043762481
2535,c,54.59946043762481,54.59946043762481
2536,c,54.59946043762481,54.59946043762481
2537,c,54.59946043762481,54.59946043762481
2538,c,54.59946043762481,54.59946043762481
2539,c,54.59946043762481,54.59946043762481
2540,c,54.59946043762481,54.59946043762481
2541,c,54.59946043762481,54.59946043762481
2542,c,54.59946043762481,54.59946043762481
2543,t,54.59946043762481,54.59946043762481
2544,c,54.59946043762481,54.59946043762481
2545,c,54.59946043762481,54.59946043762481
2546,c,54.59946043762481,54.59946043762481
2547,c,54.59946043762481,54.59946043762481
2548,c,54.59946043762481,54.59946043762481
2549,c,54.59946043762481,54.59946043762481
2550,c,54.59946043762481,54.59946043762481
2551,t,54.59946043762481,54.59946043762481
2552,c,54.59946043762481,54.59946043762481
2553,c,54.59946043762481,54.59946043762481
2554,c,54.59946043762481,54.59946043762481
2555,c,54.59946043762481,54.59946043762481
2556,c,54.59946043762481,54.59946043762481
2557,c,54.59946043762481,54.59946043762481
2558,t,54.59946043762481,54.59946043762481
2559,c,54.59946043762481,54.59946043762481
2560,c,54.59946043762481,54.59946043762481
2561,c,54.59946043762481,54.59946043762481
2562,c,54.59946043762481,54.59946043762481
2563,c,54.59946043762481,54.59946043762481
2564,c,54.59946043762481,54.59946043762481
2565,t,54.59946043762481,54.59946043762481
2566,c,1.8324631132033133,2.4787313832593605
2567,c,54.59946043762481,54.59946043762481
2568,t,54.59946043762481,54.59946043762481
2569,c,54.59946043762481,54.59946043762481
2570,c,54.59946043762481,54.59946043762481
2571,na,0.9559446918995044,2.035547741668861
2572,c,54.59946043762481,54.59946043762481
2573,c,54.59946043762481,54.59946043762481
2574,c,54.59946043762481,54.59946043762481
2575,t,54.59946043762481,54.59946043762481
2576,c,54.59946043762481,54.59946043762481
2577,t,54.59946043762481,54.59946043762481
2578,c,54.59946043762481,54.59946043762481
2579,c,54.59946043762481,54.59946043762481
2580,c,54.59946043762481,54.59946043762481
2581,c,54.59946043762481,54.59946043762481
2582,c,54.59946043762481,54.59946043762481
2583,c,54.59946043762481,54.59946043762481
2584,c,54.59946043762481,54.59946043762481
2585,c,54.59946043762481,54.59946043762481
2586,c,54.59946043762481,54.59946043762481
2587,c,54.59946043762481,54.59946043762481
2588,c,54.59946043762481,54.59946043762481
2589,c,54.59946043762481,54.59946043762481
2590,c,54.59946043762481,54.59946043762481
2591,t,54.59946043762481,54.59946043762481
2592,na,14.235073182910545,54.59946043762481
2593,c,46.43955772831194,46.555172536218265
2594,c,54.59946043762481,54.59946043762481
2595,c,54.59946043762481,54.59946043762481
2596,c,54.59946043762481,54.59946043762481
2597,t,54.59946043762481,54.59946043762481
2598,c,54.59946043762481,54.59946043762481
2599,c,54.59946043762481,54.59946043762481
2600,t,54.59946043762481,54.59946043762481
2601,c,54.59946043762481,54.59946043762481
2602,t,54.59946043762481,54.59946043762481
2603,c,54.59946043762481,54.59946043762481
2604,c,54.59946043762481,54.59946043762481
2605,c,54.59946043762481,54.59946043762481
2606,t,54.59946043762481,54.59946043762481
2607,c,54.59946043762481,54.59946043762481
2608,c,54.59946043762481,54.59946043762481
2609,c,54.59946043762481,54.59946043762481
2610,c,54.59946043762481,54.59946043762481
2611,c,54.59946043762481,54.59946043762481
2612,t,54.59946043762481,54.59946043762481
2613,c,54.59946043762481,54.59946043762481
2614,c,54.59946043762481,54.59946043762481
2615,c,54.59946043762481,54.59946043762481
2616,c,54.59946043762481,54.59946043762481
2617,c,54.59946043762481,54.59946043762481
2618,c,54.59946043762481,54.59946043762481
2619,c,54.59946043762481,54.59946043762481
2620,c,54.59946043762481,54.59946043762481
2621,t,54.59946043762481,54.59946043762481
2622,c,54.59946043762481,54.59946043762481
2623,t,54.59946043762481,54.59946043762481
2624,c,54.59946043762481,54.59946043762481
2625,c,54.59946043762481,54.59946043762481
2626,t,54.59946043762481,54.59946043762481
2627,t,54.59946043762481,54.59946043762481
2628,c,54.59946043762481,54.59946043762481
2629,t,54.59946043762481,54.59946043762481
2630,c,13.238183306194959,14.781600293233154
2631,c,54.59946043762481,54.59946043762481
2632,c,54.59946043762481,54.59946043762481
2633,c,54.59946043762481,54.59946043762481
2634,c,2.993392154858201,54.59946043762481
2635,c,54.59946043762481,54.59946043762481
2636,c,54.59946043762481,54.59946043762481
2637,t,54.59946043762481,54.59946043762481
2638,t,54.59946043762481,54.59946043762481
2639,t,54.59946043762481,54.59946043762481
2640,c,54.59946043762481,54.59946043762481
2641,c,54.59946043762481,54.59946043762481
2642,c,54.59946043762481,54.59946043762481
2643,c,54.59946043762481,54.59946043762481
2644,c,54.59946043762481,54.59946043762481
2645,t,54.59946043762481,54.59946043762481
2646,c,54.59946043762481,54.59946043762481
2647,c,54.59946043762481,54.59946043762481
2648,c,54.59946043762481,54.59946043762481
2649,t,54.59946043762481,54.59946043762481
2650,c,54.59946043762481,54.59946043762481
2651,c,54.59946043762481,54.59946043762481
2652,c,54.59946043762481,54.59946043762481
2653,c,54.59946043762481,54.59946043762481
2654,c,54.59946043762481,54.59946043762481
2655,c,54.59946043762481,54.59946043762481
2656,c,54.59946043762481,54.59946043762481
2657,c,54.59946043762481,54.59946043762481
2658,c,54.59946043762481,54.59946043762481
2659,t,54.59946043762481,54.59946043762481
2660,c,54.59946043762481,54.59946043762481
2661,c,54.59946043762481,54.59946043762481
2662,c,54.59946043762481,54.59946043762481
2663,t,54.59946043762481,54.59946043762481
2664,t,54.59946043762481,54.59946043762481
2665,c,54.59946043762481,54.59946043762481
2666,t,54.59946043762481,54.59946043762481
2667,t,54.59946043762481,54.59946043762481
2668,t,54.59946043762481,54.59946043762481
2669,c,7.1594706105789045,8.503517396780092
2670,c,54.59946043762481,54.59946043762481
2671,c,54.59946043762481,54.59946043762481
2672,c,54.59946043762481,54.59946043762481
2673,c,54.59946043762481,54.59946043762481
2674,c,54.59946043762481,54.59946043762481
2675,c,54.59946043762481,54.59946043762481
2676,t,54.59946043762481,54.59946043762481
2677,c,54.59946043762481,54.59946043762481
2678,c,54.59946043762481,54.59946043762481
2679,c,54.59946043762481,54.59946043762481
2680,c,54.59946043762481,54.59946043762481
2681,c,54.59946043762481,54.59946043762481
2682,c,54.59946043762481,54.59946043762481
2683,c,54.59946043762481,54.59946043762481
2684,c,54.59946043762481,54.59946043762481
2685,c,54.59946043762481,54.59946043762481
2686,c,54.59946043762481,54.59946043762481
2687,t,54.59946043762481,54.59946043762481
2688,c,54.59946043762481,54.59946043762481
2689,c,54.59946043762481,54.59946043762481
2690,c,54.59946043762481,54.59946043762481
2691,c,54.59946043762481,54.59946043762481
2692,c,54.59946043762481,54.59946043762481
2693,t,54.59946043762481,54.59946043762481
2694,c,54.59946043762481,54.59946043762481
2695,c,54.59946043762481,54.59946043762481
2696,na,5.099114289785703,6.423642556211081
2697,c,54.59946043762481,54.59946043762481
2698,c,54.59946043762481,54.59946043762481
2699,c,54.59946043762481,54.59946043762481
2700,c,54.59946043762481,54.59946043762481
2701,c,54.59946043762481,54.59946043762481
2702,c,54.59946043762481,54.59946043762481
2703,c,54.59946043762481,54.59946043762481
2704,c,54.59946043762481,54.59946043762481
2705,c,54.59946043762481,54.59946043762481
2706,c,54.59946043762481,54.59946043762481
2707,c,54.59946043762481,54.59946043762481
2708,t,54.59946043762481,54.59946043762481
2709,c,54.59946043762481,54.59946043762481
2710,t,54.59946043762481,54.59946043762481
2711,t,54.59946043762481,54.59946043762481
2712,c,54.59946043762481,54.59946043762481
2713,c,54.59946043762481,54.59946043762481
2714,c,54.59946043762481,54.59946043762481
2715,c,2.2005408382065412,4.181222570123093
2716,c,54.59946043762481,54.59946043762481
2717,c,54.59946043762481,54.59946043762481
2718,c,54.59946043762481,54.59946043762481
2719,c,54.59946043762481,54.59946043762481
2720,c,54.59946043762481,54.59946043762481
2721,c,54.59946043762481,54.59946043762481
2722,c,54.59946043762481,54.59946043762481
2723,t,54.59946043762481,54.59946043762481
2724,c,54.59946043762481,54.59946043762481
2725,c,54.59946043762481,54.59946043762481
2726,t,54.59946043762481,54.59946043762481
2727,c,54.59946043762481,54.59946043762481
2728,c,54.59946043762481,54.59946043762481
2729,t,54.59946043762481,54.59946043762481
2730,c,54.59946043762481,54.59946043762481
2731,c,54.59946043762481,54.59946043762481
2732,c,54.59946043762481,54.59946043762481
2733,c,54.59946043762481,54.59946043762481
2734,c,54.59946043762481,54.59946043762481
2735,c,54.59946043762481,54.59946043762481
2736,c,54.59946043762481,54.59946043762481
2737,t,54.59946043762481,54.59946043762481
2738,c,54.59946043762481,54.59946043762481
2739,c,54.59946043762481,54.59946043762481
2740,c,54.59946043762481,54.59946043762481
2741,c,54.59946043762481,54.59946043762481
2742,t,54.59946043762481,54.59946043762481
2743,c,54.59946043762481,54.59946043762481
2744,c,54.59946043762481,54.59946043762481
2745,t,54.59946043762481,54.59946043762481
2746,c,54.59946043762481,54.59946043762481
2747,c,54.59946043762481,54.59946043762481
2748,c,54.59946043762481,54.59946043762481
2749,c,54.59946043762481,54.59946043762481
2750,t,54.59946043762481,54.59946043762481
2751,c,54.59946043762481,54.59946043762481
2752,c,54.59946043762481,54.59946043762481
2753,c,54.59946043762481,54.59946043762481
2754,t,54.59946043762481,54.59946043762481
2755,c,54.59946043762481,54.59946043762481
2756,c,54.59946043762481,54.59946043762481
2757,c,54.59946043762481,54.59946043762481
2758,t,54.59946043762481,54.59946043762481
2759,c,54.59946043762481,54.59946043762481
2760,c,54.59946043762481,54.59946043762481
2761,c,54.59946043762481,54.59946043762481
2762,t,54.59946043762481,54.59946043762481
2763,c,54.59946043762481,54.59946043762481
2764,c,54.59946043762481,54.59946043762481
2765,t,54.59946043762481,54.59946043762481
2766,c,54.59946043762481,54.59946043762481
2767,c,54.59946043762481,54.59946043762481
2768,t,54.59946043762481,54.59946043762481
2769,t,54.59946043762481,54.59946043762481
2770,c,54.59946043762481,54.59946043762481
2771,c,54.59946043762481,54.59946043762481
2772,c,54.59946043762481,54.59946043762481
2773,c,54.59946043762481,54.59946043762481
2774,c,54.59946043762481,54.59946043762481
2775,c,54.59946043762481,54.59946043762481
2776,c,54.59946043762481,54.59946043762481
2777,c,54.59946043762481,54.59946043762481
2778,c,54.59946043762481,54.59946043762481
2779,c,54.59946043762481,54.59946043762481
2780,t,54.59946043762481,54.59946043762481
2781,c,54.59946043762481,54.59946043762481
2782,c,54.59946043762481,54.59946043762481
2783,c,54.59946043762481,54.59946043762481
2784,c,54.59946043762481,54.59946043762481
2785,c,54.59946043762481,54.59946043762481
2786,c,54.59946043762481,54.59946043762481
2787,c,54.59946043762481,54.59946043762481
2788,c,54.59946043762481,54.59946043762481
2789,c,54.59946043762481,54.59946043762481
2790,c,54.59946043762481,54.59946043762481
2791,c,54.59946043762481,54.59946043762481
2792,c,54.59946043762481,54.59946043762481
2793,c,54.59946043762481,54.59946043762481
2794,c,54.59946043762481,54.59946043762481
2795,t,54.59946043762481,54.59946043762481
2796,c,54.59946043762481,54.59946043762481
2797,t,54.59946043762481,54.59946043762481
2798,c,54.59946043762481,54.59946043762481
2799,c,54.59946043762481,54.59946043762481
2800,c,54.59946043762481,54.59946043762481
2801,c,54.59946043762481,54.59946043762481
2802,t,54.59946043762481,54.59946043762481
2803,t,54.59946043762481,54.59946043762481
2804,c,54.59946043762481,54.59946043762481
2805,c,54.59946043762481,54.59946043762481
2806,c,54.59946043762481,54.59946043762481
2807,c,54.59946043762481,54.59946043762481
2808,c,54.59946043762481,54.59946043762481
2809,c,54.59946043762481,54.59946043762481
2810,c,54.59946043762481,54.59946043762481
2811,c,54.59946043762481,54.59946043762481
2812,c,54.59946043762481,54.59946043762481
2813,c,54.59946043762481,54.59946043762481
2814,c,54.59946043762481,54.59946043762481
2815,c,54.59946043762481,54.59946043762481
2816,c,54.59946043762481,54.59946043762481
2817,c,54.59946043762481,54.59946043762481
2818,c,54.59946043762481,54.59946043762481
2819,t,54.59946043762481,54.59946043762481
2820,t,54.59946043762481,54.59946043762481
2821,t,54.59946043762481,54.59946043762481
2822,c,54.59946043762481,54.59946043762481
2823,c,54.59946043762481,54.59946043762481
2824,c,54.59946043762481,54.59946043762481
2825,c,54.59946043762481,54.59946043762481
2826,c,54.59946043762481,54.59946043762481
2827,c,54.59946043762481,54.59946043762481
2828,t,54.59946043762481,54.59946043762481
2829,c,54.59946043762481,54.59946043762481
2830,c,54.59946043762481,54.59946043762481
2831,c,54.59946043762481,54.59946043762481
2832,c,54.59946043762481,54.59946043762481
2833,c,54.59946043762481,54.59946043762481
2834,c,54.59946043762481,54.59946043762481
2835,c,54.59946043762481,54.59946043762481
2836,c,54.59946043762481,54.59946043762481
2837,c,54.59946043762481,54.59946043762481
2838,c,54.59946043762481,54.59946043762481
2839,c,54.59946043762481,54.59946043762481
2840,t,54.59946043762481,54.59946043762481
2841,na,0,2.5768055086166917
2842,c,54.59946043762481,54.59946043762481
2843,c,54.59946043762481,54.59946043762481
2844,c,54.59946043762481,54.59946043762481
2845,c,54.59946043762481,54.59946043762481
2846,c,54.59946043762481,54.59946043762481
2847,c,54.59946043762481,54.59946043762481
2848,c,54.59946043762481,54.59946043762481
2849,c,54.59946043762481,54.59946043762481
2850,c,54.59946043762481,54.59946043762481
2851,c,54.59946043762481,54.59946043762481
2852,c,54.59946043762481,54.59946043762481
2853,c,54.59946043762481,54.59946043762481
2854,c,54.59946043762481,54.59946043762481
2855,c,54.59946043762481,54.59946043762481
2856,t,54.59946043762481,54.59946043762481
2857,t,54.59946043762481,54.59946043762481
2858,c,54.59946043762481,54.59946043762481
2859,c,54.59946043762481,54.59946043762481
2860,c,6.962995117736428,15.363085052506754
2861,c,54.59946043762481,54.59946043762481
2862,c,54.59946043762481,54.59946043762481
2863,c,54.59946043762481,54.59946043762481
2864,c,54.59946043762481,54.59946043762481
2865,c,54.59946043762481,54.59946043762481
2866,t,54.59946043762481,54.59946043762481
2867,c,54.59946043762481,54.59946043762481
2868,c,54.59946043762481,54.59946043762481
2869,t,54.59946043762481,54.59946043762481
2870,c,54.59946043762481,54.59946043762481
2871,c,54.59946043762481,54.59946043762481
2872,c,54.59946043762481,54.59946043762481
2873,c,54.59946043762481,54.59946043762481
2874,c,54.59946043762481,54.59946043762481
2875,c,54.59946043762481,54.59946043762481
2876,c,54.59946043762481,54.59946043762481
2877,c,54.59946043762481,54.59946043762481
2878,t,54.59946043762481,54.59946043762481
2879,c,54.59946043762481,54.59946043762481
2880,c,54.59946043762481,54.59946043762481
2881,c,54.59946043762481,54.59946043762481
2882,t,54.59946043762481,54.59946043762481
2883,c,54.59946043762481,54.59946043762481
2884,c,54.59946043762481,54.59946043762481
2885,c,54.59946043762481,54.59946043762481
2886,t,54.59946043762481,54.59946043762481
2887,t,54.59946043762481,54.59946043762481
2888,t,54.59946043762481,54.59946043762481
2889,c,54.59946043762481,54.59946043762481
2890,c,54.59946043762481,54.59946043762481
2891,c,54.59946043762481,54.59946043762481
2892,c,54.59946043762481,54.59946043762481
2893,c,54.59946043762481,54.59946043762481
2894,c,54.59946043762481,54.59946043762481
2895,c,54.59946043762481,54.59946043762481
2896,c,54.59946043762481,54.59946043762481
2897,c,54.59946043762481,54.59946043762481
2898,c,54.59946043762481,54.59946043762481
2899,t,54.59946043762481,54.59946043762481
2900,t,54.59946043762481,54.59946043762481
2901,c,54.59946043762481,54.59946043762481
2902,t,54.59946043762481,54.59946043762481
2903,c,54.59946043762481,54.59946043762481
2904,c,54.59946043762481,54.59946043762481
2905,c,54.59946043762481,54.59946043762481
2906,c,54.59946043762481,54.59946043762481
2907,t,54.59946043762481,54.59946043762481
2908,c,54.59946043762481,54.59946043762481
2909,c,54.59946043762481,54.59946043762481
2910,c,54.59946043762481,54.59946043762481
2911,c,54.59946043762481,54.59946043762481
2912,c,54.59946043762481,54.59946043762481
2913,c,54.59946043762481,54.59946043762481
2914,c,54.59946043762481,54.59946043762481
2915,c,54.59946043762481,54.59946043762481
2916,c,54.59946043762481,54.59946043762481
2917,c,54.59946043762481,54.59946043762481
2918,c,54.59946043762481,54.59946043762481
2919,c,54.59946043762481,54.59946043762481
2920,c,54.59946043762481,54.59946043762481
2921,c,54.59946043762481,54.59946043762481
2922,c,54.59946043762481,54.59946043762481
2923,na,0.8826208209740409,3.769235951026605
2924,t,54.59946043762481,54.59946043762481
2925,t,54.59946043762481,54.59946043762481
2926,c,54.59946043762481,54.59946043762481
2927,c,54.59946043762481,54.59946043762481
2928,t,54.59946043762481,54.59946043762481
2929,na,-1,0
2930,c,15.65728085691479,24.045225376751784
2931,c,54.59946043762481,54.59946043762481
2932,t,54.59946043762481,54.59946043762481
2933,c,54.59946043762481,54.59946043762481
2934,c,54.59946043762481,54.59946043762481
2935,c,3.799239573402296,6.907971922984141
2936,c,54.59946043762481,54.59946043762481
2937,c,54.59946043762481,54.59946043762481
2938,t,54.59946043762481,54.59946043762481
2939,c,54.59946043762481,54.59946043762481
2940,c,54.59946043762481,54.59946043762481
2941,t,54.59946043762481,54.59946043762481
2942,c,54.59946043762481,54.59946043762481
2943,t,54.59946043762481,54.59946043762481
2944,t,54.59946043762481,54.59946043762481
2945,t,54.59946043762481,54.59946043762481
2946,c,54.59946043762481,54.59946043762481
2947,c,54.59946043762481,54.59946043762481
2948,c,54.59946043762481,54.59946043762481
2949,c,54.59946043762481,54.59946043762481
2950,c,54.59946043762481,54.59946043762481
2951,t,54.59946043762481,54.59946043762481
2952,c,24.17317889287917,25.158623984814042
2953,t,54.59946043762481,54.59946043762481
2954,c,54.59946043762481,54.59946043762481
2955,c,54.59946043762481,54.59946043762481
2956,c,54.59946043762481,54.59946043762481
2957,c,54.59946043762481,54.59946043762481
2958,c,54.59946043762481,54.59946043762481
2959,c,54.59946043762481,54.59946043762481
2960,c,54.59946043762481,54.59946043762481
2961,c,54.59946043762481,54.59946043762481
2962,t,54.59946043762481,54.59946043762481
2963,c,54.59946043762481,54.59946043762481
2964,c,54.59946043762481,54.59946043762481
2965,c,54.59946043762481,54.59946043762481
2966,c,54.59946043762481,54.59946043762481
2967,c,54.59946043762481,54.59946043762481
2968,c,54.59946043762481,54.59946043762481
2969,c,54.59946043762481,54.59946043762481
2970,c,54.59946043762481,54.59946043762481
2971,c,54.59946043762481,54.59946043762481
2972,c,54.59946043762481,54.59946043762481
2973,t,54.59946043762481,54.59946043762481
2974,c,54.59946043762481,54.59946043762481
2975,c,54.59946043762481,54.59946043762481
2976,t,54.59946043762481,54.59946043762481
2977,t,54.59946043762481,54.59946043762481
2978,c,54.59946043762481,54.59946043762481
2979,c,54.59946043762481,54.59946043762481
2980,c,54.59946043762481,54.59946043762481
2981,c,54.59946043762481,54.59946043762481
2982,t,54.59946043762481,54.59946043762481
2983,t,54.59946043762481,54.59946043762481
2984,c,54.59946043762481,54.59946043762481
2985,c,54.59946043762481,54.59946043762481
2986,c,54.59946043762481,54.59946043762481
2987,c,54.59946043762481,54.59946043762481
2988,c,54.59946043762481,54.59946043762481
2989,c,54.59946043762481,54.59946043762481
2990,c,54.59946043762481,54.59946043762481
2991,c,54.59946043762481,54.59946043762481
2992,c,54.59946043762481,54.59946043762481
2993,c,7.061172703271608,8.608390310663733
2994,c,54.59946043762481,54.59946043762481
2995,c,54.59946043762481,54.59946043762481
2996,c,54.59946043762481,54.59946043762481
2997,c,54.59946043762481,54.59946043762481
2998,c,54.59946043762481,54.59946043762481
2999,na,2.4282697391757924,21.14942534818682
3000,c,54.59946043762481,54.59946043762481
3001,t,54.59946043762481,54.59946043762481
3002,t,54.59946043762481,54.59946043762481
3003,t,54.59946043762481,54.59946043762481
3004,t,54.59946043762481,54.59946043762481
3005,c,54.59946043762481,54.59946043762481
3006,c,54.59946043762481,54.59946043762481
3007,c,54.59946043762481,54.59946043762481
3008,c,54.59946043762481,54.59946043762481
3009,t,54.59946043762481,54.59946043762481
3010,c,54.59946043762481,54.59946043762481
3011,na,1.0158383656184145,5.502945418690877
3012,c,54.59946043762481,54.59946043762481
3013,t,54.59946043762481,54.59946043762481
3014,c,54.59946043762481,54.59946043762481
3015,c,54.59946043762481,54.59946043762481
3016,t,54.59946043762481,54.59946043762481
3017,c,54.59946043762481,54.59946043762481
3018,c,54.59946043762481,54.59946043762481
3019,c,54.59946043762481,54.59946043762481
3020,c,54.59946043762481,54.59946043762481
3021,c,54.59946043762481,54.59946043762481
3022,t,54.59946043762481,54.59946043762481
3023,t,54.59946043762481,54.59946043762481
3024,c,54.59946043762481,54.59946043762481
3025,c,54.59946043762481,54.59946043762481
3026,c,54.59946043762481,54.59946043762481
3027,c,54.59946043762481,54.59946043762481
3028,c,54.59946043762481,54.59946043762481
3029,c,54.59946043762481,54.59946043762481
3030,na,23.643073730456788,30.56583243971714
3031,c,54.59946043762481,54.59946043762481
3032,c,54.59946043762481,54.59946043762481
3033,c,54.59946043762481,54.59946043762481
3034,t,54.59946043762481,54.59946043762481
3035,c,54.59946043762481,54.59946043762481
3036,c,54.59946043762481,54.59946043762481
3037,c,54.59946043762481,54.59946043762481
3038,c,54.59946043762481,54.59946043762481
3039,c,54.59946043762481,54.59946043762481
3040,c,54.59946043762481,54.59946043762481
3041,c,54.59946043762481,54.59946043762481
3042,c,54.59946043762481,54.59946043762481
3043,c,54.59946043762481,54.59946043762481
3044,c,54.59946043762481,54.59946043762481
3045,c,54.59946043762481,54.59946043762481
3046,t,54.59946043762481,54.59946043762481
3047,c,54.59946043762481,54.59946043762481
3048,c,54.59946043762481,54.59946043762481
3049,na,1.1713518697618197,3.560851026487792
3050,c,54.59946043762481,54.59946043762481
3051,c,54.59946043762481,54.59946043762481
3052,c,54.59946043762481,54.59946043762481
3053,c,54.59946043762481,54.59946043762481
3054,c,54.59946043762481,54.59946043762481
3055,c,54.59946043762481,54.59946043762481
3056,c,54.59946043762481,54.59946043762481
3057,t,54.59946043762481,54.59946043762481
3058,t,54.59946043762481,54.59946043762481
3059,c,54.59946043762481,54.59946043762481
3060,c,54.59946043762481,54.59946043762481
3061,c,54.59946043762481,54.59946043762481
3062,c,8.456896087439132,11.527115790133383
3063,c,54.59946043762481,54.59946043762481
3064,t,54.59946043762481,54.59946043762481
3065,c,54.59946043762481,54.59946043762481
3066,c,54.59946043762481,54.59946043762481
3067,c,54.59946043762481,54.59946043762481
3068,c,54.59946043762481,54.59946043762481
3069,c,54.59946043762481,54.59946043762481
3070,c,54.59946043762481,54.59946043762481
3071,c,54.59946043762481,54.59946043762481
3072,c,54.59946043762481,54.59946043762481
3073,c,54.59946043762481,54.59946043762481
3074,c,54.59946043762481,54.59946043762481
3075,c,54.59946043762481,54.59946043762481
3076,c,54.59946043762481,54.59946043762481
3077,c,54.59946043762481,54.59946043762481
3078,c,54.59946043762481,54.59946043762481
3079,c,54.59946043762481,54.59946043762481
3080,t,54.59946043762481,54.59946043762481
3081,c,54.59946043762481,54.59946043762481
3082,c,54.59946043762481,54.59946043762481
3083,c,54.59946043762481,54.59946043762481
3084,c,54.59946043762481,54.59946043762481
3085,c,54.59946043762481,54.59946043762481
3086,c,54.59946043762481,54.59946043762481
3087,t,54.59946043762481,54.59946043762481
3088,c,54.59946043762481,54.59946043762481
3089,c,54.59946043762481,54.59946043762481
3090,c,54.59946043762481,54.59946043762481
3091,c,54.59946043762481,54.59946043762481
3092,c,54.59946043762481,54.59946043762481
3093,t,54.59946043762481,54.59946043762481
3094,c,54.59946043762481,54.59946043762481
3095,c,54.59946043762481,54.59946043762481
3096,t,54.59946043762481,54.59946043762481
3097,t,54.59946043762481,54.59946043762481
3098,c,54.59946043762481,54.59946043762481
3099,c,54.59946043762481,54.59946043762481
3100,c,54.59946043762481,54.59946043762481
3101,c,54.59946043762481,54.59946043762481
3102,c,54.59946043762481,54.59946043762481
3103,t,54.59946043762481,54.59946043762481
3104,c,54.59946043762481,54.59946043762481
3105,t,54.59946043762481,54.59946043762481
3106,c,54.59946043762481,54.59946043762481
3107,c,54.59946043762481,54.59946043762481
3108,t,54.59946043762481,54.59946043762481
3109,c,54.59946043762481,54.59946043762481
3110,c,54.59946043762481,54.59946043762481
3111,c,54.59946043762481,54.59946043762481
3112,c,54.59946043762481,54.59946043762481
3113,c,54.59946043762481,54.59946043762481
3114,c,54.59946043762481,54.59946043762481
3115,t,54.59946043762481,54.59946043762481
3116,c,54.59946043762481,54.59946043762481
3117,c,54.59946043762481,54.59946043762481
3118,c,54.59946043762481,54.59946043762481
3119,t,54.59946043762481,54.59946043762481
3120,c,54.59946043762481,54.59946043762481
3121,c,54.59946043762481,54.59946043762481
3122,c,54.59946043762481,54.59946043762481
3123,c,54.59946043762481,54.59946043762481
3124,c,54.59946043762481,54.59946043762481
3125,c,54.59946043762481,54.59946043762481
3126,c,54.59946043762481,54.59946043762481
3127,t,54.59946043762481,54.59946043762481
3128,t,54.59946043762481,54.59946043762481
3129,c,54.59946043762481,54.59946043762481
3130,t,54.59946043762481,54.59946043762481
3131,c,54.59946043762481,54.59946043762481
3132,c,54.59946043762481,54.59946043762481
3133,c,9.705639580980389,11.472036786493758
3134,t,54.59946043762481,54.59946043762481
3135,t,54.59946043762481,54.59946043762481
3136,c,54.59946043762481,54.59946043762481
3137,c,54.59946043762481,54.59946043762481
3138,na,0,5.682728684985671
3139,c,54.59946043762481,54.59946043762481
3140,c,54.59946043762481,54.59946043762481
3141,c,54.59946043762481,54.59946043762481
3142,t,54.59946043762481,54.59946043762481
3143,c,54.59946043762481,54.59946043762481
3144,c,8.014922354548212,10.262014921879143
3145,t,54.59946043762481,54.59946043762481
3146,c,54.59946043762481,54.59946043762481
3147,t,54.59946043762481,54.59946043762481
3148,c,54.59946043762481,54.59946043762481
3149,c,54.59946043762481,54.59946043762481
3150,c,54.59946043762481,54.59946043762481
3151,c,54.59946043762481,54.59946043762481
3152,t,54.59946043762481,54.59946043762481
3153,c,54.59946043762481,54.59946043762481
3154,c,54.59946043762481,54.59946043762481
3155,c,54.59946043762481,54.59946043762481
3156,c,54.59946043762481,54.59946043762481
3157,c,54.59946043762481,54.59946043762481
3158,c,54.59946043762481,54.59946043762481
3159,c,54.59946043762481,54.59946043762481
3160,c,54.59946043762481,54.59946043762481
3161,c,54.59946043762481,54.59946043762481
3162,t,54.59946043762481,54.59946043762481
3163,c,6.5643243638418065,10.803995583912197
3164,t,54.59946043762481,54.59946043762481
3165,c,54.59946043762481,54.59946043762481
3166,c,54.59946043762481,54.59946043762481
3167,c,54.59946043762481,54.59946043762481
3168,c,41.14894431750128,45.28164287813279
3169,c,54.59946043762481,54.59946043762481
3170,c,54.59946043762481,54.59946043762481
3171,t,54.59946043762481,54.59946043762481
3172,c,54.59946043762481,54.59946043762481
3173,c,54.59946043762481,54.59946043762481
3174,t,54.59946043762481,54.59946043762481
3175,c,54.59946043762481,54.59946043762481
3176,c,54.59946043762481,54.59946043762481
3177,c,54.59946043762481,54.59946043762481
3178,c,54.59946043762481,54.59946043762481
3179,t,54.59946043762481,54.59946043762481
3180,c,54.59946043762481,54.59946043762481
3181,t,54.59946043762481,54.59946043762481
3182,t,54.59946043762481,54.59946043762481
3183,t,54.59946043762481,54.59946043762481
3184,c,54.59946043762481,54.59946043762481
3185,c,54.59946043762481,54.59946043762481
3186,c,54.59946043762481,54.59946043762481
3187,c,54.59946043762481,54.59946043762481
3188,c,54.59946043762481,54.59946043762481
3189,c,20.606272176285543,25.125351746235577
3190,c,54.59946043762481,54.59946043762481
3191,c,54.59946043762481,54.59946043762481
3192,c,54.59946043762481,54.59946043762481
3193,c,54.59946043762481,54.59946043762481
3194,c,54.59946043762481,54.59946043762481
3195,c,54.59946043762481,54.59946043762481
3196,t,54.59946043762481,54.59946043762481
3197,c,54.59946043762481,54.59946043762481
3198,c,54.59946043762481,54.59946043762481
3199,c,54.59946043762481,54.59946043762481
3200,c,54.59946043762481,54.59946043762481
3201,c,54.59946043762481,54.59946043762481
3202,c,54.59946043762481,54.59946043762481
3203,c,54.59946043762481,54.59946043762481
3204,c,54.59946043762481,54.59946043762481
3205,c,54.59946043762481,54.59946043762481
3206,c,54.59946043762481,54.59946043762481
3207,c,54.59946043762481,54.59946043762481
3208,c,54.59946043762481,54.59946043762481
3209,c,54.59946043762481,54.59946043762481
3210,c,54.59946043762481,54.59946043762481
3211,c,54.59946043762481,54.59946043762481
3212,c,54.59946043762481,54.59946043762481
3213,c,54.59946043762481,54.59946043762481
3214,t,54.59946043762481,54.59946043762481
3215,c,54.59946043762481,54.59946043762481
3216,c,54.59946043762481,54.59946043762481
3217,c,54.59946043762481,54.59946043762481
3218,c,54.59946043762481,54.59946043762481
3219,c,54.59946043762481,54.59946043762481
3220,c,54.59946043762481,54.59946043762481
3221,c,54.59946043762481,54.59946043762481
3222,c,54.59946043762481,54.59946043762481
3223,c,54.59946043762481,54.59946043762481
3224,c,54.59946043762481,54.59946043762481
3225,c,54.59946043762481,54.59946043762481
3226,c,54.59946043762481,54.59946043762481
3227,c,54.59946043762481,54.59946043762481
3228,c,54.59946043762481,54.59946043762481
3229,c,54.59946043762481,54.59946043762481
3230,c,54.59946043762481,54.59946043762481
3231,c,54.59946043762481,54.59946043762481
3232,c,54.59946043762481,54.59946043762481
3233,c,54.59946043762481,54.59946043762481
3234,t,54.59946043762481,54.59946043762481
3235,c,54.59946043762481,54.59946043762481
3236,t,54.59946043762481,54.59946043762481
3237,c,54.59946043762481,54.59946043762481
3238,c,54.59946043762481,54.59946043762481
3239,t,54.59946043762481,54.59946043762481
3240,c,54.59946043762481,54.59946043762481
3241,t,54.59946043762481,54.59946043762481
3242,t,54.59946043762481,54.59946043762481
3243,c,54.59946043762481,54.59946043762481
3244,t,54.59946043762481,54.59946043762481
3245,c,54.59946043762481,54.59946043762481
3246,c,54.59946043762481,54.59946043762481
3247,t,54.59946043762481,54.59946043762481
3248,c,54.59946043762481,54.59946043762481
3249,t,54.59946043762481,54.59946043762481
3250,c,54.59946043762481,54.59946043762481
3251,c,54.59946043762481,54.59946043762481
3252,t,54.59946043762481,54.59946043762481
3253,c,54.59946043762481,54.59946043762481
3254,c,54.59946043762481,54.59946043762481
3255,c,54.59946043762481,54.59946043762481
3256,c,54.59946043762481,54.59946043762481
3257,c,54.59946043762481,54.59946043762481
3258,c,54.59946043762481,54.59946043762481
3259,c,54.59946043762481,54.59946043762481
3260,c,54.59946043762481,54.59946043762481
3261,c,54.59946043762481,54.59946043762481
3262,c,54.59946043762481,54.59946043762481
3263,c,54.59946043762481,54.59946043762481
3264,c,54.59946043762481,54.59946043762481
3265,c,54.59946043762481,54.59946043762481
3266,c,54.59946043762481,54.59946043762481
3267,c,54.59946043762481,54.59946043762481
3268,c,54.59946043762481,54.59946043762481
3269,c,54.59946043762481,54.59946043762481
3270,c,54.59946043762481,54.59946043762481
3271,c,54.59946043762481,54.59946043762481
3272,t,54.59946043762481,54.59946043762481
3273,na,0.7210943921680474,7.15091186560936
3274,c,54.59946043762481,54.59946043762481
3275,c,54.59946043762481,54.59946043762481
3276,t,54.59946043762481,54.59946043762481
3277,c,54.59946043762481,54.59946043762481
3278,t,54.59946043762481,54.59946043762481
3279,t,54.59946043762481,54.59946043762481
3280,t,54.59946043762481,54.59946043762481
3281,c,54.59946043762481,54.59946043762481
3282,c,54.59946043762481,54.59946043762481
3283,c,54.59946043762481,54.59946043762481
3284,c,54.59946043762481,54.59946043762481
3285,c,54.59946043762481,54.59946043762481
3286,c,54.59946043762481,54.59946043762481
3287,t,54.59946043762481,54.59946043762481
3288,c,54.59946043762481,54.59946043762481
3289,na,-1,0
3290,t,54.59946043762481,54.59946043762481
3291,c,54.59946043762481,54.59946043762481
3292,c,54.59946043762481,54.59946043762481
3293,c,54.59946043762481,54.59946043762481
3294,t,54.59946043762481,54.59946043762481
3295,c,54.59946043762481,54.59946043762481
3296,c,54.59946043762481,54.59946043762481
3297,c,54.59946043762481,54.59946043762481
3298,c,54.59946043762481,54.59946043762481
3299,c,54.59946043762481,54.59946043762481
3300,c,54.59946043762481,54.59946043762481
3301,c,6.355296602609601,6.49754497888689
3302,c,54.59946043762481,54.59946043762481
3303,c,54.59946043762481,54.59946043762481
3304,t,54.59946043762481,54.59946043762481
3305,c,54.59946043762481,54.59946043762481
3306,c,54.59946043762481,54.59946043762481
3307,c,54.59946043762481,54.59946043762481
3308,c,54.59946043762481,54.59946043762481
3309,c,54.59946043762481,54.59946043762481
3310,c,54.59946043762481,54.59946043762481
3311,c,54.59946043762481,54.59946043762481
3312,c,54.59946043762481,54.59946043762481
3313,c,54.59946043762481,54.59946043762481
3314,t,54.59946043762481,54.59946043762481
3315,c,54.59946043762481,54.59946043762481
3316,c,54.59946043762481,54.59946043762481
3317,t,54.59946043762481,54.59946043762481
3318,t,54.59946043762481,54.59946043762481
3319,c,54.59946043762481,54.59946043762481
3320,na,9.970311506094406,12.927507304367605
3321,c,54.59946043762481,54.59946043762481
3322,c,54.59946043762481,54.59946043762481
3323,c,54.59946043762481,54.59946043762481
3324,c,54.59946043762481,54.59946043762481
3325,t,54.59946043762481,54.59946043762481
3326,c,54.59946043762481,54.59946043762481
3327,c,54.59946043762481,54.59946043762481
3328,c,54.59946043762481,54.59946043762481
3329,c,54.59946043762481,54.59946043762481
3330,c,54.59946043762481,54.59946043762481
3331,c,54.59946043762481,54.59946043762481
3332,c,54.59946043762481,54.59946043762481
3333,c,54.59946043762481,54.59946043762481
3334,c,54.59946043762481,54.59946043762481
3335,t,54.59946043762481,54.59946043762481
3336,c,54.59946043762481,54.59946043762481
3337,c,54.59946043762481,54.59946043762481
3338,c,54.59946043762481,54.59946043762481
3339,c,54.59946043762481,54.59946043762481
3340,c,54.59946043762481,54.59946043762481
3341,c,54.59946043762481,54.59946043762481
3342,c,54.59946043762481,54.59946043762481
3343,c,54.59946043762481,54.59946043762481
3344,t,54.59946043762481,54.59946043762481
3345,c,54.59946043762481,54.59946043762481
3346,c,54.59946043762481,54.59946043762481
3347,c,54.59946043762481,54.59946043762481
3348,c,54.59946043762481,54.59946043762481
3349,c,6.653966904269378,7.162961629967988
3350,t,54.59946043762481,54.59946043762481
3351,c,54.59946043762481,54.59946043762481
3352,c,54.59946043762481,54.59946043762481
3353,c,54.59946043762481,54.59946043762481
3354,c,54.59946043762481,54.59946043762481
3355,c,54.59946043762481,54.59946043762481
3356,t,54.59946043762481,54.59946043762481
3357,c,54.59946043762481,54.59946043762481
3358,c,54.59946043762481,54.59946043762481
3359,c,54.59946043762481,54.59946043762481
3360,c,54.59946043762481,54.59946043762481
3361,c,54.59946043762481,54.59946043762481
3362,c,54.59946043762481,54.59946043762481
3363,t,54.59946043762481,54.59946043762481
3364,t,54.59946043762481,54.59946043762481
3365,c,54.59946043762481,54.59946043762481
3366,c,54.59946043762481,54.59946043762481
3367,t,54.59946043762481,54.59946043762481
3368,t,54.59946043762481,54.59946043762481
3369,c,54.59946043762481,54.59946043762481
3370,c,54.59946043762481,54.59946043762481
3371,t,54.59946043762481,54.59946043762481
3372,t,54.59946043762481,54.59946043762481
3373,c,54.59946043762481,54.59946043762481
3374,c,54.59946043762481,54.59946043762481
3375,c,54.59946043762481,54.59946043762481
3376,c,54.59946043762481,54.59946043762481
3377,c,54.59946043762481,54.59946043762481
3378,c,54.59946043762481,54.59946043762481
3379,t,54.59946043762481,54.59946043762481
3380,c,54.59946043762481,54.59946043762481
3381,c,54.59946043762481,54.59946043762481
3382,c,54.59946043762481,54.59946043762481
3383,c,54.59946043762481,54.59946043762481
3384,c,54.59946043762481,54.59946043762481
3385,c,54.59946043762481,54.59946043762481
3386,c,54.59946043762481,54.59946043762481
3387,c,54.59946043762481,54.59946043762481
3388,c,54.59946043762481,54.59946043762481
3389,c,54.59946043762481,54.59946043762481
3390,c,54.59946043762481,54.59946043762481
3391,c,54.59946043762481,54.59946043762481
3392,c,54.59946043762481,54.59946043762481
3393,c,54.59946043762481,54.59946043762481
3394,c,54.59946043762481,54.59946043762481
3395,t,54.59946043762481,54.59946043762481
3396,na,12.806033500840943,29.582208915820413
3397,c,54.59946043762481,54.59946043762481
3398,t,54.59946043762481,54.59946043762481
3399,c,54.59946043762481,54.59946043762481
3400,c,54.59946043762481,54.59946043762481
3401,c,54.59946043762481,54.59946043762481
3402,c,54.59946043762481,54.59946043762481
3403,c,54.59946043762481,54.59946043762481
3404,c,54.59946043762481,54.59946043762481
3405,c,54.59946043762481,54.59946043762481
3406,c,54.59946043762481,54.59946043762481
3407,c,54.59946043762481,54.59946043762481
3408,t,54.59946043762481,54.59946043762481
3409,c,54.59946043762481,54.59946043762481
3410,c,54.59946043762481,54.59946043762481
3411,c,54.59946043762481,54.59946043762481
3412,c,54.59946043762481,54.59946043762481
3413,c,54.59946043762481,54.59946043762481
3414,c,54.59946043762481,54.59946043762481
3415,c,54.59946043762481,54.59946043762481
3416,c,54.59946043762481,54.59946043762481
3417,t,54.59946043762481,54.59946043762481
3418,c,54.59946043762481,54.59946043762481
3419,c,54.59946043762481,54.59946043762481
3420,c,54.59946043762481,54.59946043762481
3421,c,54.59946043762481,54.59946043762481
3422,c,54.59946043762481,54.59946043762481
3423,c,54.59946043762481,54.59946043762481
3424,c,54.59946043762481,54.59946043762481
3425,c,54.59946043762481,54.59946043762481
3426,c,54.59946043762481,54.59946043762481
3427,c,54.59946043762481,54.59946043762481
3428,t,54.59946043762481,54.59946043762481
3429,c,54.59946043762481,54.59946043762481
3430,c,54.59946043762481,54.59946043762481
3431,c,54.59946043762481,54.59946043762481
3432,t,54.59946043762481,54.59946043762481
3433,c,54.59946043762481,54.59946043762481
3434,c,54.59946043762481,54.59946043762481
3435,c,54.59946043762481,54.59946043762481
3436,t,54.59946043762481,54.59946043762481
3437,t,54.59946043762481,54.59946043762481
3438,c,54.59946043762481,54.59946043762481
3439,c,54.59946043762481,54.59946043762481
3440,c,54.59946043762481,54.59946043762481
3441,c,54.59946043762481,54.59946043762481
3442,c,54.59946043762481,54.59946043762481
3443,t,54.59946043762481,54.59946043762481
3444,c,54.59946043762481,54.59946043762481
3445,t,54.59946043762481,54.59946043762481
3446,c,54.59946043762481,54.59946043762481
3447,c,54.59946043762481,54.59946043762481
3448,c,54.59946043762481,54.59946043762481
3449,c,54.59946043762481,54.59946043762481
3450,t,54.59946043762481,54.59946043762481
3451,c,54.59946043762481,54.59946043762481
3452,c,54.59946043762481,54.59946043762481
3453,c,54.59946043762481,54.59946043762481
3454,c,54.59946043762481,54.59946043762481
3455,c,54.59946043762481,54.59946043762481
3456,c,54.59946043762481,54.59946043762481
3457,c,54.59946043762481,54.59946043762481
3458,t,54.59946043762481,54.59946043762481
3459,c,7.868862552117556,9.223097056409076
3460,c,54.59946043762481,54.59946043762481
3461,t,54.59946043762481,54.59946043762481
3462,t,54.59946043762481,54.59946043762481
3463,c,54.59946043762481,54.59946043762481
3464,t,54.59946043762481,54.59946043762481
3465,c,54.59946043762481,54.59946043762481
3466,c,54.59946043762481,54.59946043762481
3467,c,54.59946043762481,54.59946043762481
3468,c,54.59946043762481,54.59946043762481
3469,c,54.59946043762481,54.59946043762481
3470,t,54.59946043762481,54.59946043762481
3471,t,54.59946043762481,54.59946043762481
3472,t,54.59946043762481,54.59946043762481
3473,c,27.50701289065491,28.94669940896656
3474,t,54.59946043762481,54.59946043762481
3475,c,54.59946043762481,54.59946043762481
3476,c,54.59946043762481,54.59946043762481
3477,c,54.59946043762481,54.59946043762481
3478,c,54.59946043762481,54.59946043762481
3479,c,54.59946043762481,54.59946043762481
3480,c,54.59946043762481,54.59946043762481
3481,c,54.59946043762481,54.59946043762481
3482,c,54.59946043762481,54.59946043762481
3483,c,54.59946043762481,54.59946043762481
3484,c,54.59946043762481,54.59946043762481
3485,t,54.59946043762481,54.59946043762481
3486,t,54.59946043762481,54.59946043762481
3487,c,54.59946043762481,54.59946043762481
3488,c,54.59946043762481,54.59946043762481
3489,c,54.59946043762481,54.59946043762481
3490,t,54.59946043762481,54.59946043762481
3491,c,8.678664692666551,12.120237190532423
3492,c,54.59946043762481,54.59946043762481
3493,t,54.59946043762481,54.59946043762481
3494,c,54.59946043762481,54.59946043762481
3495,c,54.59946043762481,54.59946043762481
3496,t,54.59946043762481,54.59946043762481
3497,c,54.59946043762481,54.59946043762481
3498,c,54.59946043762481,54.59946043762481
3499,c,54.59946043762481,54.59946043762481
3500,t,54.59946043762481,54.59946043762481
3501,c,54.59946043762481,54.59946043762481
3502,c,54.59946043762481,54.59946043762481
3503,c,54.59946043762481,54.59946043762481
3504,t,54.59946043762481,54.59946043762481
3505,c,54.59946043762481,54.59946043762481
3506,c,54.59946043762481,54.59946043762481
3507,c,54.59946043762481,54.59946043762481
3508,c,54.59946043762481,54.59946043762481
3509,c,54.59946043762481,54.59946043762481
3510,c,54.59946043762481,54.59946043762481
3511,c,54.59946043762481,54.59946043762481
3512,t,54.59946043762481,54.59946043762481
3513,t,54.59946043762481,54.59946043762481
3514,c,54.59946043762481,54.59946043762481
3515,c,54.59946043762481,54.59946043762481
3516,t,54.59946043762481,54.59946043762481
3517,c,54.59946043762481,54.59946043762481
3518,c,54.59946043762481,54.59946043762481
3519,c,54.59946043762481,54.59946043762481
3520,c,54.59946043762481,54.59946043762481
3521,t,54.59946043762481,54.59946043762481
3522,c,54.59946043762481,54.59946043762481
3523,c,54.59946043762481,54.59946043762481
3524,t,54.59946043762481,54.59946043762481
3525,c,54.59946043762481,54.59946043762481
3526,c,54.59946043762481,54.59946043762481
3527,t,54.59946043762481,54.59946043762481
3528,c,54.59946043762481,54.59946043762481
3529,c,54.59946043762481,54.59946043762481
3530,c,54.59946043762481,54.59946043762481
3531,c,54.59946043762481,54.59946043762481
3532,c,54.59946043762481,54.59946043762481
3533,c,54.59946043762481,54.59946043762481
3534,c,54.59946043762481,54.59946043762481
3535,t,54.59946043762481,54.59946043762481
3536,c,54.59946043762481,54.59946043762481
3537,c,54.59946043762481,54.59946043762481
3538,c,54.59946043762481,54.59946043762481
3539,t,54.59946043762481,54.59946043762481
3540,c,54.59946043762481,54.59946043762481
3541,c,54.59946043762481,54.59946043762481
3542,c,54.59946043762481,54.59946043762481
3543,c,54.59946043762481,54.59946043762481
3544,c,54.59946043762481,54.59946043762481
3545,c,54.59946043762481,54.59946043762481
3546,c,54.59946043762481,54.59946043762481
3547,t,54.59946043762481,54.59946043762481
3548,c,54.59946043762481,54.59946043762481
3549,c,54.59946043762481,54.59946043762481
3550,c,54.59946043762481,54.59946043762481
3551,c,54.59946043762481,54.59946043762481
3552,c,54.59946043762481,54.59946043762481
3553,t,54.59946043762481,54.59946043762481
3554,c,54.59946043762481,54.59946043762481
3555,c,54.59946043762481,54.59946043762481
3556,t,54.59946043762481,54.59946043762481
3557,c,54.59946043762481,54.59946043762481
3558,c,54.59946043762481,54.59946043762481
3559,t,54.59946043762481,54.59946043762481
3560,c,54.59946043762481,54.59946043762481
3561,t,54.59946043762481,54.59946043762481
3562,c,54.59946043762481,54.59946043762481
3563,c,54.59946043762481,54.59946043762481
3564,c,54.59946043762481,54.59946043762481
3565,c,54.59946043762481,54.59946043762481
3566,t,54.59946043762481,54.59946043762481
3567,c,54.59946043762481,54.59946043762481
3568,c,54.59946043762481,54.59946043762481
3569,c,54.59946043762481,54.59946043762481
3570,c,54.59946043762481,54.59946043762481
3571,c,54.59946043762481,54.59946043762481
3572,c,54.59946043762481,54.59946043762481
3573,c,54.59946043762481,54.59946043762481
3574,c,54.59946043762481,54.59946043762481
3575,c,54.59946043762481,54.59946043762481
3576,c,54.59946043762481,54.59946043762481
3577,c,54.59946043762481,54.59946043762481
3578,c,54.59946043762481,54.59946043762481
3579,c,54.59946043762481,54.59946043762481
3580,t,54.59946043762481,54.59946043762481
3581,t,54.59946043762481,54.59946043762481
3582,c,54.59946043762481,54.59946043762481
3583,c,54.59946043762481,54.59946043762481
3584,c,54.59946043762481,54.59946043762481
3585,c,54.59946043762481,54.59946043762481
3586,c,54.59946043762481,54.59946043762481
3587,c,54.59946043762481,54.59946043762481
3588,c,54.59946043762481,54.59946043762481
3589,c,54.59946043762481,54.59946043762481
3590,na,54.59946043762481,54.59946043762481
3591,c,54.59946043762481,54.59946043762481
3592,c,54.59946043762481,54.59946043762481
3593,t,54.59946043762481,54.59946043762481
3594,c,54.59946043762481,54.59946043762481
3595,c,54.59946043762481,54.59946043762481
3596,c,54.59946043762481,54.59946043762481
3597,t,54.59946043762481,54.59946043762481
3598,c,54.59946043762481,54.59946043762481
3599,c,54.59946043762481,54.59946043762481
3600,c,54.59946043762481,54.59946043762481
3601,c,54.59946043762481,54.59946043762481
3602,t,54.59946043762481,54.59946043762481
3603,c,54.59946043762481,54.59946043762481
3604,c,54.59946043762481,54.59946043762481
3605,c,54.59946043762481,54.59946043762481
3606,c,54.59946043762481,54.59946043762481
3607,c,54.59946043762481,54.59946043762481
3608,c,54.59946043762481,54.59946043762481
3609,c,54.59946043762481,54.59946043762481
3610,c,54.59946043762481,54.59946043762481
3611,t,54.59946043762481,54.59946043762481
3612,c,54.59946043762481,54.59946043762481
3613,c,54.59946043762481,54.59946043762481
3614,c,54.59946043762481,54.59946043762481
3615,na,-1,0
3616,c,54.59946043762481,54.59946043762481
3617,c,54.59946043762481,54.59946043762481
3618,c,54.59946043762481,54.59946043762481
3619,c,54.59946043762481,54.59946043762481
3620,c,54.59946043762481,54.59946043762481
3621,c,54.59946043762481,54.59946043762481
3622,c,54.59946043762481,54.59946043762481
3623,c,54.59946043762481,54.59946043762481
3624,c,54.59946043762481,54.59946043762481
3625,c,54.59946043762481,54.59946043762481
3626,t,54.59946043762481,54.59946043762481
3627,c,54.59946043762481,54.59946043762481
3628,c,54.59946043762481,54.59946043762481
3629,c,54.59946043762481,54.59946043762481
3630,t,54.59946043762481,54.59946043762481
3631,c,54.59946043762481,54.59946043762481
3632,c,54.59946043762481,54.59946043762481
3633,c,54.59946043762481,54.59946043762481
3634,c,54.59946043762481,54.59946043762481
3635,c,54.59946043762481,54.59946043762481
3636,na,0,54.59946043762481
3637,c,54.59946043762481,54.59946043762481
3638,c,54.59946043762481,54.59946043762481
3639,c,54.59946043762481,54.59946043762481
3640,c,54.59946043762481,54.59946043762481
3641,c,54.59946043762481,54.59946043762481
3642,t,54.59946043762481,54.59946043762481
3643,c,54.59946043762481,54.59946043762481
3644,c,54.59946043762481,54.59946043762481
3645,c,54.59946043762481,54.59946043762481
3646,t,54.59946043762481,54.59946043762481
3647,c,54.59946043762481,54.59946043762481
3648,c,54.59946043762481,54.59946043762481
3649,c,54.59946043762481,54.59946043762481
3650,c,54.59946043762481,54.59946043762481
3651,c,54.59946043762481,54.59946043762481
3652,t,54.59946043762481,54.59946043762481
3653,c,54.59946043762481,54.59946043762481
3654,c,54.59946043762481,54.59946043762481
3655,c,54.59946043762481,54.59946043762481
3656,c,54.59946043762481,54.59946043762481
3657,c,54.59946043762481,54.59946043762481
3658,t,54.59946043762481,54.59946043762481
3659,t,54.59946043762481,54.59946043762481
3660,c,54.59946043762481,54.59946043762481
3661,t,54.59946043762481,54.59946043762481
3662,c,54.59946043762481,54.59946043762481
3663,c,54.59946043762481,54.59946043762481
3664,c,54.59946043762481,54.59946043762481
3665,c,54.59946043762481,54.59946043762481
3666,c,54.59946043762481,54.59946043762481
3667,t,54.59946043762481,54.59946043762481
3668,c,54.59946043762481,54.59946043762481
3669,t,54.59946043762481,54.59946043762481
3670,c,54.59946043762481,54.59946043762481
3671,c,54.59946043762481,54.59946043762481
3672,c,54.59946043762481,54.59946043762481
3673,c,54.59946043762481,54.59946043762481
3674,c,54.59946043762481,54.59946043762481
3675,c,54.59946043762481,54.59946043762481
3676,c,54.59946043762481,54.59946043762481
3677,c,54.59946043762481,54.59946043762481
3678,c,54.59946043762481,54.59946043762481
3679,c,54.59946043762481,54.59946043762481
3680,c,54.59946043762481,54.59946043762481
3681,t,54.59946043762481,54.59946043762481
3682,t,54.59946043762481,54.59946043762481
3683,c,54.59946043762481,54.59946043762481
3684,t,54.59946043762481,54.59946043762481
3685,c,54.59946043762481,54.59946043762481
3686,c,54.59946043762481,54.59946043762481
3687,c,54.59946043762481,54.59946043762481
3688,t,54.59946043762481,54.59946043762481
3689,c,54.59946043762481,54.59946043762481
3690,c,54.59946043762481,54.59946043762481
3691,c,54.59946043762481,54.59946043762481
3692,t,54.59946043762481,54.59946043762481
3693,c,54.59946043762481,54.59946043762481
3694,c,54.59946043762481,54.59946043762481
3695,t,54.59946043762481,54.59946043762481
3696,c,54.59946043762481,54.59946043762481
3697,c,54.59946043762481,54.59946043762481
3698,c,54.59946043762481,54.59946043762481
3699,c,54.59946043762481,54.59946043762481
3700,t,54.59946043762481,54.59946043762481
3701,t,54.59946043762481,54.59946043762481
3702,t,54.59946043762481,54.59946043762481
3703,c,54.59946043762481,54.59946043762481
3704,c,54.59946043762481,54.59946043762481
3705,c,54.59946043762481,54.59946043762481
3706,c,54.59946043762481,54.59946043762481
3707,c,54.59946043762481,54.59946043762481
3708,c,54.59946043762481,54.59946043762481
3709,c,54.59946043762481,54.59946043762481
3710,c,54.59946043762481,54.59946043762481
3711,c,54.59946043762481,54.59946043762481
3712,t,54.59946043762481,54.59946043762481
3713,c,54.59946043762481,54.59946043762481
3714,t,54.59946043762481,54.59946043762481
3715,c,54.59946043762481,54.59946043762481
3716,c,54.59946043762481,54.59946043762481
3717,t,54.59946043762481,54.59946043762481
3718,t,54.59946043762481,54.59946043762481
3719,t,54.59946043762481,54.59946043762481
3720,c,54.59946043762481,54.59946043762481
3721,c,54.59946043762481,54.59946043762481
3722,c,54.59946043762481,54.59946043762481
3723,c,54.59946043762481,54.59946043762481
3724,c,54.59946043762481,54.59946043762481
3725,t,54.59946043762481,54.59946043762481
3726,c,54.59946043762481,54.59946043762481
3727,t,54.59946043762481,54.59946043762481
3728,c,54.59946043762481,54.59946043762481
3729,c,54.59946043762481,54.59946043762481
3730,c,54.59946043762481,54.59946043762481
3731,c,54.59946043762481,54.59946043762481
3732,c,54.59946043762481,54.59946043762481
3733,c,54.59946043762481,54.59946043762481
3734,c,54.59946043762481,54.59946043762481
3735,t,54.59946043762481,54.59946043762481
3736,c,54.59946043762481,54.59946043762481
3737,c,54.59946043762481,54.59946043762481
3738,c,54.59946043762481,54.59946043762481
3739,c,54.59946043762481,54.59946043762481
3740,c,54.59946043762481,54.59946043762481
3741,c,54.59946043762481,54.59946043762481
3742,t,54.59946043762481,54.59946043762481
3743,c,54.59946043762481,54.59946043762481
3744,c,54.59946043762481,54.59946043762481
3745,t,54.59946043762481,54.59946043762481
3746,c,54.59946043762481,54.59946043762481
3747,t,54.59946043762481,54.59946043762481
3748,c,54.59946043762481,54.59946043762481
3749,c,54.59946043762481,54.59946043762481
3750,c,54.59946043762481,54.59946043762481
3751,c,54.59946043762481,54.59946043762481
3752,c,54.59946043762481,54.59946043762481
3753,t,54.59946043762481,54.59946043762481
3754,c,54.59946043762481,54.59946043762481
3755,c,54.59946043762481,54.59946043762481
3756,t,54.59946043762481,54.59946043762481
3757,c,54.59946043762481,54.59946043762481
3758,c,54.59946043762481,54.59946043762481
3759,c,54.59946043762481,54.59946043762481
3760,c,54.59946043762481,54.59946043762481
3761,c,54.59946043762481,54.59946043762481
3762,t,54.59946043762481,54.59946043762481
3763,t,54.59946043762481,54.59946043762481
3764,t,54.59946043762481,54.59946043762481
3765,c,54.59946043762481,54.59946043762481
3766,c,54.59946043762481,54.59946043762481
3767,c,54.59946043762481,54.59946043762481
3768,t,54.59946043762481,54.59946043762481
3769,c,16.014087809934644,17.346282919136033
3770,c,54.59946043762481,54.59946043762481
3771,t,54.59946043762481,54.59946043762481
3772,c,54.59946043762481,54.59946043762481
3773,c,54.59946043762481,54.59946043762481
3774,c,54.59946043762481,54.59946043762481
3775,c,54.59946043762481,54.59946043762481
3776,c,54.59946043762481,54.59946043762481
3777,t,54.59946043762481,54.59946043762481
3778,c,54.59946043762481,54.59946043762481
3779,c,54.59946043762481,54.59946043762481
3780,t,54.59946043762481,54.59946043762481
3781,c,54.59946043762481,54.59946043762481
3782,t,54.59946043762481,54.59946043762481
3783,t,54.59946043762481,54.59946043762481
3784,c,54.59946043762481,54.59946043762481
3785,c,54.59946043762481,54.59946043762481
3786,c,54.59946043762481,54.59946043762481
3787,c,54.59946043762481,54.59946043762481
3788,c,54.59946043762481,54.59946043762481
3789,c,54.59946043762481,54.59946043762481
3790,c,54.59946043762481,54.59946043762481
3791,c,54.59946043762481,54.59946043762481
3792,c,54.59946043762481,54.59946043762481
3793,t,54.59946043762481,54.59946043762481
3794,c,54.59946043762481,54.59946043762481
3795,t,54.59946043762481,54.59946043762481
3796,c,54.59946043762481,54.59946043762481
3797,t,54.59946043762481,54.59946043762481
3798,c,54.59946043762481,54.59946043762481
3799,c,54.59946043762481,54.59946043762481
3800,c,54.59946043762481,54.59946043762481
3801,t,54.59946043762481,54.59946043762481
3802,c,54.59946043762481,54.59946043762481
3803,t,54.59946043762481,54.59946043762481
3804,c,54.59946043762481,54.59946043762481
3805,c,54.59946043762481,54.59946043762481
3806,c,54.59946043762481,54.59946043762481
3807,c,54.59946043762481,54.59946043762481
3808,c,54.59946043762481,54.59946043762481
3809,c,54.59946043762481,54.59946043762481
3810,na,1.7818519377040156,2.393076911179404
3811,c,54.59946043762481,54.59946043762481
3812,c,54.59946043762481,54.59946043762481
3813,c,54.59946043762481,54.59946043762481
3814,c,21.922499863047978,26.12454196026863
3815,c,54.59946043762481,54.59946043762481
3816,c,54.59946043762481,54.59946043762481
3817,c,54.59946043762481,54.59946043762481
3818,c,54.59946043762481,54.59946043762481
3819,c,54.59946043762481,54.59946043762481
3820,c,54.59946043762481,54.59946043762481
3821,c,54.59946043762481,54.59946043762481
3822,c,54.59946043762481,54.59946043762481
3823,c,54.59946043762481,54.59946043762481
3824,t,54.59946043762481,54.59946043762481
3825,c,54.59946043762481,54.59946043762481
3826,c,54.59946043762481,54.59946043762481
3827,c,54.59946043762481,54.59946043762481
3828,c,54.59946043762481,54.59946043762481
3829,c,54.59946043762481,54.59946043762481
3830,c,54.59946043762481,54.59946043762481
3831,c,54.59946043762481,54.59946043762481
3832,t,54.59946043762481,54.59946043762481
3833,t,54.59946043762481,54.59946043762481
3834,c,54.59946043762481,54.59946043762481
3835,c,54.59946043762481,54.59946043762481
3836,c,54.59946043762481,54.59946043762481
3837,c,54.59946043762481,54.59946043762481
3838,c,54.59946043762481,54.59946043762481
3839,c,54.59946043762481,54.59946043762481
3840,c,54.59946043762481,54.59946043762481
3841,c,54.59946043762481,54.59946043762481
3842,c,4.9174637641326955,5.721442672479371
3843,c,54.59946043762481,54.59946043762481
3844,t,54.59946043762481,54.59946043762481
3845,c,54.59946043762481,54.59946043762481
3846,c,4.245326590074934,9.67421359163134
3847,c,54.59946043762481,54.59946043762481
3848,na,-1,0
3849,c,54.59946043762481,54.59946043762481
3850,c,54.59946043762481,54.59946043762481
3851,c,54.59946043762481,54.59946043762481
3852,t,54.59946043762481,54.59946043762481
3853,t,54.59946043762481,54.59946043762481
3854,c,54.59946043762481,54.59946043762481
3855,c,54.59946043762481,54.59946043762481
3856,c,54.59946043762481,54.59946043762481
3857,c,54.59946043762481,54.59946043762481
3858,c,54.59946043762481,54.59946043762481
3859,c,54.59946043762481,54.59946043762481
3860,t,54.59946043762481,54.59946043762481
3861,t,54.59946043762481,54.59946043762481
3862,c,54.59946043762481,54.59946043762481
3863,c,54.59946043762481,54.59946043762481
3864,c,16.95089876150493,27.545911096510338
3865,c,54.59946043762481,54.59946043762481
3866,t,54.59946043762481,54.59946043762481
3867,t,54.59946043762481,54.59946043762481
3868,c,54.59946043762481,54.59946043762481
3869,c,54.59946043762481,54.59946043762481
3870,t,54.59946043762481,54.59946043762481
3871,c,54.59946043762481,54.59946043762481
3872,c,54.59946043762481,54.59946043762481
3873,c,11.769575575436368,20.5215286457735
3874,c,54.59946043762481,54.59946043762481
3875,t,54.59946043762481,54.59946043762481
3876,c,54.59946043762481,54.59946043762481
3877,c,54.59946043762481,54.59946043762481
3878,t,54.59946043762481,54.59946043762481
3879,c,54.59946043762481,54.59946043762481
3880,c,54.59946043762481,54.59946043762481
3881,t,54.59946043762481,54.59946043762481
3882,c,54.59946043762481,54.59946043762481
3883,c,54.59946043762481,54.59946043762481
3884,c,54.59946043762481,54.59946043762481
3885,c,54.59946043762481,54.59946043762481
3886,c,54.59946043762481,54.59946043762481
3887,t,54.59946043762481,54.59946043762481
3888,c,54.59946043762481,54.59946043762481
3889,t,54.59946043762481,54.59946043762481
3890,c,54.59946043762481,54.59946043762481
3891,c,54.59946043762481,54.59946043762481
3892,c,54.59946043762481,54.59946043762481
3893,t,54.59946043762481,54.59946043762481
3894,c,7.205778503801581,8.131345366451317
3895,t,54.59946043762481,54.59946043762481
3896,c,54.59946043762481,54.59946043762481
3897,c,54.59946043762481,54.59946043762481
3898,c,54.59946043762481,54.59946043762481
3899,c,54.59946043762481,54.59946043762481
3900,c,54.59946043762481,54.59946043762481
3901,c,54.59946043762481,54.59946043762481
3902,c,54.59946043762481,54.59946043762481
3903,c,54.59946043762481,54.59946043762481
3904,t,54.59946043762481,54.59946043762481
3905,c,54.59946043762481,54.59946043762481
3906,c,54.59946043762481,54.59946043762481
3907,t,54.59946043762481,54.59946043762481
3908,c,54.59946043762481,54.59946043762481
3909,c,54.59946043762481,54.59946043762481
3910,c,54.59946043762481,54.59946043762481
3911,t,54.59946043762481,54.59946043762481
3912,c,54.59946043762481,54.59946043762481
3913,c,54.59946043762481,54.59946043762481
3914,c,54.59946043762481,54.59946043762481
3915,c,54.59946043762481,54.59946043762481
3916,c,54.59946043762481,54.59946043762481
3917,c,54.59946043762481,54.59946043762481
3918,c,6.045140071819223,8.740656730017173
3919,t,54.59946043762481,54.59946043762481
3920,c,54.59946043762481,54.59946043762481
3921,c,54.59946043762481,54.59946043762481
3922,c,8.95739317900144,9.736072142073532
3923,c,54.59946043762481,54.59946043762481
3924,c,54.59946043762481,54.59946043762481
3925,c,54.59946043762481,54.59946043762481
3926,na,19.508629257384598,24.710627414802417
3927,t,54.59946043762481,54.59946043762481
3928,c,54.59946043762481,54.59946043762481
3929,c,54.59946043762481,54.59946043762481
3930,c,54.59946043762481,54.59946043762481
3931,c,54.59946043762481,54.59946043762481
3932,c,54.59946043762481,54.59946043762481
3933,c,54.59946043762481,54.59946043762481
3934,c,54.59946043762481,54.59946043762481
3935,c,54.59946043762481,54.59946043762481
3936,t,54.59946043762481,54.59946043762481
3937,c,54.59946043762481,54.59946043762481
3938,c,54.59946043762481,54.59946043762481
3939,t,54.59946043762481,54.59946043762481
3940,c,54.59946043762481,54.59946043762481
3941,c,54.59946043762481,54.59946043762481
3942,c,54.59946043762481,54.59946043762481
3943,c,54.59946043762481,54.59946043762481
3944,t,54.59946043762481,54.59946043762481
3945,t,54.59946043762481,54.59946043762481
3946,c,54.59946043762481,54.59946043762481
3947,c,54.59946043762481,54.59946043762481
3948,c,54.59946043762481,54.59946043762481
3949,t,54.59946043762481,54.59946043762481
3950,c,54.59946043762481,54.59946043762481
3951,c,54.59946043762481,54.59946043762481
3952,na,54.59946043762481,54.59946043762481
3953,c,54.59946043762481,54.59946043762481
3954,c,54.59946043762481,54.59946043762481
3955,c,54.59946043762481,54.59946043762481
3956,c,54.59946043762481,54.59946043762481
3957,c,54.59946043762481,54.59946043762481
3958,c,54.59946043762481,54.59946043762481
3959,c,54.59946043762481,54.59946043762481
3960,c,54.59946043762481,54.59946043762481
3961,c,54.59946043762481,54.59946043762481
3962,c,54.59946043762481,54.59946043762481
3963,c,54.59946043762481,54.59946043762481
3964,t,54.59946043762481,54.59946043762481
3965,c,54.59946043762481,54.59946043762481
3966,c,54.59946043762481,54.59946043762481
3967,c,54.59946043762481,54.59946043762481
3968,c,54.59946043762481,54.59946043762481
3969,c,54.59946043762481,54.59946043762481
3970,c,54.59946043762481,54.59946043762481
3971,c,54.59946043762481,54.59946043762481
3972,c,54.59946043762481,54.59946043762481
3973,c,54.59946043762481,54.59946043762481
3974,c,54.59946043762481,54.59946043762481
3975,c,54.59946043762481,54.59946043762481
3976,c,54.59946043762481,54.59946043762481
3977,c,54.59946043762481,54.59946043762481
3978,c,54.59946043762481,54.59946043762481
3979,na,11.866845539722668,12.750295014816713
3980,c,54.59946043762481,54.59946043762481
3981,t,54.59946043762481,54.59946043762481
3982,c,54.59946043762481,54.59946043762481
3983,c,54.59946043762481,54.59946043762481
3984,c,54.59946043762481,54.59946043762481
3985,c,54.59946043762481,54.59946043762481
3986,t,54.59946043762481,54.59946043762481
3987,c,54.59946043762481,54.59946043762481
3988,c,54.59946043762481,54.59946043762481
3989,c,54.59946043762481,54.59946043762481
3990,c,54.59946043762481,54.59946043762481
3991,t,54.59946043762481,54.59946043762481
3992,na,-1,0
3993,t,54.59946043762481,54.59946043762481
3994,c,54.59946043762481,54.59946043762481
3995,c,54.59946043762481,54.59946043762481
3996,c,54.59946043762481,54.59946043762481
3997,c,54.59946043762481,54.59946043762481
3998,c,54.59946043762481,54.59946043762481
3999,c,54.59946043762481,54.59946043762481
4000,c,54.59946043762481,54.59946043762481
4001,c,54.59946043762481,54.59946043762481
4002,c,8.059180874361543,18.49241956498016
4003,t,54.59946043762481,54.59946043762481
4004,t,54.59946043762481,54.59946043762481
4005,c,54.59946043762481,54.59946043762481
4006,c,54.59946043762481,54.59946043762481
4007,c,54.59946043762481,54.59946043762481
4008,c,54.59946043762481,54.59946043762481
4009,c,54.59946043762481,54.59946043762481
4010,c,54.59946043762481,54.59946043762481
4011,c,54.59946043762481,54.59946043762481
4012,c,54.59946043762481,54.59946043762481
4013,c,54.59946043762481,54.59946043762481
4014,c,54.59946043762481,54.59946043762481
4015,c,54.59946043762481,54.59946043762481
4016,c,54.59946043762481,54.59946043762481
4017,c,54.59946043762481,54.59946043762481
4018,t,54.59946043762481,54.59946043762481
4019,c,54.59946043762481,54.59946043762481
4020,c,54.59946043762481,54.59946043762481
4021,c,54.59946043762481,54.59946043762481
4022,c,54.59946043762481,54.59946043762481
4023,c,54.59946043762481,54.59946043762481
4024,c,54.59946043762481,54.59946043762481
4025,t,54.59946043762481,54.59946043762481
4026,c,54.59946043762481,54.59946043762481
4027,c,54.59946043762481,54.59946043762481
4028,c,54.59946043762481,54.59946043762481
4029,c,54.59946043762481,54.59946043762481
4030,c,54.59946043762481,54.59946043762481
4031,t,54.59946043762481,54.59946043762481
4032,t,54.59946043762481,54.59946043762481
4033,c,54.59946043762481,54.59946043762481
4034,c,54.59946043762481,54.59946043762481
4035,c,54.59946043762481,54.59946043762481
4036,c,54.59946043762481,54.59946043762481
4037,c,54.59946043762481,54.59946043762481
4038,t,54.59946043762481,54.59946043762481
4039,t,54.59946043762481,54.59946043762481
4040,t,54.59946043762481,54.59946043762481
4041,c,54.59946043762481,54.59946043762481
4042,c,54.59946043762481,54.59946043762481
4043,c,54.59946043762481,54.59946043762481
4044,c,54.59946043762481,54.59946043762481
4045,c,54.59946043762481,54.59946043762481
4046,c,54.59946043762481,54.59946043762481
4047,c,54.59946043762481,54.59946043762481
4048,c,2.139880229388223,2.87657547807925
4049,c,54.59946043762481,54.59946043762481
4050,t,54.59946043762481,54.59946043762481
4051,c,54.59946043762481,54.59946043762481
4052,t,54.59946043762481,54.59946043762481
4053,c,54.59946043762481,54.59946043762481
4054,t,54.59946043762481,54.59946043762481
4055,c,54.59946043762481,54.59946043762481
4056,t,54.59946043762481,54.59946043762481
4057,c,54.59946043762481,54.59946043762481
4058,c,54.59946043762481,54.59946043762481
4059,c,54.59946043762481,54.59946043762481
4060,t,54.59946043762481,54.59946043762481
4061,c,54.59946043762481,54.59946043762481
4062,c,54.59946043762481,54.59946043762481
4063,t,54.59946043762481,54.59946043762481
4064,c,54.59946043762481,54.59946043762481
4065,c,54.59946043762481,54.59946043762481
4066,t,54.59946043762481,54.59946043762481
4067,c,54.59946043762481,54.59946043762481
4068,c,54.59946043762481,54.59946043762481
4069,t,54.59946043762481,54.59946043762481
4070,t,54.59946043762481,54.59946043762481
4071,c,54.59946043762481,54.59946043762481
4072,c,54.59946043762481,54.59946043762481
4073,c,54.59946043762481,54.59946043762481
4074,t,54.59946043762481,54.59946043762481
4075,c,54.59946043762481,54.59946043762481
4076,c,54.59946043762481,54.59946043762481
4077,t,54.59946043762481,54.59946043762481
4078,c,54.59946043762481,54.59946043762481
4079,c,54.59946043762481,54.59946043762481
4080,c,54.59946043762481,54.59946043762481
4081,c,54.59946043762481,54.59946043762481
4082,c,54.59946043762481,54.59946043762481
4083,c,14.05639460397022,15.844452431497144
4084,t,54.59946043762481,54.59946043762481
4085,c,54.59946043762481,54.59946043762481
4086,c,54.59946043762481,54.59946043762481
4087,c,54.59946043762481,54.59946043762481
4088,c,54.59946043762481,54.59946043762481
4089,t,54.59946043762481,54.59946043762481
4090,c,54.59946043762481,54.59946043762481
4091,c,54.59946043762481,54.59946043762481
4092,t,54.59946043762481,54.59946043762481
4093,c,54.59946043762481,54.59946043762481
4094,c,54.59946043762481,54.59946043762481
4095,c,54.59946043762481,54.59946043762481
4096,c,54.59946043762481,54.59946043762481
4097,c,54.59946043762481,54.59946043762481
4098,c,54.59946043762481,54.59946043762481
4099,t,54.59946043762481,54.59946043762481
4100,c,54.59946043762481,54.59946043762481
4101,c,54.59946043762481,54.59946043762481
4102,c,54.59946043762481,54.59946043762481
4103,c,54.59946043762481,54.59946043762481
4104,c,54.59946043762481,54.59946043762481
4105,c,54.59946043762481,54.59946043762481
4106,c,54.59946043762481,54.59946043762481
4107,c,54.59946043762481,54.59946043762481
4108,t,54.59946043762481,54.59946043762481
4109,t,54.59946043762481,54.59946043762481
4110,c,54.59946043762481,54.59946043762481
4111,t,54.59946043762481,54.59946043762481
4112,c,54.59946043762481,54.59946043762481
4113,c,54.59946043762481,54.59946043762481
4114,c,54.59946043762481,54.59946043762481
4115,c,54.59946043762481,54.59946043762481
4116,c,54.59946043762481,54.59946043762481
4117,c,54.59946043762481,54.59946043762481
4118,c,54.59946043762481,54.59946043762481
4119,c,54.59946043762481,54.59946043762481
4120,t,54.59946043762481,54.59946043762481
4121,t,54.59946043762481,54.59946043762481
4122,t,54.59946043762481,54.59946043762481
4123,t,54.59946043762481,54.59946043762481
4124,c,54.59946043762481,54.59946043762481
4125,c,54.59946043762481,54.59946043762481
4126,c,54.59946043762481,54.59946043762481
4127,c,54.59946043762481,54.59946043762481
4128,c,54.59946043762481,54.59946043762481
4129,c,54.59946043762481,54.59946043762481
4130,na,0.7832279127837335,10.175184391219952
4131,c,54.59946043762481,54.59946043762481
4132,c,54.59946043762481,54.59946043762481
4133,c,54.59946043762481,54.59946043762481
4134,c,54.59946043762481,54.59946043762481
4135,c,54.59946043762481,54.59946043762481
4136,t,54.59946043762481,54.59946043762481
4137,c,54.59946043762481,54.59946043762481
4138,t,54.59946043762481,54.59946043762481
4139,c,54.59946043762481,54.59946043762481
4140,c,54.59946043762481,54.59946043762481
4141,t,54.59946043762481,54.59946043762481
4142,c,54.59946043762481,54.59946043762481
4143,c,54.59946043762481,54.59946043762481
4144,c,54.59946043762481,54.59946043762481
4145,c,54.59946043762481,54.59946043762481
4146,c,54.59946043762481,54.59946043762481
4147,c,54.59946043762481,54.59946043762481
4148,c,54.59946043762481,54.59946043762481
4149,c,54.59946043762481,54.59946043762481
4150,c,54.59946043762481,54.59946043762481
4151,c,54.59946043762481,54.59946043762481
4152,c,54.59946043762481,54.59946043762481
4153,c,54.59946043762481,54.59946043762481
4154,c,54.59946043762481,54.59946043762481
4155,c,54.59946043762481,54.59946043762481
4156,t,54.59946043762481,54.59946043762481
4157,c,54.59946043762481,54.59946043762481
4158,c,54.59946043762481,54.59946043762481
4159,c,54.59946043762481,54.59946043762481
4160,c,54.59946043762481,54.59946043762481
4161,c,54.59946043762481,54.59946043762481
4162,c,54.59946043762481,54.59946043762481
4163,c,54.59946043762481,54.59946043762481
4164,c,54.59946043762481,54.59946043762481
4165,c,54.59946043762481,54.59946043762481
4166,c,54.59946043762481,54.59946043762481
4167,c,54.59946043762481,54.59946043762481
4168,t,54.59946043762481,54.59946043762481
4169,c,54.59946043762481,54.59946043762481
4170,c,54.59946043762481,54.59946043762481
4171,c,54.59946043762481,54.59946043762481
4172,c,54.59946043762481,54.59946043762481
4173,t,54.59946043762481,54.59946043762481
4174,t,54.59946043762481,54.59946043762481
4175,c,54.59946043762481,54.59946043762481
4176,c,54.59946043762481,54.59946043762481
4177,c,54.59946043762481,54.59946043762481
4178,c,54.59946043762481,54.59946043762481
4179,c,54.59946043762481,54.59946043762481
4180,c,54.59946043762481,54.59946043762481
4181,c,54.59946043762481,54.59946043762481
4182,c,54.59946043762481,54.59946043762481
4183,t,54.59946043762481,54.59946043762481
4184,t,54.59946043762481,54.59946043762481
4185,t,54.59946043762481,54.59946043762481
4186,c,54.59946043762481,54.59946043762481
4187,c,54.59946043762481,54.59946043762481
4188,c,54.59946043762481,54.59946043762481
4189,c,54.59946043762481,54.59946043762481
4190,c,54.59946043762481,54.59946043762481
4191,c,54.59946043762481,54.59946043762481
4192,c,54.59946043762481,54.59946043762481
4193,c,54.59946043762481,54.59946043762481
4194,c,54.59946043762481,54.59946043762481
4195,c,54.59946043762481,54.59946043762481
4196,c,54.59946043762481,54.59946043762481
4197,c,54.59946043762481,54.59946043762481
4198,c,54.59946043762481,54.59946043762481
4199,t,54.59946043762481,54.59946043762481
4200,t,54.59946043762481,54.59946043762481
4201,c,54.59946043762481,54.59946043762481
4202,c,54.59946043762481,54.59946043762481
4203,c,54.59946043762481,54.59946043762481
4204,c,54.59946043762481,54.59946043762481
4205,c,54.59946043762481,54.59946043762481
4206,c,54.59946043762481,54.59946043762481
4207,c,54.59946043762481,54.59946043762481
4208,c,54.59946043762481,54.59946043762481
4209,c,54.59946043762481,54.59946043762481
4210,c,54.59946043762481,54.59946043762481
4211,c,54.59946043762481,54.59946043762481
4212,c,54.59946043762481,54.59946043762481
4213,c,54.59946043762481,54.59946043762481
4214,c,54.59946043762481,54.59946043762481
4215,t,54.59946043762481,54.59946043762481
4216,c,54.59946043762481,54.59946043762481
4217,t,54.59946043762481,54.59946043762481
4218,c,54.59946043762481,54.59946043762481
4219,c,54.59946043762481,54.59946043762481
4220,c,54.59946043762481,54.59946043762481
4221,c,54.59946043762481,54.59946043762481
4222,c,54.59946043762481,54.59946043762481
4223,c,54.59946043762481,54.59946043762481
4224,c,54.59946043762481,54.59946043762481
4225,c,54.59946043762481,54.59946043762481
4226,c,54.59946043762481,54.59946043762481
4227,t,54.59946043762481,54.59946043762481
4228,c,54.59946043762481,54.59946043762481
4229,c,54.59946043762481,54.59946043762481
4230,c,54.59946043762481,54.59946043762481
4231,c,54.59946043762481,54.59946043762481
4232,c,54.59946043762481,54.59946043762481
4233,c,54.59946043762481,54.59946043762481
4234,c,54.59946043762481,54.59946043762481
4235,t,54.59946043762481,54.59946043762481
4236,t,54.59946043762481,54.59946043762481
4237,c,54.59946043762481,54.59946043762481
4238,t,54.59946043762481,54.59946043762481
4239,c,54.59946043762481,54.59946043762481
4240,c,54.59946043762481,54.59946043762481
4241,c,54.59946043762481,54.59946043762481
4242,c,54.59946043762481,54.59946043762481
4243,c,54.59946043762481,54.59946043762481
4244,t,54.59946043762481,54.59946043762481
4245,c,54.59946043762481,54.59946043762481
4246,c,54.59946043762481,54.59946043762481
4247,c,54.59946043762481,54.59946043762481
4248,c,54.59946043762481,54.59946043762481
4249,c,54.59946043762481,54.59946043762481
4250,t,54.59946043762481,54.59946043762481
4251,t,54.59946043762481,54.59946043762481
4252,c,54.59946043762481,54.59946043762481
4253,c,54.59946043762481,54.59946043762481
4254,c,54.59946043762481,54.59946043762481
4255,c,54.59946043762481,54.59946043762481
4256,c,54.59946043762481,54.59946043762481
4257,t,54.59946043762481,54.59946043762481
4258,c,54.59946043762481,54.59946043762481
4259,t,54.59946043762481,54.59946043762481
4260,t,54.59946043762481,54.59946043762481
4261,c,54.59946043762481,54.59946043762481
4262,t,54.59946043762481,54.59946043762481
4263,c,54.59946043762481,54.59946043762481
4264,c,54.59946043762481,54.59946043762481
4265,t,54.59946043762481,54.59946043762481
4266,t,54.59946043762481,54.59946043762481
4267,c,54.59946043762481,54.59946043762481
4268,t,54.59946043762481,54.59946043762481
4269,c,54.59946043762481,54.59946043762481
4270,c,19.537364100676896,54.59946043762481
4271,t,54.59946043762481,54.59946043762481
4272,c,54.59946043762481,54.59946043762481
4273,c,54.59946043762481,54.59946043762481
4274,c,54.59946043762481,54.59946043762481
4275,c,54.59946043762481,54.59946043762481
4276,c,54.59946043762481,54.59946043762481
4277,c,54.59946043762481,54.59946043762481
4278,c,54.59946043762481,54.59946043762481
4279,t,54.59946043762481,54.59946043762481
4280,c,54.59946043762481,54.59946043762481
4281,c,54.59946043762481,54.59946043762481
4282,c,54.59946043762481,54.59946043762481
4283,t,54.59946043762481,54.59946043762481
4284,c,54.59946043762481,54.59946043762481
4285,c,54.59946043762481,54.59946043762481
4286,c,54.59946043762481,54.59946043762481
4287,c,54.59946043762481,54.59946043762481
4288,c,54.59946043762481,54.59946043762481
4289,c,54.59946043762481,54.59946043762481
4290,c,54.59946043762481,54.59946043762481
4291,c,54.59946043762481,54.59946043762481
4292,t,54.59946043762481,54.59946043762481
4293,c,54.59946043762481,54.59946043762481
4294,c,54.59946043762481,54.59946043762481
4295,t,54.59946043762481,54.59946043762481
4296,c,54.59946043762481,54.59946043762481
4297,c,54.59946043762481,54.59946043762481
4298,t,54.59946043762481,54.59946043762481
4299,c,54.59946043762481,54.59946043762481
4300,c,54.59946043762481,54.59946043762481
4301,c,54.59946043762481,54.59946043762481
4302,c,54.59946043762481,54.59946043762481
4303,c,54.59946043762481,54.59946043762481
4304,t,54.59946043762481,54.59946043762481
4305,c,54.59946043762481,54.59946043762481
4306,c,54.59946043762481,54.59946043762481
4307,c,54.59946043762481,54.59946043762481
4308,c,54.59946043762481,54.59946043762481
4309,c,54.59946043762481,54.59946043762481
4310,c,54.59946043762481,54.59946043762481
4311,c,54.59946043762481,54.59946043762481
4312,c,54.59946043762481,54.59946043762481
4313,c,54.59946043762481,54.59946043762481
4314,t,54.59946043762481,54.59946043762481
4315,t,54.59946043762481,54.59946043762481
4316,c,54.59946043762481,54.59946043762481
4317,c,54.59946043762481,54.59946043762481
4318,na,3.7771135069047688,5.400459622261685
4319,c,54.59946043762481,54.59946043762481
4320,c,54.59946043762481,54.59946043762481
4321,t,54.59946043762481,54.59946043762481
4322,c,54.59946043762481,54.59946043762481
4323,c,54.59946043762481,54.59946043762481
4324,t,54.59946043762481,54.59946043762481
4325,c,54.59946043762481,54.59946043762481
4326,c,54.59946043762481,54.59946043762481
4327,c,54.59946043762481,54.59946043762481
4328,c,54.59946043762481,54.59946043762481
4329,t,54.59946043762481,54.59946043762481
4330,c,54.59946043762481,54.59946043762481
4331,c,54.59946043762481,54.59946043762481
4332,c,54.59946043762481,54.59946043762481
4333,c,54.59946043762481,54.59946043762481
4334,c,54.59946043762481,54.59946043762481
4335,c,54.59946043762481,54.59946043762481
4336,t,54.59946043762481,54.59946043762481
4337,c,54.59946043762481,54.59946043762481
4338,c,54.59946043762481,54.59946043762481
4339,c,54.59946043762481,54.59946043762481
4340,c,54.59946043762481,54.59946043762481
4341,c,54.59946043762481,54.59946043762481
4342,na,0,2.872585005746665
4343,c,54.59946043762481,54.59946043762481
4344,c,54.59946043762481,54.59946043762481
4345,c,54.59946043762481,54.59946043762481
4346,c,54.59946043762481,54.59946043762481
4347,t,54.59946043762481,54.59946043762481
4348,c,16.09071521748851,18.19528184438147
4349,t,54.59946043762481,54.59946043762481
4350,c,54.59946043762481,54.59946043762481
4351,t,54.59946043762481,54.59946043762481
4352,t,54.59946043762481,54.59946043762481
4353,c,54.59946043762481,54.59946043762481
4354,c,54.59946043762481,54.59946043762481
4355,t,54.59946043762481,54.59946043762481
4356,t,54.59946043762481,54.59946043762481
4357,c,54.59946043762481,54.59946043762481
4358,c,54.59946043762481,54.59946043762481
4359,c,54.59946043762481,54.59946043762481
4360,c,54.59946043762481,54.59946043762481
4361,c,54.59946043762481,54.59946043762481
4362,t,54.59946043762481,54.59946043762481
4363,c,54.59946043762481,54.59946043762481
4364,t,54.59946043762481,54.59946043762481
4365,c,54.59946043762481,54.59946043762481
4366,t,54.59946043762481,54.59946043762481
4367,c,54.59946043762481,54.59946043762481
4368,c,54.59946043762481,54.59946043762481
4369,t,54.59946043762481,54.59946043762481
4370,c,54.59946043762481,54.59946043762481
4371,c,54.59946043762481,54.59946043762481
4372,c,54.59946043762481,54.59946043762481
4373,c,54.59946043762481,54.59946043762481
4374,t,54.59946043762481,54.59946043762481
4375,c,54.59946043762481,54.59946043762481
4376,c,54.59946043762481,54.59946043762481
4377,c,54.59946043762481,54.59946043762481
4378,c,54.59946043762481,54.59946043762481
4379,c,54.59946043762481,54.59946043762481
4380,c,54.59946043762481,54.59946043762481
4381,c,54.59946043762481,54.59946043762481
4382,c,54.59946043762481,54.59946043762481
4383,c,54.59946043762481,54.59946043762481
4384,c,54.59946043762481,54.59946043762481
4385,c,54.59946043762481,54.59946043762481
4386,c,54.59946043762481,54.59946043762481
4387,t,54.59946043762481,54.59946043762481
4388,c,54.59946043762481,54.59946043762481
4389,c,54.59946043762481,54.59946043762481
4390,c,54.59946043762481,54.59946043762481
4391,t,54.59946043762481,54.59946043762481
4392,c,54.59946043762481,54.59946043762481
4393,c,54.59946043762481,54.59946043762481
4394,c,54.59946043762481,54.59946043762481
4395,c,54.59946043762481,54.59946043762481
4396,c,54.59946043762481,54.59946043762481
4397,t,54.59946043762481,54.59946043762481
4398,c,54.59946043762481,54.59946043762481
4399,c,54.59946043762481,54.59946043762481
4400,c,54.59946043762481,54.59946043762481
4401,c,54.59946043762481,54.59946043762481
4402,t,54.59946043762481,54.59946043762481
4403,c,54.59946043762481,54.59946043762481
4404,c,54.59946043762481,54.59946043762481
4405,c,54.59946043762481,54.59946043762481
4406,c,54.59946043762481,54.59946043762481
4407,c,54.59946043762481,54.59946043762481
4408,c,54.59946043762481,54.59946043762481
4409,c,54.59946043762481,54.59946043762481
4410,c,54.59946043762481,54.59946043762481
4411,c,54.59946043762481,54.59946043762481
4412,c,54.59946043762481,54.59946043762481
4413,c,54.59946043762481,54.59946043762481
4414,c,54.59946043762481,54.59946043762481
4415,c,54.59946043762481,54.59946043762481
4416,t,54.59946043762481,54.59946043762481
4417,t,54.59946043762481,54.59946043762481
4418,c,54.59946043762481,54.59946043762481
4419,c,54.59946043762481,54.59946043762481
4420,c,54.59946043762481,54.59946043762481
4421,c,54.59946043762481,54.59946043762481
4422,c,54.59946043762481,54.59946043762481
4423,t,54.59946043762481,54.59946043762481
4424,c,54.59946043762481,54.59946043762481
4425,t,54.59946043762481,54.59946043762481
4426,c,54.59946043762481,54.59946043762481
4427,c,54.59946043762481,54.59946043762481
4428,c,54.59946043762481,54.59946043762481
4429,c,54.59946043762481,54.59946043762481
4430,t,54.59946043762481,54.59946043762481
4431,c,54.59946043762481,54.59946043762481
4432,c,54.59946043762481,54.59946043762481
4433,c,54.59946043762481,54.59946043762481
4434,c,54.59946043762481,54.59946043762481
4435,c,54.59946043762481,54.59946043762481
4436,c,54.59946043762481,54.59946043762481
4437,c,54.59946043762481,54.59946043762481
4438,c,54.59946043762481,54.59946043762481
4439,c,54.59946043762481,54.59946043762481
4440,c,54.59946043762481,54.59946043762481
4441,c,54.59946043762481,54.59946043762481
4442,c,54.59946043762481,54.59946043762481
4443,c,54.59946043762481,54.59946043762481
4444,c,54.59946043762481,54.59946043762481
4445,c,54.59946043762481,54.59946043762481
4446,c,54.59946043762481,54.59946043762481
4447,t,54.59946043762481,54.59946043762481
4448,t,54.59946043762481,54.59946043762481
4449,c,54.59946043762481,54.59946043762481
4450,c,54.59946043762481,54.59946043762481
4451,c,54.59946043762481,54.59946043762481
4452,c,54.59946043762481,54.59946043762481
4453,c,54.59946043762481,54.59946043762481
4454,c,54.59946043762481,54.59946043762481
4455,c,54.59946043762481,54.59946043762481
4456,c,54.59946043762481,54.59946043762481
4457,c,54.59946043762481,54.59946043762481
4458,c,54.59946043762481,54.59946043762481
4459,t,54.59946043762481,54.59946043762481
4460,c,54.59946043762481,54.59946043762481
4461,c,54.59946043762481,54.59946043762481
4462,c,54.59946043762481,54.59946043762481
4463,c,54.59946043762481,54.59946043762481
4464,t,54.59946043762481,54.59946043762481
4465,t,54.59946043762481,54.59946043762481
4466,t,54.59946043762481,54.59946043762481
4467,na,9.637885728679148,25.53004792055911
4468,t,54.59946043762481,54.59946043762481
4469,c,54.59946043762481,54.59946043762481
4470,c,54.59946043762481,54.59946043762481
4471,c,54.59946043762481,54.59946043762481
4472,c,54.59946043762481,54.59946043762481
4473,c,54.59946043762481,54.59946043762481
4474,c,54.59946043762481,54.59946043762481
4475,na,-1,0
4476,c,54.59946043762481,54.59946043762481
4477,t,54.59946043762481,54.59946043762481
4478,c,54.59946043762481,54.59946043762481
4479,c,54.59946043762481,54.59946043762481
4480,c,54.59946043762481,54.59946043762481
4481,c,54.59946043762481,54.59946043762481
4482,c,54.59946043762481,54.59946043762481
4483,c,54.59946043762481,54.59946043762481
4484,c,54.59946043762481,54.59946043762481
4485,c,54.59946043762481,54.59946043762481
4486,c,54.59946043762481,54.59946043762481
4487,c,54.59946043762481,54.59946043762481
4488,c,54.59946043762481,54.59946043762481
4489,t,54.59946043762481,54.59946043762481
4490,c,54.59946043762481,54.59946043762481
4491,c,54.59946043762481,54.59946043762481
4492,c,54.59946043762481,54.59946043762481
4493,c,54.59946043762481,54.59946043762481
4494,t,54.59946043762481,54.59946043762481
4495,c,54.59946043762481,54.59946043762481
4496,c,54.59946043762481,54.59946043762481
4497,c,54.59946043762481,54.59946043762481
4498,c,54.59946043762481,54.59946043762481
4499,c,54.59946043762481,54.59946043762481
4500,t,54.59946043762481,54.59946043762481
4501,c,54.59946043762481,54.59946043762481
4502,t,54.59946043762481,54.59946043762481
4503,t,54.59946043762481,54.59946043762481
4504,c,10.5955180701891,16.69936431501756
4505,c,54.59946043762481,54.59946043762481
4506,c,54.59946043762481,54.59946043762481
4507,c,54.59946043762481,54.59946043762481
4508,t,54.59946043762481,54.59946043762481
4509,c,54.59946043762481,54.59946043762481
4510,t,54.59946043762481,54.59946043762481
4511,c,54.59946043762481,54.59946043762481
4512,c,54.59946043762481,54.59946043762481
4513,c,54.59946043762481,54.59946043762481
4514,c,54.59946043762481,54.59946043762481
4515,c,54.59946043762481,54.59946043762481
4516,t,54.59946043762481,54.59946043762481
4517,c,54.59946043762481,54.59946043762481
4518,c,32.76984622888823,35.71567912352358
4519,c,54.59946043762481,54.59946043762481
4520,c,54.59946043762481,54.59946043762481
4521,c,54.59946043762481,54.59946043762481
4522,c,54.59946043762481,54.59946043762481
4523,c,54.59946043762481,54.59946043762481
4524,c,54.59946043762481,54.59946043762481
4525,c,54.59946043762481,54.59946043762481
4526,c,54.59946043762481,54.59946043762481
4527,c,54.59946043762481,54.59946043762481
4528,c,54.59946043762481,54.59946043762481
4529,c,54.59946043762481,54.59946043762481
4530,t,54.59946043762481,54.59946043762481
4531,c,2.8510043633919744,8.140903228960516
4532,c,54.59946043762481,54.59946043762481
4533,c,54.59946043762481,54.59946043762481
4534,c,54.59946043762481,54.59946043762481
4535,c,54.59946043762481,54.59946043762481
4536,c,54.59946043762481,54.59946043762481
4537,c,54.59946043762481,54.59946043762481
4538,c,54.59946043762481,54.59946043762481
4539,t,54.59946043762481,54.59946043762481
4540,c,54.59946043762481,54.59946043762481
4541,c,54.59946043762481,54.59946043762481
4542,c,54.59946043762481,54.59946043762481
4543,c,54.59946043762481,54.59946043762481
4544,c,54.59946043762481,54.59946043762481
4545,c,54.59946043762481,54.59946043762481
4546,t,54.59946043762481,54.59946043762481
4547,c,54.59946043762481,54.59946043762481
4548,c,54.59946043762481,54.59946043762481
4549,c,54.59946043762481,54.59946043762481
4550,c,54.59946043762481,54.59946043762481
4551,c,54.59946043762481,54.59946043762481
4552,c,54.59946043762481,54.59946043762481
4553,c,54.59946043762481,54.59946043762481
4554,c,54.59946043762481,54.59946043762481
4555,c,54.59946043762481,54.59946043762481
4556,c,54.59946043762481,54.59946043762481
4557,c,54.59946043762481,54.59946043762481
4558,c,54.59946043762481,54.59946043762481
4559,c,3.3150127354161043,5.63484441442816
4560,t,54.59946043762481,54.59946043762481
4561,c,54.59946043762481,54.59946043762481
4562,c,54.59946043762481,54.59946043762481
4563,c,54.59946043762481,54.59946043762481
4564,c,54.59946043762481,54.59946043762481
4565,c,54.59946043762481,54.59946043762481
4566,t,54.59946043762481,54.59946043762481
4567,c,54.59946043762481,54.59946043762481
4568,c,54.59946043762481,54.59946043762481
4569,c,54.59946043762481,54.59946043762481
4570,c,54.59946043762481,54.59946043762481
4571,c,54.59946043762481,54.59946043762481
4572,t,54.59946043762481,54.59946043762481
4573,t,54.59946043762481,54.59946043762481
4574,c,54.59946043762481,54.59946043762481
4575,c,54.59946043762481,54.59946043762481
4576,c,54.59946043762481,54.59946043762481
4577,c,54.59946043762481,54.59946043762481
4578,c,54.59946043762481,54.59946043762481
4579,t,54.59946043762481,54.59946043762481
4580,na,-1,0
4581,t,54.59946043762481,54.59946043762481
4582,t,54.59946043762481,54.59946043762481
4583,c,54.59946043762481,54.59946043762481
4584,t,54.59946043762481,54.59946043762481
4585,c,54.59946043762481,54.59946043762481
4586,t,54.59946043762481,54.59946043762481
4587,t,54.59946043762481,54.59946043762481
4588,c,54.59946043762481,54.59946043762481
4589,c,54.59946043762481,54.59946043762481
4590,c,54.59946043762481,54.59946043762481
4591,t,54.59946043762481,54.59946043762481
4592,c,54.59946043762481,54.59946043762481
4593,c,54.59946043762481,54.59946043762481
4594,na,0,10.315811212399767
4595,c,54.59946043762481,54.59946043762481
4596,t,54.59946043762481,54.59946043762481
4597,c,54.59946043762481,54.59946043762481
4598,c,54.59946043762481,54.59946043762481
4599,c,54.59946043762481,54.59946043762481
4600,c,54.59946043762481,54.59946043762481
4601,t,54.59946043762481,54.59946043762481
4602,c,54.59946043762481,54.59946043762481
4603,c,54.59946043762481,54.59946043762481
4604,c,54.59946043762481,54.59946043762481
4605,c,54.59946043762481,54.59946043762481
4606,c,54.59946043762481,54.59946043762481
4607,na,1.043850019147682,1.2275954656179735
4608,c,54.59946043762481,54.59946043762481
4609,c,54.59946043762481,54.59946043762481
4610,t,54.59946043762481,54.59946043762481
4611,c,54.59946043762481,54.59946043762481
4612,c,54.59946043762481,54.59946043762481
4613,c,54.59946043762481,54.59946043762481
4614,c,54.59946043762481,54.59946043762481
4615,t,54.59946043762481,54.59946043762481
4616,c,54.59946043762481,54.59946043762481
4617,c,54.59946043762481,54.59946043762481
4618,t,54.59946043762481,54.59946043762481
4619,c,8.16448258448238,54.59946043762481
4620,c,54.59946043762481,54.59946043762481
4621,c,54.59946043762481,54.59946043762481
4622,c,54.59946043762481,54.59946043762481
4623,c,54.59946043762481,54.59946043762481
4624,t,54.59946043762481,54.59946043762481
4625,c,9.068374933642605,21.674145114470665
4626,c,54.59946043762481,54.59946043762481
4627,t,54.59946043762481,54.59946043762481
4628,c,54.59946043762481,54.59946043762481
4629,c,54.59946043762481,54.59946043762481
4630,t,54.59946043762481,54.59946043762481
4631,c,54.59946043762481,54.59946043762481
4632,c,54.59946043762481,54.59946043762481
4633,t,54.59946043762481,54.59946043762481
4634,c,54.59946043762481,54.59946043762481
4635,t,54.59946043762481,54.59946043762481
4636,c,54.59946043762481,54.59946043762481
4637,c,54.59946043762481,54.59946043762481
4638,c,54.59946043762481,54.59946043762481
4639,c,54.59946043762481,54.59946043762481
4640,t,54.59946043762481,54.59946043762481
4641,c,54.59946043762481,54.59946043762481
4642,c,54.59946043762481,54.59946043762481
4643,c,54.59946043762481,54.59946043762481
4644,t,54.59946043762481,54.59946043762481
4645,c,54.59946043762481,54.59946043762481
4646,t,54.59946043762481,54.59946043762481
4647,c,54.59946043762481,54.59946043762481
4648,c,54.59946043762481,54.59946043762481
4649,c,54.59946043762481,54.59946043762481
4650,c,54.59946043762481,54.59946043762481
4651,c,54.59946043762481,54.59946043762481
4652,t,54.59946043762481,54.59946043762481
4653,c,54.59946043762481,54.59946043762481
4654,c,54.59946043762481,54.59946043762481
4655,t,54.59946043762481,54.59946043762481
4656,c,54.59946043762481,54.59946043762481
4657,t,54.59946043762481,54.59946043762481
4658,c,54.59946043762481,54.59946043762481
4659,c,54.59946043762481,54.59946043762481
4660,c,54.59946043762481,54.59946043762481
4661,c,54.59946043762481,54.59946043762481
4662,c,54.59946043762481,54.59946043762481
4663,c,54.59946043762481,54.59946043762481
4664,c,54.59946043762481,54.59946043762481
4665,c,54.59946043762481,54.59946043762481
4666,c,54.59946043762481,54.59946043762481
4667,c,54.59946043762481,54.59946043762481
4668,c,54.59946043762481,54.59946043762481
4669,c,54.59946043762481,54.59946043762481
4670,t,54.59946043762481,54.59946043762481
4671,t,54.59946043762481,54.59946043762481
4672,c,54.59946043762481,54.59946043762481
4673,c,54.59946043762481,54.59946043762481
4674,t,54.59946043762481,54.59946043762481
4675,c,54.59946043762481,54.59946043762481
4676,c,54.59946043762481,54.59946043762481
4677,c,54.59946043762481,54.59946043762481
4678,c,54.59946043762481,54.59946043762481
4679,t,54.59946043762481,54.59946043762481
4680,c,54.59946043762481,54.59946043762481
4681,c,54.59946043762481,54.59946043762481
4682,c,54.59946043762481,54.59946043762481
4683,t,54.59946043762481,54.59946043762481
4684,t,54.59946043762481,54.59946043762481
4685,c,54.59946043762481,54.59946043762481
4686,c,54.59946043762481,54.59946043762481
4687,c,54.59946043762481,54.59946043762481
4688,c,54.59946043762481,54.59946043762481
4689,c,54.59946043762481,54.59946043762481
4690,c,54.59946043762481,54.59946043762481
4691,c,9.969123926315415,16.741998635623155
4692,c,54.59946043762481,54.59946043762481
4693,c,54.59946043762481,54.59946043762481
4694,c,54.59946043762481,54.59946043762481
4695,c,54.59946043762481,54.59946043762481
4696,c,54.59946043762481,54.59946043762481
4697,c,54.59946043762481,54.59946043762481
4698,c,54.59946043762481,54.59946043762481
4699,c,54.59946043762481,54.59946043762481
4700,c,54.59946043762481,54.59946043762481
4701,c,54.59946043762481,54.59946043762481
4702,c,54.59946043762481,54.59946043762481
4703,c,54.59946043762481,54.59946043762481
4704,c,54.59946043762481,54.59946043762481
4705,t,54.59946043762481,54.59946043762481
4706,c,54.59946043762481,54.59946043762481
4707,c,54.59946043762481,54.59946043762481
4708,c,54.59946043762481,54.59946043762481
4709,c,54.59946043762481,54.59946043762481
4710,c,54.59946043762481,54.59946043762481
4711,c,54.59946043762481,54.59946043762481
4712,c,54.59946043762481,54.59946043762481
4713,c,54.59946043762481,54.59946043762481
4714,c,54.59946043762481,54.59946043762481
4715,c,54.59946043762481,54.59946043762481
4716,c,54.59946043762481,54.59946043762481
4717,c,54.59946043762481,54.59946043762481
4718,c,54.59946043762481,54.59946043762481
4719,c,54.59946043762481,54.59946043762481
4720,c,54.59946043762481,54.59946043762481
4721,c,54.59946043762481,54.59946043762481
4722,t,54.59946043762481,54.59946043762481
4723,c,54.59946043762481,54.59946043762481
4724,c,54.59946043762481,54.59946043762481
4725,c,54.59946043762481,54.59946043762481
4726,c,54.59946043762481,54.59946043762481
4727,t,54.59946043762481,54.59946043762481
4728,c,54.59946043762481,54.59946043762481
4729,c,54.59946043762481,54.59946043762481
4730,c,54.59946043762481,54.59946043762481
4731,c,54.59946043762481,54.59946043762481
4732,t,54.59946043762481,54.59946043762481
4733,t,54.59946043762481,54.59946043762481
4734,c,54.59946043762481,54.59946043762481
4735,c,54.59946043762481,54.59946043762481
4736,c,54.59946043762481,54.59946043762481
4737,c,54.59946043762481,54.59946043762481
4738,c,54.59946043762481,54.59946043762481
4739,t,54.59946043762481,54.59946043762481
4740,c,54.59946043762481,54.59946043762481
4741,c,54.59946043762481,54.59946043762481
4742,c,54.59946043762481,54.59946043762481
4743,c,54.59946043762481,54.59946043762481
4744,c,54.59946043762481,54.59946043762481
4745,c,54.59946043762481,54.59946043762481
4746,c,54.59946043762481,54.59946043762481
4747,c,54.59946043762481,54.59946043762481
4748,c,54.59946043762481,54.59946043762481
4749,t,54.59946043762481,54.59946043762481
4750,c,54.59946043762481,54.59946043762481
4751,c,54.59946043762481,54.59946043762481
4752,c,54.59946043762481,54.59946043762481
4753,c,54.59946043762481,54.59946043762481
4754,c,54.59946043762481,54.59946043762481
4755,c,54.59946043762481,54.59946043762481
4756,c,54.59946043762481,54.59946043762481
4757,c,54.59946043762481,54.59946043762481
4758,t,54.59946043762481,54.59946043762481
4759,c,54.59946043762481,54.59946043762481
4760,c,54.59946043762481,54.59946043762481
4761,c,54.59946043762481,54.59946043762481
4762,c,54.59946043762481,54.59946043762481
4763,c,54.59946043762481,54.59946043762481
4764,c,54.59946043762481,54.59946043762481
4765,c,54.59946043762481,54.59946043762481
4766,c,54.59946043762481,54.59946043762481
4767,c,54.59946043762481,54.59946043762481
4768,c,54.59946043762481,54.59946043762481
4769,t,54.59946043762481,54.59946043762481
4770,c,17.150508943051136,17.714535180477927
4771,c,54.59946043762481,54.59946043762481
4772,c,54.59946043762481,54.59946043762481
4773,c,54.59946043762481,54.59946043762481
4774,c,54.59946043762481,54.59946043762481
4775,na,5.099984629952314,8.120571961385984
4776,t,54.59946043762481,54.59946043762481
4777,c,54.59946043762481,54.59946043762481
4778,c,54.59946043762481,54.59946043762481
4779,c,54.59946043762481,54.59946043762481
4780,c,54.59946043762481,54.59946043762481
4781,c,54.59946043762481,54.59946043762481
4782,c,54.59946043762481,54.59946043762481
4783,t,54.59946043762481,54.59946043762481
4784,c,54.59946043762481,54.59946043762481
4785,c,54.59946043762481,54.59946043762481
4786,c,54.59946043762481,54.59946043762481
4787,t,54.59946043762481,54.59946043762481
4788,t,54.59946043762481,54.59946043762481
4789,c,54.59946043762481,54.59946043762481
4790,c,54.59946043762481,54.59946043762481
4791,c,54.59946043762481,54.59946043762481
4792,c,54.59946043762481,54.59946043762481
4793,c,54.59946043762481,54.59946043762481
4794,c,54.59946043762481,54.59946043762481
4795,c,54.59946043762481,54.59946043762481
4796,t,54.59946043762481,54.59946043762481
4797,c,54.59946043762481,54.59946043762481
4798,c,54.59946043762481,54.59946043762481
4799,c,54.59946043762481,54.59946043762481
4800,t,54.59946043762481,54.59946043762481
4801,c,54.59946043762481,54.59946043762481
4802,t,54.59946043762481,54.59946043762481
4803,c,54.59946043762481,54.59946043762481
4804,c,54.59946043762481,54.59946043762481
4805,t,54.59946043762481,54.59946043762481
4806,na,-1,0
4807,c,54.59946043762481,54.59946043762481
4808,c,54.59946043762481,54.59946043762481
4809,na,2.3933177128595227,14.071639805713076
4810,c,54.59946043762481,54.59946043762481
4811,c,54.59946043762481,54.59946043762481
4812,c,54.59946043762481,54.59946043762481
4813,t,54.59946043762481,54.59946043762481
4814,t,54.59946043762481,54.59946043762481
4815,c,54.59946043762481,54.59946043762481
4816,t,54.59946043762481,54.59946043762481
4817,c,54.59946043762481,54.59946043762481
4818,c,54.59946043762481,54.59946043762481
4819,c,6.567837974399901,13.205480240464906
4820,c,54.59946043762481,54.59946043762481
4821,c,54.59946043762481,54.59946043762481
4822,c,54.59946043762481,54.59946043762481
4823,c,54.59946043762481,54.59946043762481
4824,c,54.59946043762481,54.59946043762481
4825,t,54.59946043762481,54.59946043762481
4826,t,54.59946043762481,54.59946043762481
4827,c,54.59946043762481,54.59946043762481
4828,c,54.59946043762481,54.59946043762481
4829,c,54.59946043762481,54.59946043762481
4830,t,54.59946043762481,54.59946043762481
4831,t,54.59946043762481,54.59946043762481
4832,c,54.59946043762481,54.59946043762481
4833,c,54.59946043762481,54.59946043762481
4834,c,54.59946043762481,54.59946043762481
4835,c,5.898134924249506,29.337812922470178
4836,c,54.59946043762481,54.59946043762481
4837,t,54.59946043762481,54.59946043762481
4838,t,54.59946043762481,54.59946043762481
4839,c,54.59946043762481,54.59946043762481
4840,c,54.59946043762481,54.59946043762481
4841,c,54.59946043762481,54.59946043762481
4842,c,54.59946043762481,54.59946043762481
4843,c,54.59946043762481,54.59946043762481
4844,c,54.59946043762481,54.59946043762481
4845,c,54.59946043762481,54.59946043762481
4846,c,54.59946043762481,54.59946043762481
4847,c,54.59946043762481,54.59946043762481
4848,t,54.59946043762481,54.59946043762481
4849,t,54.59946043762481,54.59946043762481
4850,c,54.59946043762481,54.59946043762481
4851,c,54.59946043762481,54.59946043762481
4852,c,54.59946043762481,54.59946043762481
4853,c,54.59946043762481,54.59946043762481
4854,c,54.59946043762481,54.59946043762481
4855,c,54.59946043762481,54.59946043762481
4856,c,54.59946043762481,54.59946043762481
4857,t,54.59946043762481,54.59946043762481
4858,t,54.59946043762481,54.59946043762481
4859,c,54.59946043762481,54.59946043762481
4860,c,54.59946043762481,54.59946043762481
4861,c,54.59946043762481,54.59946043762481
4862,c,3.1179663510627433,8.853175577086832
4863,c,54.59946043762481,54.59946043762481
4864,t,54.59946043762481,54.59946043762481
4865,c,54.59946043762481,54.59946043762481
4866,c,54.59946043762481,54.59946043762481
4867,t,54.59946043762481,54.59946043762481
4868,t,54.59946043762481,54.59946043762481
4869,c,54.59946043762481,54.59946043762481
4870,t,54.59946043762481,54.59946043762481
4871,c,54.59946043762481,54.59946043762481
4872,c,12.847940212450178,14.986056068252244
4873,t,54.59946043762481,54.59946043762481
4874,c,4.1473404957179065,14.331316442503708
4875,c,54.59946043762481,54.59946043762481
4876,c,54.59946043762481,54.59946043762481
4877,c,54.59946043762481,54.59946043762481
4878,c,54.59946043762481,54.59946043762481
4879,t,54.59946043762481,54.59946043762481
4880,c,54.59946043762481,54.59946043762481
4881,c,54.59946043762481,54.59946043762481
4882,c,54.59946043762481,54.59946043762481
4883,c,54.59946043762481,54.59946043762481
4884,c,54.59946043762481,54.59946043762481
4885,c,54.59946043762481,54.59946043762481
4886,t,54.59946043762481,54.59946043762481
4887,c,54.59946043762481,54.59946043762481
4888,c,54.59946043762481,54.59946043762481
4889,c,54.59946043762481,54.59946043762481
4890,c,54.59946043762481,54.59946043762481
4891,c,54.59946043762481,54.59946043762481
4892,c,54.59946043762481,54.59946043762481
4893,c,54.59946043762481,54.59946043762481
4894,c,54.59946043762481,54.59946043762481
4895,c,54.59946043762481,54.59946043762481
4896,t,54.59946043762481,54.59946043762481
4897,c,54.59946043762481,54.59946043762481
4898,c,54.59946043762481,54.59946043762481
4899,c,54.59946043762481,54.59946043762481
4900,c,54.59946043762481,54.59946043762481
4901,t,54.59946043762481,54.59946043762481
4902,c,54.59946043762481,54.59946043762481
4903,c,54.59946043762481,54.59946043762481
4904,t,54.59946043762481,54.59946043762481
4905,t,54.59946043762481,54.59946043762481
4906,t,54.59946043762481,54.59946043762481
4907,c,54.59946043762481,54.59946043762481
4908,c,54.59946043762481,54.59946043762481
4909,t,54.59946043762481,54.59946043762481
4910,c,54.59946043762481,54.59946043762481
4911,c,54.59946043762481,54.59946043762481
4912,c,54.59946043762481,54.59946043762481
4913,c,54.59946043762481,54.59946043762481
4914,c,54.59946043762481,54.59946043762481
4915,t,54.59946043762481,54.59946043762481
4916,t,54.59946043762481,54.59946043762481
4917,c,54.59946043762481,54.59946043762481
4918,t,54.59946043762481,54.59946043762481
4919,c,54.59946043762481,54.59946043762481
4920,c,54.59946043762481,54.59946043762481
4921,c,54.59946043762481,54.59946043762481
4922,c,54.59946043762481,54.59946043762481
4923,c,54.59946043762481,54.59946043762481
4924,c,54.59946043762481,54.59946043762481
4925,t,54.59946043762481,54.59946043762481
4926,c,54.59946043762481,54.59946043762481
4927,c,54.59946043762481,54.59946043762481
4928,c,54.59946043762481,54.59946043762481
4929,c,54.59946043762481,54.59946043762481
4930,c,54.59946043762481,54.59946043762481
4931,c,54.59946043762481,54.59946043762481
4932,c,54.59946043762481,54.59946043762481
4933,c,54.59946043762481,54.59946043762481
4934,t,54.59946043762481,54.59946043762481
4935,c,54.59946043762481,54.59946043762481
4936,t,54.59946043762481,54.59946043762481
4937,t,54.59946043762481,54.59946043762481
4938,c,54.59946043762481,54.59946043762481
4939,c,54.59946043762481,54.59946043762481
4940,c,54.59946043762481,54.59946043762481
4941,c,54.59946043762481,54.59946043762481
4942,c,54.59946043762481,54.59946043762481
4943,t,54.59946043762481,54.59946043762481
4944,c,54.59946043762481,54.59946043762481
4945,t,54.59946043762481,54.59946043762481
4946,c,54.59946043762481,54.59946043762481
4947,c,54.59946043762481,54.59946043762481
4948,c,54.59946043762481,54.59946043762481
4949,c,54.59946043762481,54.59946043762481
4950,c,54.59946043762481,54.59946043762481
4951,c,54.59946043762481,54.59946043762481
4952,c,54.59946043762481,54.59946043762481
4953,c,54.59946043762481,54.59946043762481
4954,c,54.59946043762481,54.59946043762481
4955,t,54.59946043762481,54.59946043762481
4956,c,54.59946043762481,54.59946043762481
4957,c,54.59946043762481,54.59946043762481
4958,c,54.59946043762481,54.59946043762481
4959,c,54.59946043762481,54.59946043762481
4960,c,54.59946043762481,54.59946043762481
4961,t,54.59946043762481,54.59946043762481
4962,c,54.59946043762481,54.59946043762481
4963,c,54.59946043762481,54.59946043762481
4964,t,54.59946043762481,54.59946043762481
4965,t,54.59946043762481,54.59946043762481
4966,c,54.59946043762481,54.59946043762481
4967,c,54.59946043762481,54.59946043762481
4968,c,54.59946043762481,54.59946043762481
4969,c,54.59946043762481,54.59946043762481
4970,c,54.59946043762481,54.59946043762481
4971,c,54.59946043762481,54.59946043762481
4972,c,54.59946043762481,54.59946043762481
4973,c,54.59946043762481,54.59946043762481
4974,c,54.59946043762481,54.59946043762481
4975,c,54.59946043762481,54.59946043762481
4976,c,54.59946043762481,54.59946043762481
4977,c,54.59946043762481,54.59946043762481
4978,c,54.59946043762481,54.59946043762481
4979,t,54.59946043762481,54.59946043762481
4980,c,54.59946043762481,54.59946043762481
4981,c,54.59946043762481,54.59946043762481
4982,t,54.59946043762481,54.59946043762481
4983,c,54.59946043762481,54.59946043762481
4984,c,54.59946043762481,54.59946043762481
4985,c,54.59946043762481,54.59946043762481
4986,c,54.59946043762481,54.59946043762481
4987,c,54.59946043762481,54.59946043762481
4988,c,54.59946043762481,54.59946043762481
4989,t,54.59946043762481,54.59946043762481
4990,c,54.59946043762481,54.59946043762481
4991,c,54.59946043762481,54.59946043762481
4992,c,54.59946043762481,54.59946043762481
4993,t,54.59946043762481,54.59946043762481
4994,c,54.59946043762481,54.59946043762481
4995,c,54.59946043762481,54.59946043762481
4996,c,54.59946043762481,54.59946043762481
4997,c,54.59946043762481,54.59946043762481
4998,t,54.59946043762481,54.59946043762481
4999,c,54.59946043762481,54.59946043762481
5000,c,54.59946043762481,54.59946043762481
5001,c,54.59946043762481,54.59946043762481
5002,c,54.59946043762481,54.59946043762481
5003,c,54.59946043762481,54.59946043762481
5004,t,54.59946043762481,54.59946043762481
5005,c,54.59946043762481,54.59946043762481
5006,c,54.59946043762481,54.59946043762481
5007,c,54.59946043762481,54.59946043762481
5008,c,54.59946043762481,54.59946043762481
5009,c,54.59946043762481,54.59946043762481
5010,c,54.59946043762481,54.59946043762481
5011,c,54.59946043762481,54.59946043762481
5012,c,54.59946043762481,54.59946043762481
5013,c,54.59946043762481,54.59946043762481
5014,c,54.59946043762481,54.59946043762481
5015,c,54.59946043762481,54.59946043762481
5016,c,54.59946043762481,54.59946043762481
5017,c,54.59946043762481,54.59946043762481
5018,c,54.59946043762481,54.59946043762481
5019,c,54.59946043762481,54.59946043762481
5020,t,54.59946043762481,54.59946043762481
5021,t,54.59946043762481,54.59946043762481
5022,t,54.59946043762481,54.59946043762481
5023,c,54.59946043762481,54.59946043762481
5024,c,54.59946043762481,54.59946043762481
5025,c,54.59946043762481,54.59946043762481
5026,c,54.59946043762481,54.59946043762481
5027,c,54.59946043762481,54.59946043762481
5028,c,54.59946043762481,54.59946043762481
5029,t,54.59946043762481,54.59946043762481
5030,t,54.59946043762481,54.59946043762481
5031,c,54.59946043762481,54.59946043762481
5032,c,54.59946043762481,54.59946043762481
5033,c,54.59946043762481,54.59946043762481
5034,t,54.59946043762481,54.59946043762481
5035,c,54.59946043762481,54.59946043762481
5036,c,54.59946043762481,54.59946043762481
5037,c,54.59946043762481,54.59946043762481
5038,t,54.59946043762481,54.59946043762481
5039,c,54.59946043762481,54.59946043762481
5040,c,54.59946043762481,54.59946043762481
5041,t,54.59946043762481,54.59946043762481
5042,c,54.59946043762481,54.59946043762481
5043,c,54.59946043762481,54.59946043762481
5044,c,54.59946043762481,54.59946043762481
5045,c,54.59946043762481,54.59946043762481
5046,c,54.59946043762481,54.59946043762481
5047,c,54.59946043762481,54.59946043762481
5048,c,54.59946043762481,54.59946043762481
5049,c,54.59946043762481,54.59946043762481
5050,c,54.59946043762481,54.59946043762481
5051,c,54.59946043762481,54.59946043762481
5052,t,54.59946043762481,54.59946043762481
5053,c,54.59946043762481,54.59946043762481
5054,c,54.59946043762481,54.59946043762481
5055,c,54.59946043762481,54.59946043762481
5056,c,54.59946043762481,54.59946043762481
5057,c,54.59946043762481,54.59946043762481
5058,t,54.59946043762481,54.59946043762481
5059,c,19.53242561210208,54.59946043762481
5060,t,54.59946043762481,54.59946043762481
5061,c,54.59946043762481,54.59946043762481
5062,c,54.59946043762481,54.59946043762481
5063,t,54.59946043762481,54.59946043762481
5064,t,54.59946043762481,54.59946043762481
5065,c,9.555411063267194,14.214075740212806
5066,c,54.59946043762481,54.59946043762481
5067,c,54.59946043762481,54.59946043762481
5068,c,54.59946043762481,54.59946043762481
5069,c,54.59946043762481,54.59946043762481
5070,c,54.59946043762481,54.59946043762481
5071,c,54.59946043762481,54.59946043762481
5072,c,54.59946043762481,54.59946043762481
5073,c,54.59946043762481,54.59946043762481
5074,c,54.59946043762481,54.59946043762481
5075,c,54.59946043762481,54.59946043762481
5076,t,54.59946043762481,54.59946043762481
5077,na,3.1959623411584936,8.53478958198368
5078,c,54.59946043762481,54.59946043762481
5079,c,54.59946043762481,54.59946043762481
5080,c,54.59946043762481,54.59946043762481
5081,c,54.59946043762481,54.59946043762481
5082,c,54.59946043762481,54.59946043762481
5083,c,54.59946043762481,54.59946043762481
5084,t,54.59946043762481,54.59946043762481
5085,c,54.59946043762481,54.59946043762481
5086,t,54.59946043762481,54.59946043762481
5087,c,54.59946043762481,54.59946043762481
5088,c,54.59946043762481,54.59946043762481
5089,c,3.265520355719758,7.557302861350797
5090,c,54.59946043762481,54.59946043762481
5091,c,54.59946043762481,54.59946043762481
5092,c,54.59946043762481,54.59946043762481
5093,c,54.59946043762481,54.59946043762481
5094,c,54.59946043762481,54.59946043762481
5095,c,54.59946043762481,54.59946043762481
5096,t,54.59946043762481,54.59946043762481
5097,c,54.59946043762481,54.59946043762481
5098,c,54.59946043762481,54.59946043762481
5099,na,5.401241408786209,6.447355795836707
5100,t,54.59946043762481,54.59946043762481
5101,t,54.59946043762481,54.59946043762481
5102,c,54.59946043762481,54.59946043762481
5103,t,54.59946043762481,54.59946043762481
5104,c,54.59946043762481,54.59946043762481
5105,c,54.59946043762481,54.59946043762481
5106,t,54.59946043762481,54.59946043762481
5107,c,54.59946043762481,54.59946043762481
5108,t,54.59946043762481,54.59946043762481
5109,c,54.59946043762481,54.59946043762481
5110,c,54.59946043762481,54.59946043762481
5111,c,54.59946043762481,54.59946043762481
5112,c,54.59946043762481,54.59946043762481
5113,c,54.59946043762481,54.59946043762481
5114,c,54.59946043762481,54.59946043762481
5115,c,54.59946043762481,54.59946043762481
5116,c,54.59946043762481,54.59946043762481
5117,t,54.59946043762481,54.59946043762481
5118,t,54.59946043762481,54.59946043762481
5119,c,54.59946043762481,54.59946043762481
5120,c,54.59946043762481,54.59946043762481
5121,t,54.59946043762481,54.59946043762481
5122,c,15.446960212379159,34.0389170903267
5123,c,54.59946043762481,54.59946043762481
5124,c,54.59946043762481,54.59946043762481
5125,c,54.59946043762481,54.59946043762481
5126,t,54.59946043762481,54.59946043762481
5127,t,54.59946043762481,54.59946043762481
5128,c,54.59946043762481,54.59946043762481
5129,na,-1,0
5130,c,54.59946043762481,54.59946043762481
5131,t,54.59946043762481,54.59946043762481
5132,c,54.59946043762481,54.59946043762481
5133,c,54.59946043762481,54.59946043762481
5134,c,54.59946043762481,54.59946043762481
5135,c,54.59946043762481,54.59946043762481
5136,c,54.59946043762481,54.59946043762481
5137,c,54.59946043762481,54.59946043762481
5138,c,54.59946043762481,54.59946043762481
5139,c,54.59946043762481,54.59946043762481
5140,c,54.59946043762481,54.59946043762481
5141,c,54.59946043762481,54.59946043762481
5142,c,54.59946043762481,54.59946043762481
5143,c,54.59946043762481,54.59946043762481
5144,c,54.59946043762481,54.59946043762481
5145,c,54.59946043762481,54.59946043762481
5146,t,54.59946043762481,54.59946043762481
5147,c,54.59946043762481,54.59946043762481
5148,c,54.59946043762481,54.59946043762481
5149,t,54.59946043762481,54.59946043762481
5150,c,54.59946043762481,54.59946043762481
5151,c,54.59946043762481,54.59946043762481
5152,c,54.59946043762481,54.59946043762481
5153,t,54.59946043762481,54.59946043762481
5154,c,54.59946043762481,54.59946043762481
5155,t,54.59946043762481,54.59946043762481
5156,c,54.59946043762481,54.59946043762481
5157,c,54.59946043762481,54.59946043762481
5158,c,54.59946043762481,54.59946043762481
5159,c,54.59946043762481,54.59946043762481
5160,c,54.59946043762481,54.59946043762481
5161,t,54.59946043762481,54.59946043762481
5162,c,54.59946043762481,54.59946043762481
5163,c,54.59946043762481,54.59946043762481
5164,c,54.59946043762481,54.59946043762481
5165,c,54.59946043762481,54.59946043762481
5166,c,54.59946043762481,54.59946043762481
5167,c,54.59946043762481,54.59946043762481
5168,c,54.59946043762481,54.59946043762481
5169,na,2.7482154375872927,8.421058172364564
5170,c,54.59946043762481,54.59946043762481
5171,c,54.59946043762481,54.59946043762481
5172,t,54.59946043762481,54.59946043762481
5173,c,54.59946043762481,54.59946043762481
5174,c,54.59946043762481,54.59946043762481
5175,c,54.59946043762481,54.59946043762481
5176,c,54.59946043762481,54.59946043762481
5177,t,54.59946043762481,54.59946043762481
5178,c,54.59946043762481,54.59946043762481
5179,c,54.59946043762481,54.59946043762481
5180,t,54.59946043762481,54.59946043762481
5181,c,54.59946043762481,54.59946043762481
5182,t,54.59946043762481,54.59946043762481
5183,c,54.59946043762481,54.59946043762481
5184,c,54.59946043762481,54.59946043762481
5185,c,54.59946043762481,54.59946043762481
5186,t,54.59946043762481,54.59946043762481
5187,c,54.59946043762481,54.59946043762481
5188,t,54.59946043762481,54.59946043762481
5189,c,54.59946043762481,54.59946043762481
5190,c,54.59946043762481,54.59946043762481
5191,c,54.59946043762481,54.59946043762481
5192,t,54.59946043762481,54.59946043762481
5193,t,54.59946043762481,54.59946043762481
5194,c,54.59946043762481,54.59946043762481
5195,t,54.59946043762481,54.59946043762481
5196,c,54.59946043762481,54.59946043762481
5197,c,54.59946043762481,54.59946043762481
5198,t,54.59946043762481,54.59946043762481
5199,c,54.59946043762481,54.59946043762481
5200,c,54.59946043762481,54.59946043762481
5201,c,11.882020616599618,26.922415777081397
5202,c,54.59946043762481,54.59946043762481
5203,c,54.59946043762481,54.59946043762481
5204,c,54.59946043762481,54.59946043762481
5205,c,54.59946043762481,54.59946043762481
5206,c,54.59946043762481,54.59946043762481
5207,c,54.59946043762481,54.59946043762481
5208,t,54.59946043762481,54.59946043762481
5209,t,54.59946043762481,54.59946043762481
5210,t,54.59946043762481,54.59946043762481
5211,c,54.59946043762481,54.59946043762481
5212,c,54.59946043762481,54.59946043762481
5213,t,54.59946043762481,54.59946043762481
5214,t,54.59946043762481,54.59946043762481
5215,c,54.59946043762481,54.59946043762481
5216,t,54.59946043762481,54.59946043762481
5217,c,54.59946043762481,54.59946043762481
5218,c,54.59946043762481,54.59946043762481
5219,t,54.59946043762481,54.59946043762481
5220,t,54.59946043762481,54.59946043762481
5221,c,54.59946043762481,54.59946043762481
5222,t,54.59946043762481,54.59946043762481
5223,c,54.59946043762481,54.59946043762481
5224,t,54.59946043762481,54.59946043762481
5225,t,54.59946043762481,54.59946043762481
5226,t,54.59946043762481,54.59946043762481
5227,c,54.59946043762481,54.59946043762481
5228,c,54.59946043762481,54.59946043762481
5229,c,54.59946043762481,54.59946043762481
5230,c,54.59946043762481,54.59946043762481
5231,c,54.59946043762481,54.59946043762481
5232,c,54.59946043762481,54.59946043762481
5233,c,54.59946043762481,54.59946043762481
5234,t,54.59946043762481,54.59946043762481
5235,c,54.59946043762481,54.59946043762481
5236,c,54.59946043762481,54.59946043762481
5237,c,54.59946043762481,54.59946043762481
5238,c,54.59946043762481,54.59946043762481
5239,c,54.59946043762481,54.59946043762481
5240,c,54.59946043762481,54.59946043762481
5241,c,54.59946043762481,54.59946043762481
5242,c,54.59946043762481,54.59946043762481
5243,c,54.59946043762481,54.59946043762481
5244,c,54.59946043762481,54.59946043762481
5245,c,54.59946043762481,54.59946043762481
5246,c,54.59946043762481,54.59946043762481
5247,t,54.59946043762481,54.59946043762481
5248,c,54.59946043762481,54.59946043762481
5249,c,54.59946043762481,54.59946043762481
5250,t,54.59946043762481,54.59946043762481
5251,c,54.59946043762481,54.59946043762481
5252,c,54.59946043762481,54.59946043762481
5253,t,54.59946043762481,54.59946043762481
5254,c,54.59946043762481,54.59946043762481
5255,c,54.59946043762481,54.59946043762481
5256,c,54.59946043762481,54.59946043762481
5257,na,5.361025876112779,13.654589149770425
5258,c,54.59946043762481,54.59946043762481
5259,c,54.59946043762481,54.59946043762481
5260,c,54.59946043762481,54.59946043762481
5261,c,54.59946043762481,54.59946043762481
5262,c,54.59946043762481,54.59946043762481
5263,c,54.59946043762481,54.59946043762481
5264,c,54.59946043762481,54.59946043762481
5265,c,54.59946043762481,54.59946043762481
5266,c,54.59946043762481,54.59946043762481
5267,c,54.59946043762481,54.59946043762481
5268,c,54.59946043762481,54.59946043762481
5269,c,54.59946043762481,54.59946043762481
5270,c,54.59946043762481,54.59946043762481
5271,c,54.59946043762481,54.59946043762481
5272,t,54.59946043762481,54.59946043762481
5273,c,54.59946043762481,54.59946043762481
5274,c,54.59946043762481,54.59946043762481
5275,c,54.59946043762481,54.59946043762481
5276,c,54.59946043762481,54.59946043762481
5277,c,54.59946043762481,54.59946043762481
5278,c,54.59946043762481,54.59946043762481
5279,c,54.59946043762481,54.59946043762481
5280,c,54.59946043762481,54.59946043762481
5281,c,54.59946043762481,54.59946043762481
5282,c,54.59946043762481,54.59946043762481
5283,c,54.59946043762481,54.59946043762481
5284,t,54.59946043762481,54.59946043762481
5285,c,54.59946043762481,54.59946043762481
5286,c,54.59946043762481,54.59946043762481
5287,t,54.59946043762481,54.59946043762481
5288,t,54.59946043762481,54.59946043762481
5289,c,54.59946043762481,54.59946043762481
5290,c,3.1578828918913944,11.812645379487329
5291,c,54.59946043762481,54.59946043762481
5292,c,54.59946043762481,54.59946043762481
5293,c,54.59946043762481,54.59946043762481
5294,t,54.59946043762481,54.59946043762481
5295,c,54.59946043762481,54.59946043762481
5296,c,54.59946043762481,54.59946043762481
5297,c,54.59946043762481,54.59946043762481
5298,c,54.59946043762481,54.59946043762481
5299,c,54.59946043762481,54.59946043762481
5300,t,54.59946043762481,54.59946043762481
5301,t,54.59946043762481,54.59946043762481
5302,c,54.59946043762481,54.59946043762481
5303,t,54.59946043762481,54.59946043762481
5304,c,54.59946043762481,54.59946043762481
5305,c,54.59946043762481,54.59946043762481
5306,c,54.59946043762481,54.59946043762481
5307,c,54.59946043762481,54.59946043762481
5308,c,54.59946043762481,54.59946043762481
5309,c,54.59946043762481,54.59946043762481
5310,c,54.59946043762481,54.59946043762481
5311,t,54.59946043762481,54.59946043762481
5312,c,54.59946043762481,54.59946043762481
5313,c,54.59946043762481,54.59946043762481
5314,c,54.59946043762481,54.59946043762481
5315,c,54.59946043762481,54.59946043762481
5316,c,54.59946043762481,54.59946043762481
5317,c,54.59946043762481,54.59946043762481
5318,c,54.59946043762481,54.59946043762481
5319,t,54.59946043762481,54.59946043762481
5320,c,54.59946043762481,54.59946043762481
5321,c,54.59946043762481,54.59946043762481
5322,c,54.59946043762481,54.59946043762481
5323,c,54.59946043762481,54.59946043762481
5324,c,54.59946043762481,54.59946043762481
5325,c,54.59946043762481,54.59946043762481
5326,c,54.59946043762481,54.59946043762481
5327,t,54.59946043762481,54.59946043762481
5328,c,54.59946043762481,54.59946043762481
5329,na,0,8.699510183386458
5330,c,54.59946043762481,54.59946043762481
5331,t,54.59946043762481,54.59946043762481
5332,t,54.59946043762481,54.59946043762481
5333,c,54.59946043762481,54.59946043762481
5334,c,54.59946043762481,54.59946043762481
5335,c,54.59946043762481,54.59946043762481
5336,c,54.59946043762481,54.59946043762481
5337,c,54.59946043762481,54.59946043762481
5338,c,54.59946043762481,54.59946043762481
5339,t,54.59946043762481,54.59946043762481
5340,c,54.59946043762481,54.59946043762481
5341,c,54.59946043762481,54.59946043762481
5342,c,54.59946043762481,54.59946043762481
5343,c,54.59946043762481,54.59946043762481
5344,t,54.59946043762481,54.59946043762481
5345,c,54.59946043762481,54.59946043762481
5346,c,54.59946043762481,54.59946043762481
5347,c,54.59946043762481,54.59946043762481
5348,c,10.396933320147939,23.391843524181308
5349,na,4.686045359438417,8.804789534394914
5350,t,54.59946043762481,54.59946043762481
5351,c,54.59946043762481,54.59946043762481
5352,c,54.59946043762481,54.59946043762481
5353,c,54.59946043762481,54.59946043762481
5354,t,54.59946043762481,54.59946043762481
5355,c,54.59946043762481,54.59946043762481
5356,c,54.59946043762481,54.59946043762481
5357,c,54.59946043762481,54.59946043762481
5358,c,54.59946043762481,54.59946043762481
5359,t,54.59946043762481,54.59946043762481
5360,t,54.59946043762481,54.59946043762481
5361,c,54.59946043762481,54.59946043762481
5362,c,54.59946043762481,54.59946043762481
5363,c,54.59946043762481,54.59946043762481
5364,c,54.59946043762481,54.59946043762481
5365,c,54.59946043762481,54.59946043762481
5366,t,54.59946043762481,54.59946043762481
5367,c,54.59946043762481,54.59946043762481
5368,c,54.59946043762481,54.59946043762481
5369,c,54.59946043762481,54.59946043762481
5370,c,54.59946043762481,54.59946043762481
5371,c,54.59946043762481,54.59946043762481
5372,c,6.125004615075749,14.117695765536808
5373,c,54.59946043762481,54.59946043762481
5374,c,54.59946043762481,54.59946043762481
5375,t,54.59946043762481,54.59946043762481
5376,c,54.59946043762481,54.59946043762481
5377,t,54.59946043762481,54.59946043762481
5378,c,54.59946043762481,54.59946043762481
5379,c,54.59946043762481,54.59946043762481
5380,c,54.59946043762481,54.59946043762481
5381,c,54.59946043762481,54.59946043762481
5382,c,54.59946043762481,54.59946043762481
5383,c,54.59946043762481,54.59946043762481
5384,t,54.59946043762481,54.59946043762481
5385,c,54.59946043762481,54.59946043762481
5386,c,54.59946043762481,54.59946043762481
5387,c,54.59946043762481,54.59946043762481
5388,c,54.59946043762481,54.59946043762481
5389,c,54.59946043762481,54.59946043762481
5390,c,54.59946043762481,54.59946043762481
5391,c,54.59946043762481,54.59946043762481
5392,c,54.59946043762481,54.59946043762481
5393,c,54.59946043762481,54.59946043762481
5394,c,54.59946043762481,54.59946043762481
5395,c,54.59946043762481,54.59946043762481
5396,c,54.59946043762481,54.59946043762481
5397,c,54.59946043762481,54.59946043762481
5398,t,54.59946043762481,54.59946043762481
5399,c,54.59946043762481,54.59946043762481
5400,t,54.59946043762481,54.59946043762481
5401,c,54.59946043762481,54.59946043762481
5402,c,54.59946043762481,54.59946043762481
5403,c,54.59946043762481,54.59946043762481
5404,t,54.59946043762481,54.59946043762481
5405,c,54.59946043762481,54.59946043762481
5406,c,54.59946043762481,54.59946043762481
5407,c,54.59946043762481,54.59946043762481
5408,c,54.59946043762481,54.59946043762481
5409,c,54.59946043762481,54.59946043762481
5410,t,54.59946043762481,54.59946043762481
5411,c,54.59946043762481,54.59946043762481
5412,c,54.59946043762481,54.59946043762481
5413,c,54.59946043762481,54.59946043762481
5414,c,54.59946043762481,54.59946043762481
5415,t,54.59946043762481,54.59946043762481
5416,c,54.59946043762481,54.59946043762481
5417,c,54.59946043762481,54.59946043762481
5418,c,54.59946043762481,54.59946043762481
5419,t,54.59946043762481,54.59946043762481
5420,c,54.59946043762481,54.59946043762481
5421,t,54.59946043762481,54.59946043762481
5422,t,54.59946043762481,54.59946043762481
5423,c,54.59946043762481,54.59946043762481
5424,c,54.59946043762481,54.59946043762481
5425,c,54.59946043762481,54.59946043762481
5426,c,54.59946043762481,54.59946043762481
5427,c,54.59946043762481,54.59946043762481
5428,c,54.59946043762481,54.59946043762481
5429,t,54.59946043762481,54.59946043762481
5430,c,54.59946043762481,54.59946043762481
5431,c,54.59946043762481,54.59946043762481
5432,c,54.59946043762481,54.59946043762481
5433,c,54.59946043762481,54.59946043762481
5434,t,54.59946043762481,54.59946043762481
5435,t,54.59946043762481,54.59946043762481
5436,t,54.59946043762481,54.59946043762481
5437,c,54.59946043762481,54.59946043762481
5438,c,54.59946043762481,54.59946043762481
5439,c,54.59946043762481,54.59946043762481
5440,c,54.59946043762481,54.59946043762481
5441,t,54.59946043762481,54.59946043762481
5442,c,26.553126423432442,30.293741136067425
5443,c,54.59946043762481,54.59946043762481
5444,c,54.59946043762481,54.59946043762481
5445,c,54.59946043762481,54.59946043762481
5446,c,54.59946043762481,54.59946043762481
5447,c,54.59946043762481,54.59946043762481
5448,t,54.59946043762481,54.59946043762481
5449,t,54.59946043762481,54.59946043762481
5450,c,54.59946043762481,54.59946043762481
5451,c,54.59946043762481,54.59946043762481
5452,c,54.59946043762481,54.59946043762481
5453,c,54.59946043762481,54.59946043762481
5454,t,54.59946043762481,54.59946043762481
5455,t,54.59946043762481,54.59946043762481
5456,c,54.59946043762481,54.59946043762481
5457,t,54.59946043762481,54.59946043762481
5458,c,54.59946043762481,54.59946043762481
5459,c,54.59946043762481,54.59946043762481
5460,c,54.59946043762481,54.59946043762481
5461,c,54.59946043762481,54.59946043762481
5462,t,54.59946043762481,54.59946043762481
5463,c,54.59946043762481,54.59946043762481
5464,c,54.59946043762481,54.59946043762481
5465,c,54.59946043762481,54.59946043762481
5466,c,54.59946043762481,54.59946043762481
5467,c,54.59946043762481,54.59946043762481
5468,t,54.59946043762481,54.59946043762481
5469,c,54.59946043762481,54.59946043762481
5470,c,54.59946043762481,54.59946043762481
5471,c,54.59946043762481,54.59946043762481
5472,c,54.59946043762481,54.59946043762481
5473,t,54.59946043762481,54.59946043762481
5474,c,54.59946043762481,54.59946043762481
5475,c,54.59946043762481,54.59946043762481
5476,c,54.59946043762481,54.59946043762481
5477,c,54.59946043762481,54.59946043762481
5478,t,54.59946043762481,54.59946043762481
5479,t,54.59946043762481,54.59946043762481
5480,c,54.59946043762481,54.59946043762481
5481,t,54.59946043762481,54.59946043762481
5482,t,54.59946043762481,54.59946043762481
5483,c,54.59946043762481,54.59946043762481
5484,c,12.517304823220842,15.447245067176034
5485,c,54.59946043762481,54.59946043762481
5486,c,54.59946043762481,54.59946043762481
5487,c,54.59946043762481,54.59946043762481
5488,c,54.59946043762481,54.59946043762481
5489,c,54.59946043762481,54.59946043762481
5490,c,54.59946043762481,54.59946043762481
5491,c,54.59946043762481,54.59946043762481
5492,c,54.59946043762481,54.59946043762481
5493,t,54.59946043762481,54.59946043762481
5494,c,54.59946043762481,54.59946043762481
5495,c,54.59946043762481,54.59946043762481
5496,c,54.59946043762481,54.59946043762481
5497,c,10.050259834596424,12.877646199648652
5498,c,54.59946043762481,54.59946043762481
5499,c,12.394361093412648,13.88486221450165
5500,c,54.59946043762481,54.59946043762481
5501,c,12.055499026417342,13.768315230437526
5502,c,54.59946043762481,54.59946043762481
5503,t,54.59946043762481,54.59946043762481
5504,c,54.59946043762481,54.59946043762481
5505,c,54.59946043762481,54.59946043762481
5506,c,54.59946043762481,54.59946043762481
5507,c,54.59946043762481,54.59946043762481
5508,c,54.59946043762481,54.59946043762481
5509,c,54.59946043762481,54.59946043762481
5510,t,54.59946043762481,54.59946043762481
5511,c,54.59946043762481,54.59946043762481
5512,c,54.59946043762481,54.59946043762481
5513,c,54.59946043762481,54.59946043762481
5514,c,54.59946043762481,54.59946043762481
5515,c,54.59946043762481,54.59946043762481
5516,c,54.59946043762481,54.59946043762481
5517,c,54.59946043762481,54.59946043762481
5518,c,54.59946043762481,54.59946043762481
5519,c,54.59946043762481,54.59946043762481
5520,t,54.59946043762481,54.59946043762481
5521,t,54.59946043762481,54.59946043762481
5522,c,54.59946043762481,54.59946043762481
5523,c,54.59946043762481,54.59946043762481
5524,t,54.59946043762481,54.59946043762481
5525,t,54.59946043762481,54.59946043762481
5526,t,54.59946043762481,54.59946043762481
5527,c,54.59946043762481,54.59946043762481
5528,c,54.59946043762481,54.59946043762481
5529,t,54.59946043762481,54.59946043762481
5530,t,54.59946043762481,54.59946043762481
5531,c,54.59946043762481,54.59946043762481
5532,c,54.59946043762481,54.59946043762481
5533,c,9.553409964724192,14.131200619110322
5534,c,54.59946043762481,54.59946043762481
5535,c,54.59946043762481,54.59946043762481
5536,na,6.492853099980276,10.867804952136298
5537,c,54.59946043762481,54.59946043762481
5538,c,54.59946043762481,54.59946043762481
5539,t,54.59946043762481,54.59946043762481
5540,c,54.59946043762481,54.59946043762481
5541,t,54.59946043762481,54.59946043762481
5542,na,-1,0
5543,t,54.59946043762481,54.59946043762481
5544,t,54.59946043762481,54.59946043762481
5545,c,54.59946043762481,54.59946043762481
5546,c,54.59946043762481,54.59946043762481
5547,t,54.59946043762481,54.59946043762481
5548,c,54.59946043762481,54.59946043762481
5549,c,54.59946043762481,54.59946043762481
5550,t,54.59946043762481,54.59946043762481
5551,c,54.59946043762481,54.59946043762481
5552,c,54.59946043762481,54.59946043762481
5553,c,54.59946043762481,54.59946043762481
5554,c,54.59946043762481,54.59946043762481
5555,t,54.59946043762481,54.59946043762481
5556,c,54.59946043762481,54.59946043762481
5557,t,54.59946043762481,54.59946043762481
5558,c,54.59946043762481,54.59946043762481
5559,c,54.59946043762481,54.59946043762481
5560,c,54.59946043762481,54.59946043762481
5561,c,54.59946043762481,54.59946043762481
5562,c,54.59946043762481,54.59946043762481
5563,c,54.59946043762481,54.59946043762481
5564,c,54.59946043762481,54.59946043762481
5565,t,54.59946043762481,54.59946043762481
5566,c,54.59946043762481,54.59946043762481
5567,na,-1,0
5568,c,54.59946043762481,54.59946043762481
5569,c,54.59946043762481,54.59946043762481
5570,c,54.59946043762481,54.59946043762481
5571,c,54.59946043762481,54.59946043762481
5572,c,54.59946043762481,54.59946043762481
5573,c,54.59946043762481,54.59946043762481
5574,c,54.59946043762481,54.59946043762481
5575,c,54.59946043762481,54.59946043762481
5576,t,54.59946043762481,54.59946043762481
5577,c,54.59946043762481,54.59946043762481
5578,c,54.59946043762481,54.59946043762481
5579,t,54.59946043762481,54.59946043762481
5580,c,54.59946043762481,54.59946043762481
5581,c,54.59946043762481,54.59946043762481
5582,t,54.59946043762481,54.59946043762481
5583,c,54.59946043762481,54.59946043762481
5584,c,54.59946043762481,54.59946043762481
5585,c,54.59946043762481,54.59946043762481
5586,t,54.59946043762481,54.59946043762481
5587,t,54.59946043762481,54.59946043762481
5588,t,54.59946043762481,54.59946043762481
5589,c,54.59946043762481,54.59946043762481
5590,c,54.59946043762481,54.59946043762481
5591,t,54.59946043762481,54.59946043762481
5592,c,54.59946043762481,54.59946043762481
5593,c,54.59946043762481,54.59946043762481
5594,c,54.59946043762481,54.59946043762481
5595,c,54.59946043762481,54.59946043762481
5596,c,54.59946043762481,54.59946043762481
5597,t,54.59946043762481,54.59946043762481
5598,c,54.59946043762481,54.59946043762481
5599,t,54.59946043762481,54.59946043762481
5600,c,54.59946043762481,54.59946043762481
5601,c,54.59946043762481,54.59946043762481
5602,c,54.59946043762481,54.59946043762481
5603,c,54.59946043762481,54.59946043762481
5604,c,54.59946043762481,54.59946043762481
5605,c,54.59946043762481,54.59946043762481
5606,c,54.59946043762481,54.59946043762481
5607,c,54.59946043762481,54.59946043762481
5608,c,54.59946043762481,54.59946043762481
5609,c,54.59946043762481,54.59946043762481
5610,c,54.59946043762481,54.59946043762481
5611,c,54.59946043762481,54.59946043762481
5612,c,54.59946043762481,54.59946043762481
5613,na,3.251698939720693,6.251794227886813
5614,c,54.59946043762481,54.59946043762481
5615,t,54.59946043762481,54.59946043762481
5616,c,54.59946043762481,54.59946043762481
5617,c,54.59946043762481,54.59946043762481
5618,c,54.59946043762481,54.59946043762481
5619,c,54.59946043762481,54.59946043762481
5620,c,54.59946043762481,54.59946043762481
5621,c,54.59946043762481,54.59946043762481
5622,c,54.59946043762481,54.59946043762481
5623,c,54.59946043762481,54.59946043762481
5624,c,54.59946043762481,54.59946043762481
5625,c,54.59946043762481,54.59946043762481
5626,c,54.59946043762481,54.59946043762481
5627,c,54.59946043762481,54.59946043762481
5628,t,54.59946043762481,54.59946043762481
5629,c,54.59946043762481,54.59946043762481
5630,c,54.59946043762481,54.59946043762481
5631,c,54.59946043762481,54.59946043762481
5632,c,54.59946043762481,54.59946043762481
5633,t,54.59946043762481,54.59946043762481
5634,c,54.59946043762481,54.59946043762481
5635,t,54.59946043762481,54.59946043762481
5636,c,54.59946043762481,54.59946043762481
5637,c,54.59946043762481,54.59946043762481
5638,c,54.59946043762481,54.59946043762481
5639,c,54.59946043762481,54.59946043762481
5640,c,54.59946043762481,54.59946043762481
5641,c,54.59946043762481,54.59946043762481
5642,c,54.59946043762481,54.59946043762481
5643,c,54.59946043762481,54.59946043762481
5644,c,54.59946043762481,54.59946043762481
5645,c,54.59946043762481,54.59946043762481
5646,c,54.59946043762481,54.59946043762481
5647,c,54.59946043762481,54.59946043762481
5648,c,54.59946043762481,54.59946043762481
5649,t,54.59946043762481,54.59946043762481
5650,c,54.59946043762481,54.59946043762481
5651,t,54.59946043762481,54.59946043762481
5652,c,54.59946043762481,54.59946043762481
5653,c,54.59946043762481,54.59946043762481
5654,c,54.59946043762481,54.59946043762481
5655,c,54.59946043762481,54.59946043762481
5656,t,54.59946043762481,54.59946043762481
5657,na,0,9.846678747517677
5658,c,54.59946043762481,54.59946043762481
5659,c,54.59946043762481,54.59946043762481
5660,na,0,8.04637966977833
5661,c,54.59946043762481,54.59946043762481
5662,c,54.59946043762481,54.59946043762481
5663,t,54.59946043762481,54.59946043762481
5664,c,54.59946043762481,54.59946043762481
5665,c,54.59946043762481,54.59946043762481
5666,c,54.59946043762481,54.59946043762481
5667,c,54.59946043762481,54.59946043762481
5668,c,54.59946043762481,54.59946043762481
5669,t,54.59946043762481,54.59946043762481
5670,c,54.59946043762481,54.59946043762481
5671,c,5.4960259208060265,10.117019161372275
5672,c,54.59946043762481,54.59946043762481
5673,t,54.59946043762481,54.59946043762481
5674,c,54.59946043762481,54.59946043762481
5675,c,54.59946043762481,54.59946043762481
5676,t,54.59946043762481,54.59946043762481
5677,c,54.59946043762481,54.59946043762481
5678,c,54.59946043762481,54.59946043762481
5679,c,54.59946043762481,54.59946043762481
5680,c,54.59946043762481,54.59946043762481
5681,c,54.59946043762481,54.59946043762481
5682,t,54.59946043762481,54.59946043762481
5683,t,54.59946043762481,54.59946043762481
5684,c,54.59946043762481,54.59946043762481
5685,c,54.59946043762481,54.59946043762481
5686,c,54.59946043762481,54.59946043762481
5687,c,54.59946043762481,54.59946043762481
5688,c,54.59946043762481,54.59946043762481
5689,t,54.59946043762481,54.59946043762481
5690,c,54.59946043762481,54.59946043762481
5691,c,54.59946043762481,54.59946043762481
5692,c,54.59946043762481,54.59946043762481
5693,c,54.59946043762481,54.59946043762481
5694,c,54.59946043762481,54.59946043762481
5695,c,54.59946043762481,54.59946043762481
5696,t,54.59946043762481,54.59946043762481
5697,c,54.59946043762481,54.59946043762481
5698,c,54.59946043762481,54.59946043762481
5699,c,54.59946043762481,54.59946043762481
5700,c,54.59946043762481,54.59946043762481
5701,c,54.59946043762481,54.59946043762481
5702,c,54.59946043762481,54.59946043762481
5703,t,54.59946043762481,54.59946043762481
5704,c,54.59946043762481,54.59946043762481
5705,c,54.59946043762481,54.59946043762481
5706,c,54.59946043762481,54.59946043762481
5707,c,54.59946043762481,54.59946043762481
5708,c,54.59946043762481,54.59946043762481
5709,c,54.59946043762481,54.59946043762481
5710,c,54.59946043762481,54.59946043762481
5711,c,54.59946043762481,54.59946043762481
5712,c,54.59946043762481,54.59946043762481
5713,c,54.59946043762481,54.59946043762481
5714,c,54.59946043762481,54.59946043762481
5715,c,54.59946043762481,54.59946043762481
5716,c,54.59946043762481,54.59946043762481
5717,c,54.59946043762481,54.59946043762481
5718,c,54.59946043762481,54.59946043762481
5719,c,54.59946043762481,54.59946043762481
5720,c,54.59946043762481,54.59946043762481
5721,c,54.59946043762481,54.59946043762481
5722,c,54.59946043762481,54.59946043762481
5723,c,54.59946043762481,54.59946043762481
5724,c,54.59946043762481,54.59946043762481
5725,c,54.59946043762481,54.59946043762481
5726,c,54.59946043762481,54.59946043762481
5727,c,54.59946043762481,54.59946043762481
5728,c,54.59946043762481,54.59946043762481
5729,t,54.59946043762481,54.59946043762481
5730,c,54.59946043762481,54.59946043762481
5731,c,54.59946043762481,54.59946043762481
5732,c,54.59946043762481,54.59946043762481
5733,t,54.59946043762481,54.59946043762481
5734,t,54.59946043762481,54.59946043762481
5735,c,54.59946043762481,54.59946043762481
5736,t,54.59946043762481,54.59946043762481
5737,c,54.59946043762481,54.59946043762481
5738,c,54.59946043762481,54.59946043762481
5739,c,54.59946043762481,54.59946043762481
5740,t,54.59946043762481,54.59946043762481
5741,t,54.59946043762481,54.59946043762481
5742,c,54.59946043762481,54.59946043762481
5743,c,54.59946043762481,54.59946043762481
5744,c,54.59946043762481,54.59946043762481
5745,t,54.59946043762481,54.59946043762481
5746,t,54.59946043762481,54.59946043762481
5747,c,54.59946043762481,54.59946043762481
5748,t,54.59946043762481,54.59946043762481
5749,c,54.59946043762481,54.59946043762481
5750,t,54.59946043762481,54.59946043762481
5751,c,54.59946043762481,54.59946043762481
5752,t,54.59946043762481,54.59946043762481
5753,c,54.59946043762481,54.59946043762481
5754,c,54.59946043762481,54.59946043762481
5755,c,54.59946043762481,54.59946043762481
5756,c,54.59946043762481,54.59946043762481
5757,c,54.59946043762481,54.59946043762481
5758,c,54.59946043762481,54.59946043762481
5759,c,54.59946043762481,54.59946043762481
5760,c,54.59946043762481,54.59946043762481
5761,na,0.7894552774448337,22.06401008240264
5762,c,54.59946043762481,54.59946043762481
5763,c,54.59946043762481,54.59946043762481
5764,t,54.59946043762481,54.59946043762481
5765,c,54.59946043762481,54.59946043762481
5766,c,54.59946043762481,54.59946043762481
5767,c,54.59946043762481,54.59946043762481
5768,c,54.59946043762481,54.59946043762481
5769,c,54.59946043762481,54.59946043762481
5770,c,54.59946043762481,54.59946043762481
5771,c,54.59946043762481,54.59946043762481
5772,t,54.59946043762481,54.59946043762481
5773,c,54.59946043762481,54.59946043762481
5774,c,54.59946043762481,54.59946043762481
5775,na,7.538668981511697,9.191734252156955
5776,c,54.59946043762481,54.59946043762481
5777,c,54.59946043762481,54.59946043762481
5778,c,54.59946043762481,54.59946043762481
5779,t,54.59946043762481,54.59946043762481
5780,c,54.59946043762481,54.59946043762481
5781,c,54.59946043762481,54.59946043762481
5782,c,54.59946043762481,54.59946043762481
5783,c,54.59946043762481,54.59946043762481
5784,c,54.59946043762481,54.59946043762481
5785,c,54.59946043762481,54.59946043762481
5786,c,54.59946043762481,54.59946043762481
5787,c,54.59946043762481,54.59946043762481
5788,c,54.59946043762481,54.59946043762481
5789,c,54.59946043762481,54.59946043762481
5790,c,54.59946043762481,54.59946043762481
5791,c,54.59946043762481,54.59946043762481
5792,c,54.59946043762481,54.59946043762481
5793,c,7.774603006938624,12.816776712203087
5794,c,54.59946043762481,54.59946043762481
5795,c,54.59946043762481,54.59946043762481
5796,t,54.59946043762481,54.59946043762481
5797,c,54.59946043762481,54.59946043762481
5798,c,54.59946043762481,54.59946043762481
5799,t,54.59946043762481,54.59946043762481
5800,c,54.59946043762481,54.59946043762481
5801,c,54.59946043762481,54.59946043762481
5802,c,54.59946043762481,54.59946043762481
5803,c,54.59946043762481,54.59946043762481
5804,c,54.59946043762481,54.59946043762481
5805,t,54.59946043762481,54.59946043762481
5806,c,54.59946043762481,54.59946043762481
5807,t,54.59946043762481,54.59946043762481
5808,c,54.59946043762481,54.59946043762481
5809,c,54.59946043762481,54.59946043762481
5810,t,54.59946043762481,54.59946043762481
5811,c,54.59946043762481,54.59946043762481
5812,c,54.59946043762481,54.59946043762481
5813,c,54.59946043762481,54.59946043762481
5814,c,54.59946043762481,54.59946043762481
5815,c,54.59946043762481,54.59946043762481
5816,c,54.59946043762481,54.59946043762481
5817,t,54.59946043762481,54.59946043762481
5818,c,54.59946043762481,54.59946043762481
5819,c,54.59946043762481,54.59946043762481
5820,t,54.59946043762481,54.59946043762481
5821,c,54.59946043762481,54.59946043762481
5822,c,54.59946043762481,54.59946043762481
5823,c,54.59946043762481,54.59946043762481
5824,c,54.59946043762481,54.59946043762481
5825,c,54.59946043762481,54.59946043762481
5826,c,54.59946043762481,54.59946043762481
5827,c,54.59946043762481,54.59946043762481
5828,c,54.59946043762481,54.59946043762481
5829,c,54.59946043762481,54.59946043762481
5830,c,24.347225796665228,37.758328267484174
5831,t,54.59946043762481,54.59946043762481
5832,c,54.59946043762481,54.59946043762481
5833,c,54.59946043762481,54.59946043762481
5834,t,54.59946043762481,54.59946043762481
5835,c,54.59946043762481,54.59946043762481
5836,c,54.59946043762481,54.59946043762481
5837,c,54.59946043762481,54.59946043762481
5838,c,54.59946043762481,54.59946043762481
5839,t,54.59946043762481,54.59946043762481
5840,t,54.59946043762481,54.59946043762481
5841,c,54.59946043762481,54.59946043762481
5842,t,54.59946043762481,54.59946043762481
5843,c,54.59946043762481,54.59946043762481
5844,c,54.59946043762481,54.59946043762481
5845,c,54.59946043762481,54.59946043762481
5846,c,54.59946043762481,54.59946043762481
5847,t,54.59946043762481,54.59946043762481
5848,c,54.59946043762481,54.59946043762481
5849,c,54.59946043762481,54.59946043762481
5850,c,54.59946043762481,54.59946043762481
5851,c,54.59946043762481,54.59946043762481
5852,c,54.59946043762481,54.59946043762481
5853,c,54.59946043762481,54.59946043762481
5854,c,54.59946043762481,54.59946043762481
5855,t,54.59946043762481,54.59946043762481
5856,c,54.59946043762481,54.59946043762481
5857,c,54.59946043762481,54.59946043762481
5858,t,54.59946043762481,54.59946043762481
5859,c,54.59946043762481,54.59946043762481
5860,t,54.59946043762481,54.59946043762481
5861,t,54.59946043762481,54.59946043762481
5862,c,54.59946043762481,54.59946043762481
5863,c,54.59946043762481,54.59946043762481
5864,c,54.59946043762481,54.59946043762481
5865,c,54.59946043762481,54.59946043762481
5866,c,54.59946043762481,54.59946043762481
5867,c,54.59946043762481,54.59946043762481
5868,c,54.59946043762481,54.59946043762481
5869,c,54.59946043762481,54.59946043762481
5870,c,7.409238344591121,11.508743358183084
5871,t,54.59946043762481,54.59946043762481
5872,c,54.59946043762481,54.59946043762481
5873,c,54.59946043762481,54.59946043762481
5874,c,6.997539752109094,11.56880947166067
5875,c,54.59946043762481,54.59946043762481
5876,c,54.59946043762481,54.59946043762481
5877,t,54.59946043762481,54.59946043762481
5878,c,54.59946043762481,54.59946043762481
5879,t,54.59946043762481,54.59946043762481
5880,c,54.59946043762481,54.59946043762481
5881,c,54.59946043762481,54.59946043762481
5882,c,54.59946043762481,54.59946043762481
5883,c,54.59946043762481,54.59946043762481
5884,c,54.59946043762481,54.59946043762481
5885,c,54.59946043762481,54.59946043762481
5886,t,54.59946043762481,54.59946043762481
5887,c,54.59946043762481,54.59946043762481
5888,c,54.59946043762481,54.59946043762481
5889,c,54.59946043762481,54.59946043762481
5890,t,54.59946043762481,54.59946043762481
5891,t,54.59946043762481,54.59946043762481
5892,c,54.59946043762481,54.59946043762481
5893,c,54.59946043762481,54.59946043762481
5894,t,54.59946043762481,54.59946043762481
5895,na,0,1.7049423271451338
5896,c,54.59946043762481,54.59946043762481
5897,t,54.59946043762481,54.59946043762481
5898,c,54.59946043762481,54.59946043762481
5899,c,54.59946043762481,54.59946043762481
5900,c,54.59946043762481,54.59946043762481
5901,t,54.59946043762481,54.59946043762481
5902,t,54.59946043762481,54.59946043762481
5903,c,54.59946043762481,54.59946043762481
5904,c,54.59946043762481,54.59946043762481
5905,t,54.59946043762481,54.59946043762481
5906,c,54.59946043762481,54.59946043762481
5907,c,54.59946043762481,54.59946043762481
5908,t,54.59946043762481,54.59946043762481
5909,t,54.59946043762481,54.59946043762481
5910,c,54.59946043762481,54.59946043762481
5911,c,54.59946043762481,54.59946043762481
5912,c,54.59946043762481,54.59946043762481
5913,c,54.59946043762481,54.59946043762481
5914,c,54.59946043762481,54.59946043762481
5915,t,54.59946043762481,54.59946043762481
5916,t,54.59946043762481,54.59946043762481
5917,c,54.59946043762481,54.59946043762481
5918,na,5.425045875883536,7.817880172827964
5919,c,54.59946043762481,54.59946043762481
5920,c,54.59946043762481,54.59946043762481
5921,c,54.59946043762481,54.59946043762481
5922,c,54.59946043762481,54.59946043762481
5923,c,54.59946043762481,54.59946043762481
5924,c,54.59946043762481,54.59946043762481
5925,c,54.59946043762481,54.59946043762481
5926,c,6.5216901247152395,15.228844099551106
5927,c,54.59946043762481,54.59946043762481
5928,c,54.59946043762481,54.59946043762481
5929,c,54.59946043762481,54.59946043762481
5930,c,54.59946043762481,54.59946043762481
5931,t,54.59946043762481,54.59946043762481
5932,c,54.59946043762481,54.59946043762481
5933,c,54.59946043762481,54.59946043762481
5934,c,54.59946043762481,54.59946043762481
5935,t,54.59946043762481,54.59946043762481
5936,c,54.59946043762481,54.59946043762481
5937,t,54.59946043762481,54.59946043762481
5938,c,54.59946043762481,54.59946043762481
5939,c,54.59946043762481,54.59946043762481
5940,c,54.59946043762481,54.59946043762481
5941,t,54.59946043762481,54.59946043762481
5942,t,54.59946043762481,54.59946043762481
5943,c,54.59946043762481,54.59946043762481
5944,t,54.59946043762481,54.59946043762481
5945,c,54.59946043762481,54.59946043762481
5946,c,54.59946043762481,54.59946043762481
5947,c,54.59946043762481,54.59946043762481
5948,c,54.59946043762481,54.59946043762481
5949,c,54.59946043762481,54.59946043762481
5950,c,54.59946043762481,54.59946043762481
5951,c,54.59946043762481,54.59946043762481
5952,c,54.59946043762481,54.59946043762481
5953,c,54.59946043762481,54.59946043762481
5954,c,54.59946043762481,54.59946043762481
5955,c,54.59946043762481,54.59946043762481
5956,c,54.59946043762481,54.59946043762481
5957,c,54.59946043762481,54.59946043762481
5958,t,54.59946043762481,54.59946043762481
5959,c,54.59946043762481,54.59946043762481
5960,c,54.59946043762481,54.59946043762481
5961,c,54.59946043762481,54.59946043762481
5962,c,54.59946043762481,54.59946043762481
5963,c,54.59946043762481,54.59946043762481
5964,c,54.59946043762481,54.59946043762481
5965,c,54.59946043762481,54.59946043762481
5966,c,54.59946043762481,54.59946043762481
5967,c,54.59946043762481,54.59946043762481
5968,c,54.59946043762481,54.59946043762481
5969,c,54.59946043762481,54.59946043762481
5970,c,54.59946043762481,54.59946043762481
5971,t,54.59946043762481,54.59946043762481
5972,c,54.59946043762481,54.59946043762481
5973,c,54.59946043762481,54.59946043762481
5974,c,54.59946043762481,54.59946043762481
5975,c,54.59946043762481,54.59946043762481
5976,c,54.59946043762481,54.59946043762481
5977,c,54.59946043762481,54.59946043762481
5978,c,54.59946043762481,54.59946043762481
5979,c,54.59946043762481,54.59946043762481
5980,c,54.59946043762481,54.59946043762481
5981,t,54.59946043762481,54.59946043762481
5982,t,54.59946043762481,54.59946043762481
5983,c,54.59946043762481,54.59946043762481
5984,c,54.59946043762481,54.59946043762481
5985,t,54.59946043762481,54.59946043762481
5986,c,54.59946043762481,54.59946043762481
5987,c,54.59946043762481,54.59946043762481
5988,c,54.59946043762481,54.59946043762481
5989,c,54.59946043762481,54.59946043762481
5990,c,54.59946043762481,54.59946043762481
5991,c,54.59946043762481,54.59946043762481
5992,c,54.59946043762481,54.59946043762481
5993,c,54.59946043762481,54.59946043762481
5994,c,54.59946043762481,54.59946043762481
5995,c,54.59946043762481,54.59946043762481
5996,c,54.59946043762481,54.59946043762481
5997,t,54.59946043762481,54.59946043762481
5998,c,54.59946043762481,54.59946043762481
5999,c,2.3309234037104787,6.2921434111734325
6000,c,54.59946043762481,54.59946043762481
6001,t,54.59946043762481,54.59946043762481
6002,c,54.59946043762481,54.59946043762481
6003,c,54.59946043762481,54.59946043762481
6004,c,54.59946043762481,54.59946043762481
6005,c,54.59946043762481,54.59946043762481
6006,c,54.59946043762481,54.59946043762481
6007,c,54.59946043762481,54.59946043762481
6008,c,54.59946043762481,54.59946043762481
6009,t,54.59946043762481,54.59946043762481
6010,c,54.59946043762481,54.59946043762481
6011,c,54.59946043762481,54.59946043762481
6012,c,54.59946043762481,54.59946043762481
6013,c,54.59946043762481,54.59946043762481
6014,c,54.59946043762481,54.59946043762481
6015,c,54.59946043762481,54.59946043762481
6016,c,54.59946043762481,54.59946043762481
6017,c,54.59946043762481,54.59946043762481
6018,c,54.59946043762481,54.59946043762481
6019,t,54.59946043762481,54.59946043762481
6020,t,54.59946043762481,54.59946043762481
6021,t,54.59946043762481,54.59946043762481
6022,c,54.59946043762481,54.59946043762481
6023,c,54.59946043762481,54.59946043762481
6024,c,54.59946043762481,54.59946043762481
6025,c,54.59946043762481,54.59946043762481
6026,c,54.59946043762481,54.59946043762481
6027,na,4.358222016761497,11.832913751797204
6028,c,54.59946043762481,54.59946043762481
6029,c,54.59946043762481,54.59946043762481
6030,t,54.59946043762481,54.59946043762481
6031,c,54.59946043762481,54.59946043762481
6032,t,54.59946043762481,54.59946043762481
6033,c,54.59946043762481,54.59946043762481
6034,c,54.59946043762481,54.59946043762481
6035,c,54.59946043762481,54.59946043762481
6036,t,54.59946043762481,54.59946043762481
6037,t,54.59946043762481,54.59946043762481
6038,c,54.59946043762481,54.59946043762481
6039,c,54.59946043762481,54.59946043762481
6040,c,54.59946043762481,54.59946043762481
6041,c,54.59946043762481,54.59946043762481
6042,c,54.59946043762481,54.59946043762481
6043,c,54.59946043762481,54.59946043762481
6044,t,54.59946043762481,54.59946043762481
6045,c,54.59946043762481,54.59946043762481
6046,t,54.59946043762481,54.59946043762481
6047,c,54.59946043762481,54.59946043762481
6048,c,54.59946043762481,54.59946043762481
6049,c,54.59946043762481,54.59946043762481
6050,c,54.59946043762481,54.59946043762481
6051,c,54.59946043762481,54.59946043762481
6052,c,54.59946043762481,54.59946043762481
6053,t,54.59946043762481,54.59946043762481
6054,c,54.59946043762481,54.59946043762481
6055,c,54.59946043762481,54.59946043762481
6056,c,54.59946043762481,54.59946043762481
6057,c,54.59946043762481,54.59946043762481
6058,t,54.59946043762481,54.59946043762481
6059,c,54.59946043762481,54.59946043762481
6060,c,54.59946043762481,54.59946043762481
6061,c,54.59946043762481,54.59946043762481
6062,c,54.59946043762481,54.59946043762481
6063,c,54.59946043762481,54.59946043762481
6064,c,54.59946043762481,54.59946043762481
6065,t,54.59946043762481,54.59946043762481
6066,c,54.59946043762481,54.59946043762481
6067,c,54.59946043762481,54.59946043762481
6068,c,54.59946043762481,54.59946043762481
6069,c,54.59946043762481,54.59946043762481
6070,c,54.59946043762481,54.59946043762481
6071,c,54.59946043762481,54.59946043762481
6072,t,54.59946043762481,54.59946043762481
6073,c,54.59946043762481,54.59946043762481
6074,c,54.59946043762481,54.59946043762481
6075,c,54.59946043762481,54.59946043762481
6076,c,54.59946043762481,54.59946043762481
6077,t,54.59946043762481,54.59946043762481
6078,t,54.59946043762481,54.59946043762481
6079,c,54.59946043762481,54.59946043762481
6080,c,54.59946043762481,54.59946043762481
6081,c,54.59946043762481,54.59946043762481
6082,c,54.59946043762481,54.59946043762481
6083,c,54.59946043762481,54.59946043762481
6084,c,54.59946043762481,54.59946043762481
6085,c,54.59946043762481,54.59946043762481
6086,c,54.59946043762481,54.59946043762481
6087,c,54.59946043762481,54.59946043762481
6088,c,54.59946043762481,54.59946043762481
6089,c,54.59946043762481,54.59946043762481
6090,c,54.59946043762481,54.59946043762481
6091,c,54.59946043762481,54.59946043762481
6092,t,54.59946043762481,54.59946043762481
6093,c,54.59946043762481,54.59946043762481
6094,c,54.59946043762481,54.59946043762481
6095,c,54.59946043762481,54.59946043762481
6096,c,54.59946043762481,54.59946043762481
6097,c,54.59946043762481,54.59946043762481
6098,c,54.59946043762481,54.59946043762481
6099,c,54.59946043762481,54.59946043762481
6100,t,54.59946043762481,54.59946043762481
6101,c,54.59946043762481,54.59946043762481
6102,c,54.59946043762481,54.59946043762481
6103,c,29.05509024228281,30.141540298483864
6104,c,54.59946043762481,54.59946043762481
6105,c,54.59946043762481,54.59946043762481
6106,c,54.59946043762481,54.59946043762481
6107,t,54.59946043762481,54.59946043762481
6108,c,54.59946043762481,54.59946043762481
6109,t,54.59946043762481,54.59946043762481
6110,t,54.59946043762481,54.59946043762481
6111,c,54.59946043762481,54.59946043762481
6112,c,54.59946043762481,54.59946043762481
6113,c,54.59946043762481,54.59946043762481
6114,t,54.59946043762481,54.59946043762481
6115,t,54.59946043762481,54.59946043762481
6116,c,54.59946043762481,54.59946043762481
6117,c,54.59946043762481,54.59946043762481
6118,c,54.59946043762481,54.59946043762481
6119,t,54.59946043762481,54.59946043762481
6120,c,54.59946043762481,54.59946043762481
6121,c,54.59946043762481,54.59946043762481
6122,c,54.59946043762481,54.59946043762481
6123,c,54.59946043762481,54.59946043762481
6124,t,54.59946043762481,54.59946043762481
6125,c,54.59946043762481,54.59946043762481
6126,c,54.59946043762481,54.59946043762481
6127,c,54.59946043762481,54.59946043762481
6128,c,54.59946043762481,54.59946043762481
6129,c,54.59946043762481,54.59946043762481
6130,t,54.59946043762481,54.59946043762481
6131,c,54.59946043762481,54.59946043762481
6132,c,54.59946043762481,54.59946043762481
6133,c,54.59946043762481,54.59946043762481
6134,c,54.59946043762481,54.59946043762481
6135,c,2.2608173309903936,4.279246030281142
6136,c,54.59946043762481,54.59946043762481
6137,t,54.59946043762481,54.59946043762481
6138,c,54.59946043762481,54.59946043762481
6139,c,54.59946043762481,54.59946043762481
6140,c,54.59946043762481,54.59946043762481
6141,c,54.59946043762481,54.59946043762481
6142,c,54.59946043762481,54.59946043762481
6143,t,54.59946043762481,54.59946043762481
6144,c,54.59946043762481,54.59946043762481
6145,c,54.59946043762481,54.59946043762481
6146,c,54.59946043762481,54.59946043762481
6147,c,54.59946043762481,54.59946043762481
6148,c,54.59946043762481,54.59946043762481
6149,c,54.59946043762481,54.59946043762481
6150,c,54.59946043762481,54.59946043762481
6151,t,54.59946043762481,54.59946043762481
6152,c,54.59946043762481,54.59946043762481
6153,c,54.59946043762481,54.59946043762481
6154,t,54.59946043762481,54.59946043762481
6155,c,54.59946043762481,54.59946043762481
6156,t,54.59946043762481,54.59946043762481
6157,c,54.59946043762481,54.59946043762481
6158,t,54.59946043762481,54.59946043762481
6159,c,54.59946043762481,54.59946043762481
6160,c,54.59946043762481,54.59946043762481
6161,c,54.59946043762481,54.59946043762481
6162,na,-1,0
6163,c,54.59946043762481,54.59946043762481
6164,c,54.59946043762481,54.59946043762481
6165,c,54.59946043762481,54.59946043762481
6166,t,54.59946043762481,54.59946043762481
6167,c,54.59946043762481,54.59946043762481
6168,c,54.59946043762481,54.59946043762481
6169,c,54.59946043762481,54.59946043762481
6170,c,54.59946043762481,54.59946043762481
6171,c,54.59946043762481,54.59946043762481
6172,c,54.59946043762481,54.59946043762481
6173,t,54.59946043762481,54.59946043762481
6174,c,54.59946043762481,54.59946043762481
6175,t,54.59946043762481,54.59946043762481
6176,c,54.59946043762481,54.59946043762481
6177,c,54.59946043762481,54.59946043762481
6178,c,54.59946043762481,54.59946043762481
6179,c,54.59946043762481,54.59946043762481
6180,c,54.59946043762481,54.59946043762481
6181,c,11.236686898847335,16.15482468932967
6182,c,54.59946043762481,54.59946043762481
6183,c,54.59946043762481,54.59946043762481
6184,c,54.59946043762481,54.59946043762481
6185,c,54.59946043762481,54.59946043762481
6186,c,54.59946043762481,54.59946043762481
6187,c,54.59946043762481,54.59946043762481
6188,c,54.59946043762481,54.59946043762481
6189,c,54.59946043762481,54.59946043762481
6190,c,54.59946043762481,54.59946043762481
6191,c,54.59946043762481,54.59946043762481
6192,c,54.59946043762481,54.59946043762481
6193,c,54.59946043762481,54.59946043762481
6194,c,54.59946043762481,54.59946043762481
6195,t,54.59946043762481,54.59946043762481
6196,c,54.59946043762481,54.59946043762481
6197,c,54.59946043762481,54.59946043762481
6198,c,54.59946043762481,54.59946043762481
6199,c,54.59946043762481,54.59946043762481
6200,c,54.59946043762481,54.59946043762481
6201,c,54.59946043762481,54.59946043762481
6202,c,54.59946043762481,54.59946043762481
6203,c,54.59946043762481,54.59946043762481
6204,c,54.59946043762481,54.59946043762481
6205,c,54.59946043762481,54.59946043762481
6206,c,54.59946043762481,54.59946043762481
6207,t,54.59946043762481,54.59946043762481
6208,c,54.59946043762481,54.59946043762481
6209,t,54.59946043762481,54.59946043762481
6210,c,54.59946043762481,54.59946043762481
6211,c,54.59946043762481,54.59946043762481
6212,c,54.59946043762481,54.59946043762481
6213,c,54.59946043762481,54.59946043762481
6214,c,54.59946043762481,54.59946043762481
6215,c,54.59946043762481,54.59946043762481
6216,c,54.59946043762481,54.59946043762481
6217,c,54.59946043762481,54.59946043762481
6218,c,54.59946043762481,54.59946043762481
6219,c,54.59946043762481,54.59946043762481
6220,c,54.59946043762481,54.59946043762481
6221,c,54.59946043762481,54.59946043762481
6222,t,54.59946043762481,54.59946043762481
6223,c,54.59946043762481,54.59946043762481
6224,c,54.59946043762481,54.59946043762481
6225,c,54.59946043762481,54.59946043762481
6226,c,54.59946043762481,54.59946043762481
6227,na,0,1.3073934589233105
6228,c,54.59946043762481,54.59946043762481
6229,c,54.59946043762481,54.59946043762481
6230,t,54.59946043762481,54.59946043762481
6231,c,54.59946043762481,54.59946043762481
6232,c,54.59946043762481,54.59946043762481
6233,c,54.59946043762481,54.59946043762481
6234,c,54.59946043762481,54.59946043762481
6235,c,54.59946043762481,54.59946043762481
6236,c,54.59946043762481,54.59946043762481
6237,c,54.59946043762481,54.59946043762481
6238,c,54.59946043762481,54.59946043762481
6239,c,54.59946043762481,54.59946043762481
6240,t,54.59946043762481,54.59946043762481
6241,t,54.59946043762481,54.59946043762481
6242,c,54.59946043762481,54.59946043762481
6243,t,54.59946043762481,54.59946043762481
6244,c,54.59946043762481,54.59946043762481
6245,c,54.59946043762481,54.59946043762481
6246,c,54.59946043762481,54.59946043762481
6247,t,54.59946043762481,54.59946043762481
6248,c,54.59946043762481,54.59946043762481
6249,c,54.59946043762481,54.59946043762481
6250,c,54.59946043762481,54.59946043762481
6251,c,54.59946043762481,54.59946043762481
6252,c,54.59946043762481,54.59946043762481
6253,c,54.59946043762481,54.59946043762481
6254,c,54.59946043762481,54.59946043762481
6255,c,54.59946043762481,54.59946043762481
6256,c,54.59946043762481,54.59946043762481
6257,c,54.59946043762481,54.59946043762481
6258,c,54.59946043762481,54.59946043762481
6259,c,54.59946043762481,54.59946043762481
6260,c,54.59946043762481,54.59946043762481
6261,c,54.59946043762481,54.59946043762481
6262,c,54.59946043762481,54.59946043762481
6263,c,54.59946043762481,54.59946043762481
6264,c,54.59946043762481,54.59946043762481
6265,c,11.559264073725215,12.7084954986785
6266,c,54.59946043762481,54.59946043762481
6267,c,54.59946043762481,54.59946043762481
6268,c,54.59946043762481,54.59946043762481
6269,c,54.59946043762481,54.59946043762481
6270,c,54.59946043762481,54.59946043762481
6271,c,54.59946043762481,54.59946043762481
6272,na,-1,0
6273,c,13.775267708914033,22.54019758807045
6274,c,54.59946043762481,54.59946043762481
6275,c,54.59946043762481,54.59946043762481
6276,c,54.59946043762481,54.59946043762481
6277,t,54.59946043762481,54.59946043762481
6278,c,54.59946043762481,54.59946043762481
6279,c,54.59946043762481,54.59946043762481
6280,c,54.59946043762481,54.59946043762481
6281,c,54.59946043762481,54.59946043762481
6282,c,11.015429497911953,18.15874194552865
6283,c,54.59946043762481,54.59946043762481
6284,c,54.59946043762481,54.59946043762481
6285,c,54.59946043762481,54.59946043762481
6286,c,54.59946043762481,54.59946043762481
6287,t,54.59946043762481,54.59946043762481
6288,c,54.59946043762481,54.59946043762481
6289,na,0,0.12423200716781628
6290,t,54.59946043762481,54.59946043762481
6291,c,54.59946043762481,54.59946043762481
6292,c,54.59946043762481,54.59946043762481
6293,t,54.59946043762481,54.59946043762481
6294,c,54.59946043762481,54.59946043762481
6295,c,54.59946043762481,54.59946043762481
6296,c,54.59946043762481,54.59946043762481
6297,c,54.59946043762481,54.59946043762481
6298,c,54.59946043762481,54.59946043762481
6299,c,10.176309120475443,12.888498075261797
6300,c,54.59946043762481,54.59946043762481
6301,t,54.59946043762481,54.59946043762481
6302,c,54.59946043762481,54.59946043762481
6303,c,54.59946043762481,54.59946043762481
6304,t,54.59946043762481,54.59946043762481
6305,t,54.59946043762481,54.59946043762481
6306,c,54.59946043762481,54.59946043762481
6307,t,54.59946043762481,54.59946043762481
6308,c,54.59946043762481,54.59946043762481
6309,t,54.59946043762481,54.59946043762481
6310,t,54.59946043762481,54.59946043762481
6311,c,54.59946043762481,54.59946043762481
6312,c,54.59946043762481,54.59946043762481
6313,c,54.59946043762481,54.59946043762481
6314,c,54.59946043762481,54.59946043762481
6315,c,54.59946043762481,54.59946043762481
6316,c,54.59946043762481,54.59946043762481
6317,c,54.59946043762481,54.59946043762481
6318,c,54.59946043762481,54.59946043762481
6319,t,54.59946043762481,54.59946043762481
6320,c,54.59946043762481,54.59946043762481
6321,c,54.59946043762481,54.59946043762481
6322,c,54.59946043762481,54.59946043762481
6323,c,54.59946043762481,54.59946043762481
6324,t,54.59946043762481,54.59946043762481
6325,c,6.230867805665573,6.646386495394755
6326,t,54.59946043762481,54.59946043762481
6327,t,54.59946043762481,54.59946043762481
6328,c,54.59946043762481,54.59946043762481
6329,c,54.59946043762481,54.59946043762481
6330,t,54.59946043762481,54.59946043762481
6331,c,54.59946043762481,54.59946043762481
6332,c,54.59946043762481,54.59946043762481
6333,c,54.59946043762481,54.59946043762481
6334,c,12.549634354144395,15.523396119531489
6335,c,54.59946043762481,54.59946043762481
6336,t,54.59946043762481,54.59946043762481
6337,c,54.59946043762481,54.59946043762481
6338,c,54.59946043762481,54.59946043762481
6339,c,54.59946043762481,54.59946043762481
6340,c,54.59946043762481,54.59946043762481
6341,c,54.59946043762481,54.59946043762481
6342,t,54.59946043762481,54.59946043762481
6343,c,54.59946043762481,54.59946043762481
6344,c,54.59946043762481,54.59946043762481
6345,t,54.59946043762481,54.59946043762481
6346,c,54.59946043762481,54.59946043762481
6347,t,54.59946043762481,54.59946043762481
6348,c,54.59946043762481,54.59946043762481
6349,c,54.59946043762481,54.59946043762481
6350,c,54.59946043762481,54.59946043762481
6351,c,54.59946043762481,54.59946043762481
6352,c,54.59946043762481,54.59946043762481
6353,c,54.59946043762481,54.59946043762481
6354,c,54.59946043762481,54.59946043762481
6355,c,54.59946043762481,54.59946043762481
6356,t,54.59946043762481,54.59946043762481
6357,c,54.59946043762481,54.59946043762481
6358,c,54.59946043762481,54.59946043762481
6359,t,54.59946043762481,54.59946043762481
6360,c,54.59946043762481,54.59946043762481
6361,c,54.59946043762481,54.59946043762481
6362,c,54.59946043762481,54.59946043762481
6363,c,54.59946043762481,54.59946043762481
6364,c,54.59946043762481,54.59946043762481
6365,c,54.59946043762481,54.59946043762481
6366,c,54.59946043762481,54.59946043762481
6367,c,54.59946043762481,54.59946043762481
6368,c,54.59946043762481,54.59946043762481
6369,c,54.59946043762481,54.59946043762481
6370,t,54.59946043762481,54.59946043762481
6371,c,54.59946043762481,54.59946043762481
6372,c,54.59946043762481,54.59946043762481
6373,c,54.59946043762481,54.59946043762481
6374,c,54.59946043762481,54.59946043762481
6375,c,54.59946043762481,54.59946043762481
6376,c,54.59946043762481,54.59946043762481
6377,c,54.59946043762481,54.59946043762481
6378,c,6.335472908172156,10.876163069349547
6379,c,54.59946043762481,54.59946043762481
6380,c,54.59946043762481,54.59946043762481
6381,c,54.59946043762481,54.59946043762481
6382,c,54.59946043762481,54.59946043762481
6383,c,54.59946043762481,54.59946043762481
6384,c,54.59946043762481,54.59946043762481
6385,c,54.59946043762481,54.59946043762481
6386,c,54.59946043762481,54.59946043762481
6387,c,54.59946043762481,54.59946043762481
6388,c,20.486864911275173,20.504180631249163
6389,c,54.59946043762481,54.59946043762481
6390,t,54.59946043762481,54.59946043762481
6391,c,54.59946043762481,54.59946043762481
6392,c,54.59946043762481,54.59946043762481
6393,c,54.59946043762481,54.59946043762481
6394,c,54.59946043762481,54.59946043762481
6395,c,54.59946043762481,54.59946043762481
6396,c,54.59946043762481,54.59946043762481
6397,c,54.59946043762481,54.59946043762481
6398,c,54.59946043762481,54.59946043762481
6399,t,54.59946043762481,54.59946043762481
6400,c,54.59946043762481,54.59946043762481
6401,c,54.59946043762481,54.59946043762481
6402,c,54.59946043762481,54.59946043762481
6403,c,54.59946043762481,54.59946043762481
6404,c,5.388841505672714,7.426980346114598
6405,c,54.59946043762481,54.59946043762481
6406,c,54.59946043762481,54.59946043762481
6407,c,54.59946043762481,54.59946043762481
6408,c,54.59946043762481,54.59946043762481
6409,c,54.59946043762481,54.59946043762481
6410,c,54.59946043762481,54.59946043762481
6411,t,54.59946043762481,54.59946043762481
6412,c,54.59946043762481,54.59946043762481
6413,c,54.59946043762481,54.59946043762481
6414,c,54.59946043762481,54.59946043762481
6415,c,54.59946043762481,54.59946043762481
6416,c,54.59946043762481,54.59946043762481
6417,c,54.59946043762481,54.59946043762481
6418,t,54.59946043762481,54.59946043762481
6419,t,54.59946043762481,54.59946043762481
6420,c,54.59946043762481,54.59946043762481
6421,c,54.59946043762481,54.59946043762481
6422,c,54.59946043762481,54.59946043762481
6423,c,54.59946043762481,54.59946043762481
6424,c,54.59946043762481,54.59946043762481
6425,c,54.59946043762481,54.59946043762481
6426,c,54.59946043762481,54.59946043762481
6427,c,54.59946043762481,54.59946043762481
6428,c,54.59946043762481,54.59946043762481
6429,c,8.278697512631586,13.463527797428494
6430,t,54.59946043762481,54.59946043762481
6431,c,54.59946043762481,54.59946043762481
6432,c,54.59946043762481,54.59946043762481
6433,c,54.59946043762481,54.59946043762481
6434,c,54.59946043762481,54.59946043762481
6435,c,54.59946043762481,54.59946043762481
6436,t,54.59946043762481,54.59946043762481
6437,c,54.59946043762481,54.59946043762481
6438,t,54.59946043762481,54.59946043762481
6439,c,54.59946043762481,54.59946043762481
6440,c,54.59946043762481,54.59946043762481
6441,c,54.59946043762481,54.59946043762481
6442,t,54.59946043762481,54.59946043762481
6443,c,54.59946043762481,54.59946043762481
6444,c,54.59946043762481,54.59946043762481
6445,c,54.59946043762481,54.59946043762481
6446,c,54.59946043762481,54.59946043762481
6447,c,54.59946043762481,54.59946043762481
6448,c,54.59946043762481,54.59946043762481
6449,c,54.59946043762481,54.59946043762481
6450,c,54.59946043762481,54.59946043762481
6451,c,54.59946043762481,54.59946043762481
6452,c,54.59946043762481,54.59946043762481
6453,c,54.59946043762481,54.59946043762481
6454,c,54.59946043762481,54.59946043762481
6455,c,54.59946043762481,54.59946043762481
6456,c,54.59946043762481,54.59946043762481
6457,c,54.59946043762481,54.59946043762481
6458,c,54.59946043762481,54.59946043762481
6459,c,54.59946043762481,54.59946043762481
6460,c,54.59946043762481,54.59946043762481
6461,c,54.59946043762481,54.59946043762481
6462,c,54.59946043762481,54.59946043762481
6463,c,54.59946043762481,54.59946043762481
6464,c,54.59946043762481,54.59946043762481
6465,c,54.59946043762481,54.59946043762481
6466,c,54.59946043762481,54.59946043762481
6467,t,54.59946043762481,54.59946043762481
6468,c,54.59946043762481,54.59946043762481
6469,c,54.59946043762481,54.59946043762481
6470,c,54.59946043762481,54.59946043762481
6471,c,54.59946043762481,54.59946043762481
6472,c,54.59946043762481,54.59946043762481
6473,c,54.59946043762481,54.59946043762481
6474,c,54.59946043762481,54.59946043762481
6475,c,54.59946043762481,54.59946043762481
6476,t,54.59946043762481,54.59946043762481
6477,t,54.59946043762481,54.59946043762481
6478,c,54.59946043762481,54.59946043762481
6479,c,54.59946043762481,54.59946043762481
6480,c,54.59946043762481,54.59946043762481
6481,c,54.59946043762481,54.59946043762481
6482,c,54.59946043762481,54.59946043762481
6483,c,54.59946043762481,54.59946043762481
6484,c,54.59946043762481,54.59946043762481
6485,c,54.59946043762481,54.59946043762481
6486,c,54.59946043762481,54.59946043762481
6487,c,54.59946043762481,54.59946043762481
6488,c,54.59946043762481,54.59946043762481
6489,t,54.59946043762481,54.59946043762481
6490,c,54.59946043762481,54.59946043762481
6491,c,54.59946043762481,54.59946043762481
6492,c,54.59946043762481,54.59946043762481
6493,c,54.59946043762481,54.59946043762481
6494,c,54.59946043762481,54.59946043762481
6495,c,54.59946043762481,54.59946043762481
6496,c,54.59946043762481,54.59946043762481
6497,c,54.59946043762481,54.59946043762481
6498,t,54.59946043762481,54.59946043762481
6499,c,54.59946043762481,54.59946043762481
6500,c,54.59946043762481,54.59946043762481
6501,c,54.59946043762481,54.59946043762481
6502,c,54.59946043762481,54.59946043762481
6503,c,54.59946043762481,54.59946043762481
6504,c,54.59946043762481,54.59946043762481
6505,c,54.59946043762481,54.59946043762481
6506,c,54.59946043762481,54.59946043762481
6507,c,54.59946043762481,54.59946043762481
6508,t,54.59946043762481,54.59946043762481
6509,c,54.59946043762481,54.59946043762481
6510,c,54.59946043762481,54.59946043762481
6511,c,54.59946043762481,54.59946043762481
6512,t,54.59946043762481,54.59946043762481
6513,c,54.59946043762481,54.59946043762481
6514,c,54.59946043762481,54.59946043762481
6515,c,54.59946043762481,54.59946043762481
6516,c,54.59946043762481,54.59946043762481
6517,c,54.59946043762481,54.59946043762481
6518,c,54.59946043762481,54.59946043762481
6519,c,54.59946043762481,54.59946043762481
6520,c,54.59946043762481,54.59946043762481
6521,c,54.59946043762481,54.59946043762481
6522,t,54.59946043762481,54.59946043762481
6523,c,54.59946043762481,54.59946043762481
6524,c,54.59946043762481,54.59946043762481
6525,na,-1,0
6526,c,54.59946043762481,54.59946043762481
6527,c,54.59946043762481,54.59946043762481
6528,c,54.59946043762481,54.59946043762481
6529,c,54.59946043762481,54.59946043762481
6530,c,54.59946043762481,54.59946043762481
6531,c,54.59946043762481,54.59946043762481
6532,na,10.056535666067928,10.61601456312614
6533,c,54.59946043762481,54.59946043762481
6534,c,54.59946043762481,54.59946043762481
6535,t,54.59946043762481,54.59946043762481
6536,c,54.59946043762481,54.59946043762481
6537,c,54.59946043762481,54.59946043762481
6538,c,54.59946043762481,54.59946043762481
6539,t,54.59946043762481,54.59946043762481
6540,c,54.59946043762481,54.59946043762481
6541,c,54.59946043762481,54.59946043762481
6542,c,54.59946043762481,54.59946043762481
6543,c,54.59946043762481,54.59946043762481
6544,c,54.59946043762481,54.59946043762481
6545,c,54.59946043762481,54.59946043762481
6546,t,54.59946043762481,54.59946043762481
6547,c,54.59946043762481,54.59946043762481
6548,c,54.59946043762481,54.59946043762481
6549,c,54.59946043762481,54.59946043762481
6550,c,54.59946043762481,54.59946043762481
6551,c,54.59946043762481,54.59946043762481
6552,c,54.59946043762481,54.59946043762481
6553,c,54.59946043762481,54.59946043762481
6554,c,54.59946043762481,54.59946043762481
6555,c,54.59946043762481,54.59946043762481
6556,c,54.59946043762481,54.59946043762481
6557,c,54.59946043762481,54.59946043762481
6558,c,54.59946043762481,54.59946043762481
6559,c,3.570195254585596,6.785480141963367
6560,c,54.59946043762481,54.59946043762481
6561,t,54.59946043762481,54.59946043762481
6562,t,54.59946043762481,54.59946043762481
6563,c,54.59946043762481,54.59946043762481
6564,c,54.59946043762481,54.59946043762481
6565,c,54.59946043762481,54.59946043762481
6566,na,5.823056858267544,9.043699306186008
6567,t,54.59946043762481,54.59946043762481
6568,c,54.59946043762481,54.59946043762481
6569,c,54.59946043762481,54.59946043762481
6570,c,54.59946043762481,54.59946043762481
6571,c,54.59946043762481,54.59946043762481
6572,t,54.59946043762481,54.59946043762481
6573,c,54.59946043762481,54.59946043762481
6574,c,54.59946043762481,54.59946043762481
6575,c,54.59946043762481,54.59946043762481
6576,t,54.59946043762481,54.59946043762481
6577,c,54.59946043762481,54.59946043762481
6578,t,54.59946043762481,54.59946043762481
6579,c,54.59946043762481,54.59946043762481
6580,c,54.59946043762481,54.59946043762481
6581,c,54.59946043762481,54.59946043762481
6582,c,54.59946043762481,54.59946043762481
6583,c,54.59946043762481,54.59946043762481
6584,c,54.59946043762481,54.59946043762481
6585,c,54.59946043762481,54.59946043762481
6586,c,54.59946043762481,54.59946043762481
6587,c,54.59946043762481,54.59946043762481
6588,t,54.59946043762481,54.59946043762481
6589,t,54.59946043762481,54.59946043762481
6590,c,54.59946043762481,54.59946043762481
6591,c,54.59946043762481,54.59946043762481
6592,c,54.59946043762481,54.59946043762481
6593,t,54.59946043762481,54.59946043762481
6594,c,54.59946043762481,54.59946043762481
6595,c,54.59946043762481,54.59946043762481
6596,c,54.59946043762481,54.59946043762481
6597,c,54.59946043762481,54.59946043762481
6598,t,54.59946043762481,54.59946043762481
6599,c,54.59946043762481,54.59946043762481
6600,c,54.59946043762481,54.59946043762481
6601,c,54.59946043762481,54.59946043762481
6602,t,54.59946043762481,54.59946043762481
6603,c,54.59946043762481,54.59946043762481
6604,c,54.59946043762481,54.59946043762481
6605,c,54.59946043762481,54.59946043762481
6606,c,54.59946043762481,54.59946043762481
6607,c,54.59946043762481,54.59946043762481
6608,c,54.59946043762481,54.59946043762481
6609,c,54.59946043762481,54.59946043762481
6610,c,54.59946043762481,54.59946043762481
6611,c,54.59946043762481,54.59946043762481
6612,c,54.59946043762481,54.59946043762481
6613,c,54.59946043762481,54.59946043762481
6614,c,54.59946043762481,54.59946043762481
6615,c,54.59946043762481,54.59946043762481
6616,c,54.59946043762481,54.59946043762481
6617,c,54.59946043762481,54.59946043762481
6618,c,54.59946043762481,54.59946043762481
6619,t,54.59946043762481,54.59946043762481
6620,c,54.59946043762481,54.59946043762481
6621,c,54.59946043762481,54.59946043762481
6622,c,54.59946043762481,54.59946043762481
6623,c,54.59946043762481,54.59946043762481
6624,c,54.59946043762481,54.59946043762481
6625,c,54.59946043762481,54.59946043762481
6626,c,54.59946043762481,54.59946043762481
6627,c,54.59946043762481,54.59946043762481
6628,c,54.59946043762481,54.59946043762481
6629,c,54.59946043762481,54.59946043762481
6630,c,54.59946043762481,54.59946043762481
6631,t,54.59946043762481,54.59946043762481
6632,c,54.59946043762481,54.59946043762481
6633,c,54.59946043762481,54.59946043762481
6634,c,54.59946043762481,54.59946043762481
6635,c,54.59946043762481,54.59946043762481
6636,c,54.59946043762481,54.59946043762481
6637,t,54.59946043762481,54.59946043762481
6638,t,54.59946043762481,54.59946043762481
6639,c,54.59946043762481,54.59946043762481
6640,t,54.59946043762481,54.59946043762481
6641,c,54.59946043762481,54.59946043762481
6642,c,54.59946043762481,54.59946043762481
6643,t,54.59946043762481,54.59946043762481
6644,c,54.59946043762481,54.59946043762481
6645,c,54.59946043762481,54.59946043762481
6646,c,54.59946043762481,54.59946043762481
6647,t,54.59946043762481,54.59946043762481
6648,na,0.4779030021392209,54.59946043762481
6649,c,54.59946043762481,54.59946043762481
6650,c,54.59946043762481,54.59946043762481
6651,c,54.59946043762481,54.59946043762481
6652,c,54.59946043762481,54.59946043762481
6653,c,54.59946043762481,54.59946043762481
6654,t,54.59946043762481,54.59946043762481
6655,c,54.59946043762481,54.59946043762481
6656,c,54.59946043762481,54.59946043762481
6657,c,54.59946043762481,54.59946043762481
6658,na,10.385982630920754,24.392675471480864
6659,c,54.59946043762481,54.59946043762481
6660,c,54.59946043762481,54.59946043762481
6661,c,54.59946043762481,54.59946043762481
6662,c,54.59946043762481,54.59946043762481
6663,c,54.59946043762481,54.59946043762481
6664,na,8.969672094632301,20.43925834686922
6665,c,54.59946043762481,54.59946043762481
6666,t,54.59946043762481,54.59946043762481
6667,c,54.59946043762481,54.59946043762481
6668,c,54.59946043762481,54.59946043762481
6669,c,54.59946043762481,54.59946043762481
6670,c,54.59946043762481,54.59946043762481
6671,c,54.59946043762481,54.59946043762481
6672,c,54.59946043762481,54.59946043762481
6673,c,54.59946043762481,54.59946043762481
6674,c,54.59946043762481,54.59946043762481
6675,t,54.59946043762481,54.59946043762481
6676,c,21.814951687414105,27.405685762730705
6677,c,54.59946043762481,54.59946043762481
6678,t,54.59946043762481,54.59946043762481
6679,c,54.59946043762481,54.59946043762481
6680,c,54.59946043762481,54.59946043762481
6681,c,54.59946043762481,54.59946043762481
6682,t,54.59946043762481,54.59946043762481
6683,c,54.59946043762481,54.59946043762481
6684,t,54.59946043762481,54.59946043762481
6685,c,54.59946043762481,54.59946043762481
6686,c,54.59946043762481,54.59946043762481
6687,c,54.59946043762481,54.59946043762481
6688,c,54.59946043762481,54.59946043762481
6689,c,54.59946043762481,54.59946043762481
6690,c,54.59946043762481,54.59946043762481
6691,c,54.59946043762481,54.59946043762481
6692,c,54.59946043762481,54.59946043762481
6693,c,54.59946043762481,54.59946043762481
6694,c,54.59946043762481,54.59946043762481
6695,t,54.59946043762481,54.59946043762481
6696,t,54.59946043762481,54.59946043762481
6697,c,54.59946043762481,54.59946043762481
6698,t,54.59946043762481,54.59946043762481
6699,c,54.59946043762481,54.59946043762481
6700,c,54.59946043762481,54.59946043762481
6701,c,54.59946043762481,54.59946043762481
6702,t,54.59946043762481,54.59946043762481
6703,c,54.59946043762481,54.59946043762481
6704,c,54.59946043762481,54.59946043762481
6705,c,54.59946043762481,54.59946043762481
6706,c,54.59946043762481,54.59946043762481
6707,c,54.59946043762481,54.59946043762481
6708,c,54.59946043762481,54.59946043762481
6709,c,54.59946043762481,54.59946043762481
6710,c,54.59946043762481,54.59946043762481
6711,c,54.59946043762481,54.59946043762481
6712,t,54.59946043762481,54.59946043762481
6713,t,54.59946043762481,54.59946043762481
6714,c,54.59946043762481,54.59946043762481
6715,c,54.59946043762481,54.59946043762481
6716,na,-1,0
6717,t,54.59946043762481,54.59946043762481
6718,c,54.59946043762481,54.59946043762481
6719,c,54.59946043762481,54.59946043762481
6720,c,54.59946043762481,54.59946043762481
6721,c,54.59946043762481,54.59946043762481
6722,na,6.381393876120627,10.02324229233417
6723,c,54.59946043762481,54.59946043762481
6724,t,54.59946043762481,54.59946043762481
6725,c,54.59946043762481,54.59946043762481
6726,c,54.59946043762481,54.59946043762481
6727,t,54.59946043762481,54.59946043762481
6728,c,54.59946043762481,54.59946043762481
6729,c,54.59946043762481,54.59946043762481
6730,c,54.59946043762481,54.59946043762481
6731,c,54.59946043762481,54.59946043762481
6732,c,54.59946043762481,54.59946043762481
6733,c,54.59946043762481,54.59946043762481
6734,c,54.59946043762481,54.59946043762481
6735,c,54.59946043762481,54.59946043762481
6736,t,54.59946043762481,54.59946043762481
6737,t,54.59946043762481,54.59946043762481
6738,c,54.59946043762481,54.59946043762481
6739,c,54.59946043762481,54.59946043762481
6740,c,12.485239678296786,16.86813240595464
6741,c,54.59946043762481,54.59946043762481
6742,c,54.59946043762481,54.59946043762481
6743,c,54.59946043762481,54.59946043762481
6744,c,54.59946043762481,54.59946043762481
6745,c,54.59946043762481,54.59946043762481
6746,c,54.59946043762481,54.59946043762481
6747,c,7.811443161825247,8.989150407049973
6748,c,54.59946043762481,54.59946043762481
6749,c,54.59946043762481,54.59946043762481
6750,c,14.96927421653389,16.772225987768337
6751,c,54.59946043762481,54.59946043762481
6752,c,54.59946043762481,54.59946043762481
6753,c,54.59946043762481,54.59946043762481
6754,c,54.59946043762481,54.59946043762481
6755,c,54.59946043762481,54.59946043762481
6756,t,54.59946043762481,54.59946043762481
6757,c,54.59946043762481,54.59946043762481
6758,c,54.59946043762481,54.59946043762481
6759,t,54.59946043762481,54.59946043762481
6760,c,54.59946043762481,54.59946043762481
6761,t,54.59946043762481,54.59946043762481
6762,t,54.59946043762481,54.59946043762481
6763,c,54.59946043762481,54.59946043762481
6764,c,54.59946043762481,54.59946043762481
6765,t,54.59946043762481,54.59946043762481
6766,c,54.59946043762481,54.59946043762481
6767,c,54.59946043762481,54.59946043762481
6768,c,54.59946043762481,54.59946043762481
6769,c,54.59946043762481,54.59946043762481
6770,t,54.59946043762481,54.59946043762481
6771,c,54.59946043762481,54.59946043762481
6772,t,54.59946043762481,54.59946043762481
6773,c,54.59946043762481,54.59946043762481
6774,c,54.59946043762481,54.59946043762481
6775,c,54.59946043762481,54.59946043762481
6776,c,54.59946043762481,54.59946043762481
6777,c,54.59946043762481,54.59946043762481
6778,t,54.59946043762481,54.59946043762481
6779,c,54.59946043762481,54.59946043762481
6780,c,54.59946043762481,54.59946043762481
6781,c,54.59946043762481,54.59946043762481
6782,na,4.734686646008773,7.352046691296328
6783,c,54.59946043762481,54.59946043762481
6784,c,54.59946043762481,54.59946043762481
6785,c,54.59946043762481,54.59946043762481
6786,c,54.59946043762481,54.59946043762481
6787,c,54.59946043762481,54.59946043762481
6788,t,54.59946043762481,54.59946043762481
6789,c,54.59946043762481,54.59946043762481
6790,c,54.59946043762481,54.59946043762481
6791,na,-1,0
6792,c,54.59946043762481,54.59946043762481
6793,c,54.59946043762481,54.59946043762481
6794,c,54.59946043762481,54.59946043762481
6795,c,54.59946043762481,54.59946043762481
6796,c,54.59946043762481,54.59946043762481
6797,c,54.59946043762481,54.59946043762481
6798,t,54.59946043762481,54.59946043762481
6799,c,54.59946043762481,54.59946043762481
6800,c,54.59946043762481,54.59946043762481
6801,c,54.59946043762481,54.59946043762481
6802,c,54.59946043762481,54.59946043762481
6803,c,54.59946043762481,54.59946043762481
6804,c,54.59946043762481,54.59946043762481
6805,c,54.59946043762481,54.59946043762481
6806,t,54.59946043762481,54.59946043762481
6807,c,54.59946043762481,54.59946043762481
6808,c,54.59946043762481,54.59946043762481
6809,c,54.59946043762481,54.59946043762481
6810,c,54.59946043762481,54.59946043762481
6811,c,54.59946043762481,54.59946043762481
6812,c,54.59946043762481,54.59946043762481
6813,c,54.59946043762481,54.59946043762481
6814,c,54.59946043762481,54.59946043762481
6815,c,54.59946043762481,54.59946043762481
6816,c,54.59946043762481,54.59946043762481
6817,c,54.59946043762481,54.59946043762481
6818,c,54.59946043762481,54.59946043762481
6819,c,54.59946043762481,54.59946043762481
6820,t,54.59946043762481,54.59946043762481
6821,t,54.59946043762481,54.59946043762481
6822,c,54.59946043762481,54.59946043762481
6823,c,54.59946043762481,54.59946043762481
6824,c,54.59946043762481,54.59946043762481
6825,c,54.59946043762481,54.59946043762481
6826,c,54.59946043762481,54.59946043762481
6827,c,54.59946043762481,54.59946043762481
6828,c,54.59946043762481,54.59946043762481
6829,c,54.59946043762481,54.59946043762481
6830,c,54.59946043762481,54.59946043762481
6831,c,54.59946043762481,54.59946043762481
6832,c,3.561427984469567,7.368889826378639
6833,c,54.59946043762481,54.59946043762481
6834,t,54.59946043762481,54.59946043762481
6835,c,54.59946043762481,54.59946043762481
6836,t,54.59946043762481,54.59946043762481
6837,c,54.59946043762481,54.59946043762481
6838,c,54.59946043762481,54.59946043762481
6839,c,54.59946043762481,54.59946043762481
6840,c,54.59946043762481,54.59946043762481
6841,c,54.59946043762481,54.59946043762481
6842,c,54.59946043762481,54.59946043762481
6843,na,4.25689425329607,9.42477843596976
6844,c,54.59946043762481,54.59946043762481
6845,c,54.59946043762481,54.59946043762481
6846,c,54.59946043762481,54.59946043762481
6847,c,54.59946043762481,54.59946043762481
6848,t,54.59946043762481,54.59946043762481
6849,c,54.59946043762481,54.59946043762481
6850,c,54.59946043762481,54.59946043762481
6851,t,54.59946043762481,54.59946043762481
6852,c,54.59946043762481,54.59946043762481
6853,c,54.59946043762481,54.59946043762481
6854,c,54.59946043762481,54.59946043762481
6855,c,54.59946043762481,54.59946043762481
6856,t,54.59946043762481,54.59946043762481
6857,c,54.59946043762481,54.59946043762481
6858,c,54.59946043762481,54.59946043762481
6859,c,54.59946043762481,54.59946043762481
6860,t,54.59946043762481,54.59946043762481
6861,c,54.59946043762481,54.59946043762481
6862,c,54.59946043762481,54.59946043762481
6863,c,54.59946043762481,54.59946043762481
6864,t,54.59946043762481,54.59946043762481
6865,c,54.59946043762481,54.59946043762481
6866,c,54.59946043762481,54.59946043762481
6867,c,54.59946043762481,54.59946043762481
6868,t,54.59946043762481,54.59946043762481
6869,c,54.59946043762481,54.59946043762481
6870,c,54.59946043762481,54.59946043762481
6871,c,54.59946043762481,54.59946043762481
6872,c,13.648429741319815,17.943256525583507
6873,c,54.59946043762481,54.59946043762481
6874,c,54.59946043762481,54.59946043762481
6875,c,54.59946043762481,54.59946043762481
6876,c,54.59946043762481,54.59946043762481
6877,c,54.59946043762481,54.59946043762481
6878,c,54.59946043762481,54.59946043762481
6879,c,54.59946043762481,54.59946043762481
6880,t,54.59946043762481,54.59946043762481
6881,c,54.59946043762481,54.59946043762481
6882,c,54.59946043762481,54.59946043762481
6883,c,54.59946043762481,54.59946043762481
6884,t,54.59946043762481,54.59946043762481
6885,c,54.59946043762481,54.59946043762481
6886,t,54.59946043762481,54.59946043762481
6887,c,54.59946043762481,54.59946043762481
6888,c,54.59946043762481,54.59946043762481
6889,t,54.59946043762481,54.59946043762481
6890,c,54.59946043762481,54.59946043762481
6891,c,54.59946043762481,54.59946043762481
6892,c,54.59946043762481,54.59946043762481
6893,c,54.59946043762481,54.59946043762481
6894,t,54.59946043762481,54.59946043762481
6895,c,54.59946043762481,54.59946043762481
6896,c,54.59946043762481,54.59946043762481
6897,c,54.59946043762481,54.59946043762481
6898,c,54.59946043762481,54.59946043762481
6899,c,54.59946043762481,54.59946043762481
6900,c,54.59946043762481,54.59946043762481
6901,c,54.59946043762481,54.59946043762481
6902,c,54.59946043762481,54.59946043762481
6903,c,54.59946043762481,54.59946043762481
6904,c,54.59946043762481,54.59946043762481
6905,c,54.59946043762481,54.59946043762481
6906,c,54.59946043762481,54.59946043762481
6907,c,54.59946043762481,54.59946043762481
6908,c,54.59946043762481,54.59946043762481
6909,c,54.59946043762481,54.59946043762481
6910,c,54.59946043762481,54.59946043762481
6911,c,54.59946043762481,54.59946043762481
6912,t,54.59946043762481,54.59946043762481
6913,c,54.59946043762481,54.59946043762481
6914,c,54.59946043762481,54.59946043762481
6915,c,54.59946043762481,54.59946043762481
6916,c,54.59946043762481,54.59946043762481
6917,c,54.59946043762481,54.59946043762481
6918,c,54.59946043762481,54.59946043762481
6919,c,54.59946043762481,54.59946043762481
6920,c,54.59946043762481,54.59946043762481
6921,c,54.59946043762481,54.59946043762481
6922,c,54.59946043762481,54.59946043762481
6923,c,54.59946043762481,54.59946043762481
6924,c,54.59946043762481,54.59946043762481
6925,t,54.59946043762481,54.59946043762481
6926,c,54.59946043762481,54.59946043762481
6927,c,54.59946043762481,54.59946043762481
6928,c,54.59946043762481,54.59946043762481
6929,t,54.59946043762481,54.59946043762481
6930,c,54.59946043762481,54.59946043762481
6931,c,54.59946043762481,54.59946043762481
6932,c,54.59946043762481,54.59946043762481
6933,c,54.59946043762481,54.59946043762481
6934,c,54.59946043762481,54.59946043762481
6935,c,54.59946043762481,54.59946043762481
6936,c,54.59946043762481,54.59946043762481
6937,c,54.59946043762481,54.59946043762481
6938,t,54.59946043762481,54.59946043762481
6939,c,54.59946043762481,54.59946043762481
6940,t,54.59946043762481,54.59946043762481
6941,c,54.59946043762481,54.59946043762481
6942,t,54.59946043762481,54.59946043762481
6943,c,54.59946043762481,54.59946043762481
6944,c,54.59946043762481,54.59946043762481
6945,c,54.59946043762481,54.59946043762481
6946,c,54.59946043762481,54.59946043762481
6947,c,54.59946043762481,54.59946043762481
6948,t,54.59946043762481,54.59946043762481
6949,c,54.59946043762481,54.59946043762481
6950,c,54.59946043762481,54.59946043762481
6951,c,54.59946043762481,54.59946043762481
6952,c,54.59946043762481,54.59946043762481
6953,c,54.59946043762481,54.59946043762481
6954,c,54.59946043762481,54.59946043762481
6955,c,54.59946043762481,54.59946043762481
6956,t,54.59946043762481,54.59946043762481
6957,c,54.59946043762481,54.59946043762481
6958,c,54.59946043762481,54.59946043762481
6959,c,54.59946043762481,54.59946043762481
6960,c,54.59946043762481,54.59946043762481
6961,c,54.59946043762481,54.59946043762481
6962,c,54.59946043762481,54.59946043762481
6963,c,54.59946043762481,54.59946043762481
6964,c,54.59946043762481,54.59946043762481
6965,c,54.59946043762481,54.59946043762481
6966,t,54.59946043762481,54.59946043762481
6967,c,54.59946043762481,54.59946043762481
6968,c,54.59946043762481,54.59946043762481
6969,c,54.59946043762481,54.59946043762481
6970,c,54.59946043762481,54.59946043762481
6971,t,54.59946043762481,54.59946043762481
6972,c,54.59946043762481,54.59946043762481
6973,c,54.59946043762481,54.59946043762481
6974,c,54.59946043762481,54.59946043762481
6975,c,54.59946043762481,54.59946043762481
6976,c,54.59946043762481,54.59946043762481
6977,c,54.59946043762481,54.59946043762481
6978,c,54.59946043762481,54.59946043762481
6979,t,54.59946043762481,54.59946043762481
6980,c,54.59946043762481,54.59946043762481
6981,c,54.59946043762481,54.59946043762481
6982,c,54.59946043762481,54.59946043762481
6983,c,3.1536893419778913,8.567002714839537
6984,na,0,8.314916356264945
6985,t,54.59946043762481,54.59946043762481
6986,t,54.59946043762481,54.59946043762481
6987,t,54.59946043762481,54.59946043762481
6988,t,54.59946043762481,54.59946043762481
6989,c,54.59946043762481,54.59946043762481
6990,c,54.59946043762481,54.59946043762481
6991,t,54.59946043762481,54.59946043762481
6992,c,54.59946043762481,54.59946043762481
6993,c,54.59946043762481,54.59946043762481
6994,c,54.59946043762481,54.59946043762481
6995,c,54.59946043762481,54.59946043762481
6996,c,54.59946043762481,54.59946043762481
6997,c,54.59946043762481,54.59946043762481
6998,c,54.59946043762481,54.59946043762481
6999,c,54.59946043762481,54.59946043762481
7000,c,54.59946043762481,54.59946043762481
7001,t,54.59946043762481,54.59946043762481
7002,c,54.59946043762481,54.59946043762481
7003,c,54.59946043762481,54.59946043762481
7004,c,54.59946043762481,54.59946043762481
7005,t,54.59946043762481,54.59946043762481
7006,t,54.59946043762481,54.59946043762481
7007,c,54.59946043762481,54.59946043762481
7008,c,54.59946043762481,54.59946043762481
7009,c,54.59946043762481,54.59946043762481
7010,c,54.59946043762481,54.59946043762481
7011,c,54.59946043762481,54.59946043762481
7012,c,54.59946043762481,54.59946043762481
7013,t,54.59946043762481,54.59946043762481
7014,c,54.59946043762481,54.59946043762481
7015,c,54.59946043762481,54.59946043762481
7016,c,54.59946043762481,54.59946043762481
7017,c,54.59946043762481,54.59946043762481
7018,t,54.59946043762481,54.59946043762481
7019,c,54.59946043762481,54.59946043762481
7020,c,54.59946043762481,54.59946043762481
7021,t,54.59946043762481,54.59946043762481
7022,c,54.59946043762481,54.59946043762481
7023,c,54.59946043762481,54.59946043762481
7024,c,54.59946043762481,54.59946043762481
7025,c,54.59946043762481,54.59946043762481
7026,c,54.59946043762481,54.59946043762481
7027,c,54.59946043762481,54.59946043762481
7028,c,54.59946043762481,54.59946043762481
7029,c,54.59946043762481,54.59946043762481
7030,c,54.59946043762481,54.59946043762481
7031,c,54.59946043762481,54.59946043762481
7032,c,54.59946043762481,54.59946043762481
7033,t,54.59946043762481,54.59946043762481
7034,c,54.59946043762481,54.59946043762481
7035,c,54.59946043762481,54.59946043762481
7036,c,54.59946043762481,54.59946043762481
7037,c,54.59946043762481,54.59946043762481
7038,c,54.59946043762481,54.59946043762481
7039,c,54.59946043762481,54.59946043762481
7040,c,54.59946043762481,54.59946043762481
7041,c,54.59946043762481,54.59946043762481
7042,c,54.59946043762481,54.59946043762481
7043,c,54.59946043762481,54.59946043762481
7044,c,54.59946043762481,54.59946043762481
7045,c,54.59946043762481,54.59946043762481
7046,t,54.59946043762481,54.59946043762481
7047,c,54.59946043762481,54.59946043762481
7048,c,54.59946043762481,54.59946043762481
7049,t,54.59946043762481,54.59946043762481
7050,c,54.59946043762481,54.59946043762481
7051,c,54.59946043762481,54.59946043762481
7052,c,11.60722667322978,14.337404243147615
7053,c,54.59946043762481,54.59946043762481
7054,c,54.59946043762481,54.59946043762481
7055,c,54.59946043762481,54.59946043762481
7056,c,54.59946043762481,54.59946043762481
7057,t,54.59946043762481,54.59946043762481
7058,c,54.59946043762481,54.59946043762481
7059,c,54.59946043762481,54.59946043762481
7060,c,54.59946043762481,54.59946043762481
7061,c,54.59946043762481,54.59946043762481
7062,t,54.59946043762481,54.59946043762481
7063,c,54.59946043762481,54.59946043762481
7064,t,54.59946043762481,54.59946043762481
7065,t,54.59946043762481,54.59946043762481
7066,c,54.59946043762481,54.59946043762481
7067,c,54.59946043762481,54.59946043762481
7068,c,54.59946043762481,54.59946043762481
7069,c,54.59946043762481,54.59946043762481
7070,t,54.59946043762481,54.59946043762481
7071,c,54.59946043762481,54.59946043762481
7072,c,54.59946043762481,54.59946043762481
7073,c,54.59946043762481,54.59946043762481
7074,c,54.59946043762481,54.59946043762481
7075,c,54.59946043762481,54.59946043762481
7076,c,54.59946043762481,54.59946043762481
7077,c,54.59946043762481,54.59946043762481
7078,t,54.59946043762481,54.59946043762481
7079,c,54.59946043762481,54.59946043762481
7080,c,54.59946043762481,54.59946043762481
7081,c,54.59946043762481,54.59946043762481
7082,c,54.59946043762481,54.59946043762481
7083,c,54.59946043762481,54.59946043762481
7084,c,54.59946043762481,54.59946043762481
7085,t,54.59946043762481,54.59946043762481
7086,t,54.59946043762481,54.59946043762481
7087,c,54.59946043762481,54.59946043762481
7088,c,54.59946043762481,54.59946043762481
7089,t,54.59946043762481,54.59946043762481
7090,c,54.59946043762481,54.59946043762481
7091,t,54.59946043762481,54.59946043762481
7092,t,54.59946043762481,54.59946043762481
7093,c,54.59946043762481,54.59946043762481
7094,c,54.59946043762481,54.59946043762481
7095,c,54.59946043762481,54.59946043762481
7096,c,7.825035484898334,9.020503266513247
7097,c,54.59946043762481,54.59946043762481
7098,c,12.6859520993396,54.59946043762481
7099,c,54.59946043762481,54.59946043762481
7100,c,54.59946043762481,54.59946043762481
7101,c,54.59946043762481,54.59946043762481
7102,c,54.59946043762481,54.59946043762481
7103,c,54.59946043762481,54.59946043762481
7104,c,54.59946043762481,54.59946043762481
7105,c,54.59946043762481,54.59946043762481
7106,c,54.59946043762481,54.59946043762481
7107,c,54.59946043762481,54.59946043762481
7108,c,54.59946043762481,54.59946043762481
7109,c,54.59946043762481,54.59946043762481
7110,c,54.59946043762481,54.59946043762481
7111,t,54.59946043762481,54.59946043762481
7112,c,54.59946043762481,54.59946043762481
7113,c,54.59946043762481,54.59946043762481
7114,c,54.59946043762481,54.59946043762481
7115,c,54.59946043762481,54.59946043762481
7116,c,54.59946043762481,54.59946043762481
7117,c,54.59946043762481,54.59946043762481
7118,t,54.59946043762481,54.59946043762481
7119,c,54.59946043762481,54.59946043762481
7120,c,54.59946043762481,54.59946043762481
7121,c,54.59946043762481,54.59946043762481
7122,c,54.59946043762481,54.59946043762481
7123,t,54.59946043762481,54.59946043762481
7124,t,54.59946043762481,54.59946043762481
7125,t,54.59946043762481,54.59946043762481
7126,t,54.59946043762481,54.59946043762481
7127,c,54.59946043762481,54.59946043762481
7128,c,54.59946043762481,54.59946043762481
7129,c,54.59946043762481,54.59946043762481
7130,c,54.59946043762481,54.59946043762481
7131,t,54.59946043762481,54.59946043762481
7132,c,54.59946043762481,54.59946043762481
7133,c,54.59946043762481,54.59946043762481
7134,c,54.59946043762481,54.59946043762481
7135,t,54.59946043762481,54.59946043762481
7136,c,54.59946043762481,54.59946043762481
7137,c,54.59946043762481,54.59946043762481
7138,c,54.59946043762481,54.59946043762481
7139,t,54.59946043762481,54.59946043762481
7140,c,54.59946043762481,54.59946043762481
7141,c,54.59946043762481,54.59946043762481
7142,c,54.59946043762481,54.59946043762481
7143,c,54.59946043762481,54.59946043762481
7144,c,54.59946043762481,54.59946043762481
7145,t,54.59946043762481,54.59946043762481
7146,c,54.59946043762481,54.59946043762481
7147,c,54.59946043762481,54.59946043762481
7148,c,54.59946043762481,54.59946043762481
7149,c,54.59946043762481,54.59946043762481
7150,t,54.59946043762481,54.59946043762481
7151,c,54.59946043762481,54.59946043762481
7152,c,54.59946043762481,54.59946043762481
7153,t,54.59946043762481,54.59946043762481
7154,c,54.59946043762481,54.59946043762481
7155,c,54.59946043762481,54.59946043762481
7156,c,54.59946043762481,54.59946043762481
7157,c,54.59946043762481,54.59946043762481
7158,t,54.59946043762481,54.59946043762481
7159,t,54.59946043762481,54.59946043762481
7160,c,54.59946043762481,54.59946043762481
7161,c,54.59946043762481,54.59946043762481
7162,c,54.59946043762481,54.59946043762481
7163,c,54.59946043762481,54.59946043762481
7164,c,54.59946043762481,54.59946043762481
7165,t,54.59946043762481,54.59946043762481
7166,c,54.59946043762481,54.59946043762481
7167,c,54.59946043762481,54.59946043762481
7168,c,54.59946043762481,54.59946043762481
7169,c,54.59946043762481,54.59946043762481
7170,t,54.59946043762481,54.59946043762481
7171,c,54.59946043762481,54.59946043762481
7172,c,54.59946043762481,54.59946043762481
7173,c,54.59946043762481,54.59946043762481
7174,c,54.59946043762481,54.59946043762481
7175,c,54.59946043762481,54.59946043762481
7176,t,54.59946043762481,54.59946043762481
7177,t,54.59946043762481,54.59946043762481
7178,t,54.59946043762481,54.59946043762481
7179,c,54.59946043762481,54.59946043762481
7180,c,54.59946043762481,54.59946043762481
7181,c,54.59946043762481,54.59946043762481
7182,c,54.59946043762481,54.59946043762481
7183,c,54.59946043762481,54.59946043762481
7184,c,54.59946043762481,54.59946043762481
7185,t,54.59946043762481,54.59946043762481
7186,c,54.59946043762481,54.59946043762481
7187,c,54.59946043762481,54.59946043762481
7188,c,54.59946043762481,54.59946043762481
7189,c,54.59946043762481,54.59946043762481
7190,c,8.682740118958625,9.148800681103557
7191,c,54.59946043762481,54.59946043762481
7192,t,54.59946043762481,54.59946043762481
7193,c,54.59946043762481,54.59946043762481
7194,c,54.59946043762481,54.59946043762481
7195,c,54.59946043762481,54.59946043762481
7196,t,54.59946043762481,54.59946043762481
7197,c,54.59946043762481,54.59946043762481
7198,c,54.59946043762481,54.59946043762481
7199,c,54.59946043762481,54.59946043762481
7200,c,54.59946043762481,54.59946043762481
7201,c,54.59946043762481,54.59946043762481
7202,c,54.59946043762481,54.59946043762481
7203,c,54.59946043762481,54.59946043762481
7204,c,54.59946043762481,54.59946043762481
7205,c,54.59946043762481,54.59946043762481
7206,c,54.59946043762481,54.59946043762481
7207,c,54.59946043762481,54.59946043762481
7208,c,54.59946043762481,54.59946043762481
7209,c,54.59946043762481,54.59946043762481
7210,c,54.59946043762481,54.59946043762481
7211,c,54.59946043762481,54.59946043762481
7212,c,54.59946043762481,54.59946043762481
7213,c,54.59946043762481,54.59946043762481
7214,c,54.59946043762481,54.59946043762481
7215,c,54.59946043762481,54.59946043762481
7216,c,54.59946043762481,54.59946043762481
7217,t,54.59946043762481,54.59946043762481
7218,c,54.59946043762481,54.59946043762481
7219,c,54.59946043762481,54.59946043762481
7220,c,54.59946043762481,54.59946043762481
7221,t,54.59946043762481,54.59946043762481
7222,c,54.59946043762481,54.59946043762481
7223,c,54.59946043762481,54.59946043762481
7224,t,54.59946043762481,54.59946043762481
7225,c,54.59946043762481,54.59946043762481
7226,c,54.59946043762481,54.59946043762481
7227,t,54.59946043762481,54.59946043762481
7228,c,54.59946043762481,54.59946043762481
7229,c,54.59946043762481,54.59946043762481
7230,t,54.59946043762481,54.59946043762481
7231,na,5.6130883157747,6.893021036884228
7232,c,54.59946043762481,54.59946043762481
7233,c,16.213143370869332,20.089844593428378
7234,c,54.59946043762481,54.59946043762481
7235,c,54.59946043762481,54.59946043762481
7236,c,54.59946043762481,54.59946043762481
7237,t,54.59946043762481,54.59946043762481
7238,c,54.59946043762481,54.59946043762481
7239,t,54.59946043762481,54.59946043762481
7240,c,54.59946043762481,54.59946043762481
7241,t,54.59946043762481,54.59946043762481
7242,t,54.59946043762481,54.59946043762481
7243,c,54.59946043762481,54.59946043762481
7244,c,54.59946043762481,54.59946043762481
7245,c,54.59946043762481,54.59946043762481
7246,c,54.59946043762481,54.59946043762481
7247,t,54.59946043762481,54.59946043762481
7248,c,54.59946043762481,54.59946043762481
7249,c,54.59946043762481,54.59946043762481
7250,c,54.59946043762481,54.59946043762481
7251,c,54.59946043762481,54.59946043762481
7252,c,54.59946043762481,54.59946043762481
7253,c,54.59946043762481,54.59946043762481
7254,c,54.59946043762481,54.59946043762481
7255,c,54.59946043762481,54.59946043762481
7256,t,54.59946043762481,54.59946043762481
7257,c,54.59946043762481,54.59946043762481
7258,t,54.59946043762481,54.59946043762481
7259,c,54.59946043762481,54.59946043762481
7260,c,54.59946043762481,54.59946043762481
7261,c,54.59946043762481,54.59946043762481
7262,c,54.59946043762481,54.59946043762481
7263,c,54.59946043762481,54.59946043762481
7264,c,54.59946043762481,54.59946043762481
7265,c,23.242865043198158,23.357855456546687
7266,c,54.59946043762481,54.59946043762481
7267,c,54.59946043762481,54.59946043762481
7268,c,54.59946043762481,54.59946043762481
7269,c,54.59946043762481,54.59946043762481
7270,c,54.59946043762481,54.59946043762481
7271,c,54.59946043762481,54.59946043762481
7272,c,54.59946043762481,54.59946043762481
7273,c,54.59946043762481,54.59946043762481
7274,c,54.59946043762481,54.59946043762481
7275,c,54.59946043762481,54.59946043762481
7276,c,54.59946043762481,54.59946043762481
7277,c,54.59946043762481,54.59946043762481
7278,t,54.59946043762481,54.59946043762481
7279,c,54.59946043762481,54.59946043762481
7280,t,54.59946043762481,54.59946043762481
7281,c,54.59946043762481,54.59946043762481
7282,c,54.59946043762481,54.59946043762481
7283,c,54.59946043762481,54.59946043762481
7284,c,54.59946043762481,54.59946043762481
7285,c,54.59946043762481,54.59946043762481
7286,t,54.59946043762481,54.59946043762481
7287,t,54.59946043762481,54.59946043762481
7288,c,54.59946043762481,54.59946043762481
7289,c,54.59946043762481,54.59946043762481
7290,t,54.59946043762481,54.59946043762481
7291,t,54.59946043762481,54.59946043762481
7292,c,54.59946043762481,54.59946043762481
7293,c,54.59946043762481,54.59946043762481
7294,c,54.59946043762481,54.59946043762481
7295,c,54.59946043762481,54.59946043762481
7296,c,54.59946043762481,54.59946043762481
7297,c,54.59946043762481,54.59946043762481
7298,c,54.59946043762481,54.59946043762481
7299,c,54.59946043762481,54.59946043762481
7300,c,54.59946043762481,54.59946043762481
7301,c,54.59946043762481,54.59946043762481
7302,c,54.59946043762481,54.59946043762481
7303,c,54.59946043762481,54.59946043762481
7304,c,16.29754343400377,16.39898878327678
7305,t,54.59946043762481,54.59946043762481
7306,c,54.59946043762481,54.59946043762481
7307,c,54.59946043762481,54.59946043762481
7308,c,54.59946043762481,54.59946043762481
7309,c,0.24396343474609514,9.782879868758096
7310,t,54.59946043762481,54.59946043762481
7311,c,54.59946043762481,54.59946043762481
7312,c,54.59946043762481,54.59946043762481
7313,t,54.59946043762481,54.59946043762481
7314,c,54.59946043762481,54.59946043762481
7315,c,54.59946043762481,54.59946043762481
7316,c,54.59946043762481,54.59946043762481
7317,c,54.59946043762481,54.59946043762481
7318,t,54.59946043762481,54.59946043762481
7319,c,54.59946043762481,54.59946043762481
7320,c,54.59946043762481,54.59946043762481
7321,c,54.59946043762481,54.59946043762481
7322,c,54.59946043762481,54.59946043762481
7323,t,54.59946043762481,54.59946043762481
7324,c,54.59946043762481,54.59946043762481
7325,t,54.59946043762481,54.59946043762481
7326,t,54.59946043762481,54.59946043762481
7327,c,54.59946043762481,54.59946043762481
7328,c,54.59946043762481,54.59946043762481
7329,c,54.59946043762481,54.59946043762481
7330,t,54.59946043762481,54.59946043762481
7331,c,54.59946043762481,54.59946043762481
7332,t,54.59946043762481,54.59946043762481
7333,t,54.59946043762481,54.59946043762481
7334,t,54.59946043762481,54.59946043762481
7335,t,54.59946043762481,54.59946043762481
7336,t,54.59946043762481,54.59946043762481
7337,t,54.59946043762481,54.59946043762481
7338,c,54.59946043762481,54.59946043762481
7339,c,54.59946043762481,54.59946043762481
7340,c,54.59946043762481,54.59946043762481
7341,c,54.59946043762481,54.59946043762481
7342,t,54.59946043762481,54.59946043762481
7343,c,54.59946043762481,54.59946043762481
7344,t,54.59946043762481,54.59946043762481
7345,c,54.59946043762481,54.59946043762481
7346,c,54.59946043762481,54.59946043762481
7347,c,54.59946043762481,54.59946043762481
7348,c,54.59946043762481,54.59946043762481
7349,c,54.59946043762481,54.59946043762481
7350,c,54.59946043762481,54.59946043762481
7351,c,54.59946043762481,54.59946043762481
7352,c,54.59946043762481,54.59946043762481
7353,c,54.59946043762481,54.59946043762481
7354,c,54.59946043762481,54.59946043762481
7355,c,54.59946043762481,54.59946043762481
7356,t,54.59946043762481,54.59946043762481
7357,c,54.59946043762481,54.59946043762481
7358,c,54.59946043762481,54.59946043762481
7359,c,54.59946043762481,54.59946043762481
7360,c,54.59946043762481,54.59946043762481
7361,t,54.59946043762481,54.59946043762481
7362,c,54.59946043762481,54.59946043762481
7363,c,54.59946043762481,54.59946043762481
7364,c,54.59946043762481,54.59946043762481
7365,t,54.59946043762481,54.59946043762481
7366,c,54.59946043762481,54.59946043762481
7367,c,54.59946043762481,54.59946043762481
7368,c,54.59946043762481,54.59946043762481
7369,c,54.59946043762481,54.59946043762481
7370,c,54.59946043762481,54.59946043762481
7371,c,54.59946043762481,54.59946043762481
7372,t,54.59946043762481,54.59946043762481
7373,c,54.59946043762481,54.59946043762481
7374,c,54.59946043762481,54.59946043762481
7375,c,54.59946043762481,54.59946043762481
7376,c,54.59946043762481,54.59946043762481
7377,t,54.59946043762481,54.59946043762481
7378,t,54.59946043762481,54.59946043762481
7379,c,54.59946043762481,54.59946043762481
7380,c,54.59946043762481,54.59946043762481
7381,c,54.59946043762481,54.59946043762481
7382,c,54.59946043762481,54.59946043762481
7383,t,54.59946043762481,54.59946043762481
7384,t,54.59946043762481,54.59946043762481
7385,c,54.59946043762481,54.59946043762481
7386,c,54.59946043762481,54.59946043762481
7387,c,54.59946043762481,54.59946043762481
7388,c,54.59946043762481,54.59946043762481
7389,c,54.59946043762481,54.59946043762481
7390,c,54.59946043762481,54.59946043762481
7391,c,54.59946043762481,54.59946043762481
7392,c,54.59946043762481,54.59946043762481
7393,c,54.59946043762481,54.59946043762481
7394,c,54.59946043762481,54.59946043762481
7395,c,54.59946043762481,54.59946043762481
7396,t,54.59946043762481,54.59946043762481
7397,c,54.59946043762481,54.59946043762481
7398,t,54.59946043762481,54.59946043762481
7399,c,54.59946043762481,54.59946043762481
7400,t,54.59946043762481,54.59946043762481
7401,c,54.59946043762481,54.59946043762481
7402,c,54.59946043762481,54.59946043762481
7403,c,54.59946043762481,54.59946043762481
7404,c,54.59946043762481,54.59946043762481
7405,c,54.59946043762481,54.59946043762481
7406,c,54.59946043762481,54.59946043762481
7407,c,54.59946043762481,54.59946043762481
7408,c,54.59946043762481,54.59946043762481
7409,c,54.59946043762481,54.59946043762481
7410,c,54.59946043762481,54.59946043762481
7411,c,54.59946043762481,54.59946043762481
7412,t,54.59946043762481,54.59946043762481
7413,c,54.59946043762481,54.59946043762481
7414,t,54.59946043762481,54.59946043762481
7415,c,54.59946043762481,54.59946043762481
7416,c,54.59946043762481,54.59946043762481
7417,c,54.59946043762481,54.59946043762481
7418,c,54.59946043762481,54.59946043762481
7419,t,54.59946043762481,54.59946043762481
7420,c,54.59946043762481,54.59946043762481
7421,c,54.59946043762481,54.59946043762481
7422,c,54.59946043762481,54.59946043762481
7423,t,54.59946043762481,54.59946043762481
7424,c,54.59946043762481,54.59946043762481
7425,c,54.59946043762481,54.59946043762481
7426,c,54.59946043762481,54.59946043762481
7427,c,54.59946043762481,54.59946043762481
7428,c,54.59946043762481,54.59946043762481
7429,c,54.59946043762481,54.59946043762481
7430,c,54.59946043762481,54.59946043762481
7431,c,54.59946043762481,54.59946043762481
7432,c,54.59946043762481,54.59946043762481
7433,c,54.59946043762481,54.59946043762481
7434,t,54.59946043762481,54.59946043762481
7435,c,54.59946043762481,54.59946043762481
7436,c,54.59946043762481,54.59946043762481
7437,c,54.59946043762481,54.59946043762481
7438,c,54.59946043762481,54.59946043762481
7439,c,54.59946043762481,54.59946043762481
7440,c,54.59946043762481,54.59946043762481
7441,na,0,3.545634330760775
7442,c,54.59946043762481,54.59946043762481
7443,c,54.59946043762481,54.59946043762481
7444,c,54.59946043762481,54.59946043762481
7445,t,54.59946043762481,54.59946043762481
7446,c,54.59946043762481,54.59946043762481
7447,c,54.59946043762481,54.59946043762481
7448,c,54.59946043762481,54.59946043762481
7449,c,54.59946043762481,54.59946043762481
7450,c,54.59946043762481,54.59946043762481
7451,c,54.59946043762481,54.59946043762481
7452,t,54.59946043762481,54.59946043762481
7453,c,54.59946043762481,54.59946043762481
7454,c,54.59946043762481,54.59946043762481
7455,c,54.59946043762481,54.59946043762481
7456,c,54.59946043762481,54.59946043762481
7457,c,54.59946043762481,54.59946043762481
7458,c,54.59946043762481,54.59946043762481
7459,c,54.59946043762481,54.59946043762481
7460,c,54.59946043762481,54.59946043762481
7461,t,54.59946043762481,54.59946043762481
7462,c,54.59946043762481,54.59946043762481
7463,t,54.59946043762481,54.59946043762481
7464,c,54.59946043762481,54.59946043762481
7465,t,54.59946043762481,54.59946043762481
7466,t,54.59946043762481,54.59946043762481
7467,c,8.60722565427964,16.817580074287562
7468,c,54.59946043762481,54.59946043762481
7469,t,54.59946043762481,54.59946043762481
7470,c,54.59946043762481,54.59946043762481
7471,c,54.59946043762481,54.59946043762481
7472,c,54.59946043762481,54.59946043762481
7473,c,54.59946043762481,54.59946043762481
7474,c,54.59946043762481,54.59946043762481
7475,c,54.59946043762481,54.59946043762481
7476,c,54.59946043762481,54.59946043762481
7477,c,54.59946043762481,54.59946043762481
7478,t,54.59946043762481,54.59946043762481
7479,t,54.59946043762481,54.59946043762481
7480,c,54.59946043762481,54.59946043762481
7481,c,54.59946043762481,54.59946043762481
7482,c,54.59946043762481,54.59946043762481
7483,t,54.59946043762481,54.59946043762481
7484,t,54.59946043762481,54.59946043762481
7485,c,54.59946043762481,54.59946043762481
7486,c,54.59946043762481,54.59946043762481
7487,c,54.59946043762481,54.59946043762481
7488,c,54.59946043762481,54.59946043762481
7489,c,54.59946043762481,54.59946043762481
7490,c,54.59946043762481,54.59946043762481
7491,c,54.59946043762481,54.59946043762481
7492,c,54.59946043762481,54.59946043762481
7493,c,54.59946043762481,54.59946043762481
7494,c,54.59946043762481,54.59946043762481
7495,c,54.59946043762481,54.59946043762481
7496,c,54.59946043762481,54.59946043762481
7497,c,54.59946043762481,54.59946043762481
7498,c,54.59946043762481,54.59946043762481
7499,c,54.59946043762481,54.59946043762481
7500,c,54.59946043762481,54.59946043762481
7501,c,54.59946043762481,54.59946043762481
7502,c,54.59946043762481,54.59946043762481
7503,c,54.59946043762481,54.59946043762481
7504,t,54.59946043762481,54.59946043762481
7505,t,54.59946043762481,54.59946043762481
7506,c,14.474421289612796,14.486532238042267
7507,c,54.59946043762481,54.59946043762481
7508,c,54.59946043762481,54.59946043762481
7509,c,54.59946043762481,54.59946043762481
7510,c,54.59946043762481,54.59946043762481
7511,c,54.59946043762481,54.59946043762481
7512,c,54.59946043762481,54.59946043762481
7513,t,54.59946043762481,54.59946043762481
7514,c,18.647098834028082,22.540173601197026
7515,c,54.59946043762481,54.59946043762481
7516,c,54.59946043762481,54.59946043762481
7517,c,54.59946043762481,54.59946043762481
7518,c,54.59946043762481,54.59946043762481
7519,t,54.59946043762481,54.59946043762481
7520,c,54.59946043762481,54.59946043762481
7521,c,54.59946043762481,54.59946043762481
7522,c,54.59946043762481,54.59946043762481
7523,c,54.59946043762481,54.59946043762481
7524,c,54.59946043762481,54.59946043762481
7525,c,54.59946043762481,54.59946043762481
7526,c,54.59946043762481,54.59946043762481
7527,c,54.59946043762481,54.59946043762481
7528,c,54.59946043762481,54.59946043762481
7529,c,54.59946043762481,54.59946043762481
7530,c,54.59946043762481,54.59946043762481
7531,c,54.59946043762481,54.59946043762481
7532,c,54.59946043762481,54.59946043762481
7533,c,54.59946043762481,54.59946043762481
7534,c,54.59946043762481,54.59946043762481
7535,c,54.59946043762481,54.59946043762481
7536,c,54.59946043762481,54.59946043762481
7537,c,54.59946043762481,54.59946043762481
7538,c,54.59946043762481,54.59946043762481
7539,t,54.59946043762481,54.59946043762481
7540,c,54.59946043762481,54.59946043762481
7541,c,54.59946043762481,54.59946043762481
7542,c,54.59946043762481,54.59946043762481
7543,t,54.59946043762481,54.59946043762481
7544,c,54.59946043762481,54.59946043762481
7545,t,54.59946043762481,54.59946043762481
7546,c,54.59946043762481,54.59946043762481
7547,c,54.59946043762481,54.59946043762481
7548,t,54.59946043762481,54.59946043762481
7549,t,54.59946043762481,54.59946043762481
7550,c,54.59946043762481,54.59946043762481
7551,c,54.59946043762481,54.59946043762481
7552,c,54.59946043762481,54.59946043762481
7553,c,54.59946043762481,54.59946043762481
7554,c,54.59946043762481,54.59946043762481
7555,c,54.59946043762481,54.59946043762481
7556,c,54.59946043762481,54.59946043762481
7557,c,54.59946043762481,54.59946043762481
7558,c,54.59946043762481,54.59946043762481
7559,c,54.59946043762481,54.59946043762481
7560,t,54.59946043762481,54.59946043762481
7561,c,54.59946043762481,54.59946043762481
7562,c,54.59946043762481,54.59946043762481
7563,c,54.59946043762481,54.59946043762481
7564,c,54.59946043762481,54.59946043762481
7565,c,54.59946043762481,54.59946043762481
7566,c,54.59946043762481,54.59946043762481
7567,c,54.59946043762481,54.59946043762481
7568,c,54.59946043762481,54.59946043762481
7569,c,54.59946043762481,54.59946043762481
7570,c,54.59946043762481,54.59946043762481
7571,t,54.59946043762481,54.59946043762481
7572,c,54.59946043762481,54.59946043762481
7573,t,54.59946043762481,54.59946043762481
7574,c,54.59946043762481,54.59946043762481
7575,c,54.59946043762481,54.59946043762481
7576,c,54.59946043762481,54.59946043762481
7577,c,54.59946043762481,54.59946043762481
7578,t,54.59946043762481,54.59946043762481
7579,c,54.59946043762481,54.59946043762481
7580,c,54.59946043762481,54.59946043762481
7581,c,54.59946043762481,54.59946043762481
7582,t,54.59946043762481,54.59946043762481
7583,c,54.59946043762481,54.59946043762481
7584,c,54.59946043762481,54.59946043762481
7585,c,54.59946043762481,54.59946043762481
7586,t,54.59946043762481,54.59946043762481
7587,c,54.59946043762481,54.59946043762481
7588,c,54.59946043762481,54.59946043762481
7589,c,54.59946043762481,54.59946043762481
7590,c,54.59946043762481,54.59946043762481
7591,c,54.59946043762481,54.59946043762481
7592,c,54.59946043762481,54.59946043762481
7593,c,0.6195136558357678,5.974277166854042
7594,t,54.59946043762481,54.59946043762481
7595,c,54.59946043762481,54.59946043762481
7596,c,54.59946043762481,54.59946043762481
7597,c,54.59946043762481,54.59946043762481
7598,c,54.59946043762481,54.59946043762481
7599,c,54.59946043762481,54.59946043762481
7600,c,54.59946043762481,54.59946043762481
7601,c,54.59946043762481,54.59946043762481
7602,c,54.59946043762481,54.59946043762481
7603,t,54.59946043762481,54.59946043762481
7604,t,54.59946043762481,54.59946043762481
7605,t,54.59946043762481,54.59946043762481
7606,c,54.59946043762481,54.59946043762481
7607,c,54.59946043762481,54.59946043762481
7608,c,54.59946043762481,54.59946043762481
7609,t,54.59946043762481,54.59946043762481
7610,c,54.59946043762481,54.59946043762481
7611,c,54.59946043762481,54.59946043762481
7612,t,54.59946043762481,54.59946043762481
7613,t,54.59946043762481,54.59946043762481
7614,t,54.59946043762481,54.59946043762481
7615,t,54.59946043762481,54.59946043762481
7616,t,54.59946043762481,54.59946043762481
7617,c,54.59946043762481,54.59946043762481
7618,c,54.59946043762481,54.59946043762481
7619,c,54.59946043762481,54.59946043762481
7620,c,54.59946043762481,54.59946043762481
7621,c,54.59946043762481,54.59946043762481
7622,c,54.59946043762481,54.59946043762481
7623,c,54.59946043762481,54.59946043762481
7624,c,54.59946043762481,54.59946043762481
7625,c,54.59946043762481,54.59946043762481
7626,c,54.59946043762481,54.59946043762481
7627,c,54.59946043762481,54.59946043762481
7628,c,54.59946043762481,54.59946043762481
7629,t,54.59946043762481,54.59946043762481
7630,c,54.59946043762481,54.59946043762481
7631,c,54.59946043762481,54.59946043762481
7632,c,54.59946043762481,54.59946043762481
7633,c,54.59946043762481,54.59946043762481
7634,c,54.59946043762481,54.59946043762481
7635,c,54.59946043762481,54.59946043762481
7636,c,54.59946043762481,54.59946043762481
7637,c,54.59946043762481,54.59946043762481
7638,c,54.59946043762481,54.59946043762481
7639,c,54.59946043762481,54.59946043762481
7640,c,54.59946043762481,54.59946043762481
7641,t,54.59946043762481,54.59946043762481
7642,c,54.59946043762481,54.59946043762481
7643,c,54.59946043762481,54.59946043762481
7644,c,54.59946043762481,54.59946043762481
7645,c,54.59946043762481,54.59946043762481
7646,c,54.59946043762481,54.59946043762481
7647,c,54.59946043762481,54.59946043762481
7648,c,54.59946043762481,54.59946043762481
7649,c,28.171964124707507,30.697288521170446
7650,t,54.59946043762481,54.59946043762481
7651,c,54.59946043762481,54.59946043762481
7652,c,54.59946043762481,54.59946043762481
7653,c,54.59946043762481,54.59946043762481
7654,c,54.59946043762481,54.59946043762481
7655,c,54.59946043762481,54.59946043762481
7656,c,54.59946043762481,54.59946043762481
7657,c,54.59946043762481,54.59946043762481
7658,c,54.59946043762481,54.59946043762481
7659,c,54.59946043762481,54.59946043762481
7660,c,54.59946043762481,54.59946043762481
7661,c,54.59946043762481,54.59946043762481
7662,c,54.59946043762481,54.59946043762481
7663,c,54.59946043762481,54.59946043762481
7664,c,54.59946043762481,54.59946043762481
7665,c,54.59946043762481,54.59946043762481
7666,na,-1,0
7667,c,54.59946043762481,54.59946043762481
7668,c,54.59946043762481,54.59946043762481
7669,c,54.59946043762481,54.59946043762481
7670,c,54.59946043762481,54.59946043762481
7671,t,54.59946043762481,54.59946043762481
7672,t,54.59946043762481,54.59946043762481
7673,t,54.59946043762481,54.59946043762481
7674,c,54.59946043762481,54.59946043762481
7675,c,54.59946043762481,54.59946043762481
7676,t,54.59946043762481,54.59946043762481
7677,c,54.59946043762481,54.59946043762481
7678,c,54.59946043762481,54.59946043762481
7679,c,54.59946043762481,54.59946043762481
7680,t,54.59946043762481,54.59946043762481
7681,c,54.59946043762481,54.59946043762481
7682,t,54.59946043762481,54.59946043762481
7683,t,54.59946043762481,54.59946043762481
7684,c,54.59946043762481,54.59946043762481
7685,t,54.59946043762481,54.59946043762481
7686,c,54.59946043762481,54.59946043762481
7687,c,54.59946043762481,54.59946043762481
7688,c,54.59946043762481,54.59946043762481
7689,c,54.59946043762481,54.59946043762481
7690,c,54.59946043762481,54.59946043762481
7691,c,54.59946043762481,54.59946043762481
7692,c,54.59946043762481,54.59946043762481
7693,c,54.59946043762481,54.59946043762481
7694,t,54.59946043762481,54.59946043762481
7695,c,54.59946043762481,54.59946043762481
7696,c,54.59946043762481,54.59946043762481
7697,c,54.59946043762481,54.59946043762481
7698,c,54.59946043762481,54.59946043762481
7699,c,54.59946043762481,54.59946043762481
7700,c,54.59946043762481,54.59946043762481
7701,c,54.59946043762481,54.59946043762481
7702,c,54.59946043762481,54.59946043762481
7703,c,54.59946043762481,54.59946043762481
7704,c,54.59946043762481,54.59946043762481
7705,c,54.59946043762481,54.59946043762481
7706,c,54.59946043762481,54.59946043762481
7707,t,54.59946043762481,54.59946043762481
7708,c,54.59946043762481,54.59946043762481
7709,c,54.59946043762481,54.59946043762481
7710,c,54.59946043762481,54.59946043762481
7711,c,54.59946043762481,54.59946043762481
7712,c,54.59946043762481,54.59946043762481
7713,t,54.59946043762481,54.59946043762481
7714,c,54.59946043762481,54.59946043762481
7715,c,54.59946043762481,54.59946043762481
7716,c,54.59946043762481,54.59946043762481
7717,c,54.59946043762481,54.59946043762481
7718,t,54.59946043762481,54.59946043762481
7719,c,54.59946043762481,54.59946043762481
7720,t,54.59946043762481,54.59946043762481
7721,c,54.59946043762481,54.59946043762481
7722,c,54.59946043762481,54.59946043762481
7723,t,54.59946043762481,54.59946043762481
7724,c,54.59946043762481,54.59946043762481
7725,c,54.59946043762481,54.59946043762481
7726,c,54.59946043762481,54.59946043762481
7727,c,54.59946043762481,54.59946043762481
7728,c,54.59946043762481,54.59946043762481
7729,t,54.59946043762481,54.59946043762481
7730,c,54.59946043762481,54.59946043762481
7731,c,54.59946043762481,54.59946043762481
7732,c,54.59946043762481,54.59946043762481
7733,c,54.59946043762481,54.59946043762481
7734,c,54.59946043762481,54.59946043762481
7735,c,54.59946043762481,54.59946043762481
7736,c,54.59946043762481,54.59946043762481
7737,c,54.59946043762481,54.59946043762481
7738,t,54.59946043762481,54.59946043762481
7739,c,54.59946043762481,54.59946043762481
7740,t,54.59946043762481,54.59946043762481
7741,c,54.59946043762481,54.59946043762481
7742,c,54.59946043762481,54.59946043762481
7743,c,54.59946043762481,54.59946043762481
7744,c,54.59946043762481,54.59946043762481
7745,c,54.59946043762481,54.59946043762481
7746,c,54.59946043762481,54.59946043762481
7747,c,54.59946043762481,54.59946043762481
7748,t,54.59946043762481,54.59946043762481
7749,c,54.59946043762481,54.59946043762481
7750,c,54.59946043762481,54.59946043762481
7751,c,54.59946043762481,54.59946043762481
7752,c,54.59946043762481,54.59946043762481
7753,c,54.59946043762481,54.59946043762481
7754,c,54.59946043762481,54.59946043762481
7755,na,0.4409152538092414,14.60827879571237
7756,c,54.59946043762481,54.59946043762481
7757,c,54.59946043762481,54.59946043762481
7758,t,54.59946043762481,54.59946043762481
7759,c,54.59946043762481,54.59946043762481
7760,na,0,0.37639395453765
7761,c,54.59946043762481,54.59946043762481
7762,c,54.59946043762481,54.59946043762481
7763,c,54.59946043762481,54.59946043762481
7764,c,54.59946043762481,54.59946043762481
7765,c,54.59946043762481,54.59946043762481
7766,c,54.59946043762481,54.59946043762481
7767,c,54.59946043762481,54.59946043762481
7768,t,54.59946043762481,54.59946043762481
7769,c,54.59946043762481,54.59946043762481
7770,c,54.59946043762481,54.59946043762481
7771,t,54.59946043762481,54.59946043762481
7772,c,54.59946043762481,54.59946043762481
7773,c,54.59946043762481,54.59946043762481
7774,t,54.59946043762481,54.59946043762481
7775,c,54.59946043762481,54.59946043762481
7776,c,54.59946043762481,54.59946043762481
7777,c,54.59946043762481,54.59946043762481
7778,c,54.59946043762481,54.59946043762481
7779,t,54.59946043762481,54.59946043762481
7780,c,54.59946043762481,54.59946043762481
7781,c,54.59946043762481,54.59946043762481
7782,c,54.59946043762481,54.59946043762481
7783,c,54.59946043762481,54.59946043762481
7784,c,54.59946043762481,54.59946043762481
7785,t,54.59946043762481,54.59946043762481
7786,c,54.59946043762481,54.59946043762481
7787,c,54.59946043762481,54.59946043762481
7788,c,54.59946043762481,54.59946043762481
7789,c,54.59946043762481,54.59946043762481
7790,t,54.59946043762481,54.59946043762481
7791,c,54.59946043762481,54.59946043762481
7792,t,54.59946043762481,54.59946043762481
7793,c,54.59946043762481,54.59946043762481
7794,c,54.59946043762481,54.59946043762481
7795,c,54.59946043762481,54.59946043762481
7796,c,54.59946043762481,54.59946043762481
7797,c,54.59946043762481,54.59946043762481
7798,c,54.59946043762481,54.59946043762481
7799,c,54.59946043762481,54.59946043762481
7800,c,54.59946043762481,54.59946043762481
7801,c,54.59946043762481,54.59946043762481
7802,c,54.59946043762481,54.59946043762481
7803,c,54.59946043762481,54.59946043762481
7804,t,54.59946043762481,54.59946043762481
7805,c,54.59946043762481,54.59946043762481
7806,c,54.59946043762481,54.59946043762481
7807,t,54.59946043762481,54.59946043762481
7808,t,54.59946043762481,54.59946043762481
7809,t,54.59946043762481,54.59946043762481
7810,c,54.59946043762481,54.59946043762481
7811,c,54.59946043762481,54.59946043762481
7812,c,54.59946043762481,54.59946043762481
7813,c,54.59946043762481,54.59946043762481
7814,t,54.59946043762481,54.59946043762481
7815,c,54.59946043762481,54.59946043762481
7816,c,54.59946043762481,54.59946043762481
7817,c,54.59946043762481,54.59946043762481
7818,c,54.59946043762481,54.59946043762481
7819,c,54.59946043762481,54.59946043762481
7820,t,54.59946043762481,54.59946043762481
7821,c,54.59946043762481,54.59946043762481
7822,c,54.59946043762481,54.59946043762481
7823,c,54.59946043762481,54.59946043762481
7824,t,54.59946043762481,54.59946043762481
7825,c,54.59946043762481,54.59946043762481
7826,c,54.59946043762481,54.59946043762481
7827,c,54.59946043762481,54.59946043762481
7828,c,54.59946043762481,54.59946043762481
7829,c,54.59946043762481,54.59946043762481
7830,c,54.59946043762481,54.59946043762481
7831,t,54.59946043762481,54.59946043762481
7832,t,54.59946043762481,54.59946043762481
7833,c,54.59946043762481,54.59946043762481
7834,c,54.59946043762481,54.59946043762481
7835,c,11.656332913305587,12.016529586541225
7836,c,54.59946043762481,54.59946043762481
7837,c,54.59946043762481,54.59946043762481
7838,c,54.59946043762481,54.59946043762481
7839,c,54.59946043762481,54.59946043762481
7840,c,7.250507208753671,23.429753729771218
7841,c,54.59946043762481,54.59946043762481
7842,c,54.59946043762481,54.59946043762481
7843,c,54.59946043762481,54.59946043762481
7844,c,54.59946043762481,54.59946043762481
7845,t,54.59946043762481,54.59946043762481
7846,c,54.59946043762481,54.59946043762481
7847,c,54.59946043762481,54.59946043762481
7848,c,54.59946043762481,54.59946043762481
7849,c,54.59946043762481,54.59946043762481
7850,c,54.59946043762481,54.59946043762481
7851,c,54.59946043762481,54.59946043762481
7852,c,54.59946043762481,54.59946043762481
7853,c,54.59946043762481,54.59946043762481
7854,t,54.59946043762481,54.59946043762481
7855,c,54.59946043762481,54.59946043762481
7856,t,54.59946043762481,54.59946043762481
7857,c,54.59946043762481,54.59946043762481
7858,c,54.59946043762481,54.59946043762481
7859,c,54.59946043762481,54.59946043762481
7860,c,54.59946043762481,54.59946043762481
7861,c,54.59946043762481,54.59946043762481
7862,c,54.59946043762481,54.59946043762481
7863,c,54.59946043762481,54.59946043762481
7864,c,54.59946043762481,54.59946043762481
7865,c,54.59946043762481,54.59946043762481
7866,c,54.59946043762481,54.59946043762481
7867,c,7.992836985929056,15.114374972142924
7868,c,35.83240084130938,46.56193708369265
7869,c,54.59946043762481,54.59946043762481
7870,c,54.59946043762481,54.59946043762481
7871,c,54.59946043762481,54.59946043762481
7872,c,54.59946043762481,54.59946043762481
7873,c,6.720375975663844,7.310717142786672
7874,c,54.59946043762481,54.59946043762481
7875,t,54.59946043762481,54.59946043762481
7876,c,54.59946043762481,54.59946043762481
7877,c,54.59946043762481,54.59946043762481
7878,c,54.59946043762481,54.59946043762481
7879,c,54.59946043762481,54.59946043762481
7880,c,54.59946043762481,54.59946043762481
7881,t,54.59946043762481,54.59946043762481
7882,c,54.59946043762481,54.59946043762481
7883,c,54.59946043762481,54.59946043762481
7884,c,54.59946043762481,54.59946043762481
7885,c,54.59946043762481,54.59946043762481
7886,c,54.59946043762481,54.59946043762481
7887,c,54.59946043762481,54.59946043762481
7888,t,54.59946043762481,54.59946043762481
7889,c,54.59946043762481,54.59946043762481
7890,c,54.59946043762481,54.59946043762481
7891,t,54.59946043762481,54.59946043762481
7892,t,54.59946043762481,54.59946043762481
7893,c,54.59946043762481,54.59946043762481
7894,t,54.59946043762481,54.59946043762481
7895,c,54.59946043762481,54.59946043762481
7896,c,54.59946043762481,54.59946043762481
7897,c,54.59946043762481,54.59946043762481
7898,c,54.59946043762481,54.59946043762481
7899,c,54.59946043762481,54.59946043762481
7900,c,54.59946043762481,54.59946043762481
7901,c,54.59946043762481,54.59946043762481
7902,c,54.59946043762481,54.59946043762481
7903,c,54.59946043762481,54.59946043762481
7904,c,54.59946043762481,54.59946043762481
7905,c,54.59946043762481,54.59946043762481
7906,t,54.59946043762481,54.59946043762481
7907,t,54.59946043762481,54.59946043762481
7908,t,54.59946043762481,54.59946043762481
7909,c,54.59946043762481,54.59946043762481
7910,c,54.59946043762481,54.59946043762481
7911,c,54.59946043762481,54.59946043762481
7912,c,54.59946043762481,54.59946043762481
7913,c,54.59946043762481,54.59946043762481
7914,c,54.59946043762481,54.59946043762481
7915,c,54.59946043762481,54.59946043762481
7916,na,0,2.0057828106450333
7917,c,54.59946043762481,54.59946043762481
7918,t,54.59946043762481,54.59946043762481
7919,c,54.59946043762481,54.59946043762481
7920,c,54.59946043762481,54.59946043762481
7921,c,54.59946043762481,54.59946043762481
7922,c,54.59946043762481,54.59946043762481
7923,t,54.59946043762481,54.59946043762481
7924,c,54.59946043762481,54.59946043762481
7925,c,54.59946043762481,54.59946043762481
7926,c,54.59946043762481,54.59946043762481
7927,c,54.59946043762481,54.59946043762481
7928,c,54.59946043762481,54.59946043762481
7929,t,54.59946043762481,54.59946043762481
7930,c,54.59946043762481,54.59946043762481
7931,c,54.59946043762481,54.59946043762481
7932,c,54.59946043762481,54.59946043762481
7933,c,54.59946043762481,54.59946043762481
7934,c,54.59946043762481,54.59946043762481
7935,c,54.59946043762481,54.59946043762481
7936,t,54.59946043762481,54.59946043762481
7937,c,54.59946043762481,54.59946043762481
7938,c,54.59946043762481,54.59946043762481
7939,t,54.59946043762481,54.59946043762481
7940,t,54.59946043762481,54.59946043762481
7941,c,54.59946043762481,54.59946043762481
7942,c,54.59946043762481,54.59946043762481
7943,c,54.59946043762481,54.59946043762481
7944,c,54.59946043762481,54.59946043762481
7945,t,54.59946043762481,54.59946043762481
7946,c,54.59946043762481,54.59946043762481
7947,c,54.59946043762481,54.59946043762481
7948,c,54.59946043762481,54.59946043762481
7949,c,54.59946043762481,54.59946043762481
7950,c,54.59946043762481,54.59946043762481
7951,c,54.59946043762481,54.59946043762481
7952,c,54.59946043762481,54.59946043762481
7953,c,54.59946043762481,54.59946043762481
7954,c,54.59946043762481,54.59946043762481
7955,c,54.59946043762481,54.59946043762481
7956,t,54.59946043762481,54.59946043762481
7957,c,54.59946043762481,54.59946043762481
7958,c,54.59946043762481,54.59946043762481
7959,c,54.59946043762481,54.59946043762481
7960,c,54.59946043762481,54.59946043762481
7961,t,54.59946043762481,54.59946043762481
7962,t,54.59946043762481,54.59946043762481
7963,c,54.59946043762481,54.59946043762481
7964,c,54.59946043762481,54.59946043762481
7965,c,54.59946043762481,54.59946043762481
7966,c,54.59946043762481,54.59946043762481
7967,na,0.253180634011955,2.854393529516408
7968,c,54.59946043762481,54.59946043762481
7969,c,54.59946043762481,54.59946043762481
7970,c,54.59946043762481,54.59946043762481
7971,c,15.42268549789514,16.830962649732495
7972,c,54.59946043762481,54.59946043762481
7973,c,54.59946043762481,54.59946043762481
7974,na,0,4.0489407237730894
7975,c,54.59946043762481,54.59946043762481
7976,t,54.59946043762481,54.59946043762481
7977,c,54.59946043762481,54.59946043762481
7978,t,54.59946043762481,54.59946043762481
7979,c,54.59946043762481,54.59946043762481
7980,c,54.59946043762481,54.59946043762481
7981,c,54.59946043762481,54.59946043762481
7982,c,54.59946043762481,54.59946043762481
7983,c,54.59946043762481,54.59946043762481
7984,c,54.59946043762481,54.59946043762481
7985,c,54.59946043762481,54.59946043762481
7986,c,54.59946043762481,54.59946043762481
7987,c,54.59946043762481,54.59946043762481
7988,t,54.59946043762481,54.59946043762481
7989,c,54.59946043762481,54.59946043762481
7990,c,54.59946043762481,54.59946043762481
7991,c,54.59946043762481,54.59946043762481
7992,c,54.59946043762481,54.59946043762481
7993,c,54.59946043762481,54.59946043762481
7994,c,54.59946043762481,54.59946043762481
7995,c,54.59946043762481,54.59946043762481
7996,t,54.59946043762481,54.59946043762481
7997,c,54.59946043762481,54.59946043762481
7998,c,54.59946043762481,54.59946043762481
7999,c,54.59946043762481,54.59946043762481
8000,t,54.59946043762481,54.59946043762481
8001,c,54.59946043762481,54.59946043762481
8002,c,54.59946043762481,54.59946043762481
8003,c,54.59946043762481,54.59946043762481
8004,c,54.59946043762481,54.59946043762481
8005,c,54.59946043762481,54.59946043762481
8006,t,54.59946043762481,54.59946043762481
8007,c,54.59946043762481,54.59946043762481
8008,c,54.59946043762481,54.59946043762481
8009,t,54.59946043762481,54.59946043762481
8010,c,54.59946043762481,54.59946043762481
8011,c,54.59946043762481,54.59946043762481
8012,c,54.59946043762481,54.59946043762481
8013,c,54.59946043762481,54.59946043762481
8014,c,54.59946043762481,54.59946043762481
8015,t,54.59946043762481,54.59946043762481
8016,c,54.59946043762481,54.59946043762481
8017,c,54.59946043762481,54.59946043762481
8018,c,54.59946043762481,54.59946043762481
8019,c,54.59946043762481,54.59946043762481
8020,c,54.59946043762481,54.59946043762481
8021,t,54.59946043762481,54.59946043762481
8022,t,54.59946043762481,54.59946043762481
8023,c,54.59946043762481,54.59946043762481
8024,c,54.59946043762481,54.59946043762481
8025,c,54.59946043762481,54.59946043762481
8026,c,54.59946043762481,54.59946043762481
8027,c,54.59946043762481,54.59946043762481
8028,t,54.59946043762481,54.59946043762481
8029,c,54.59946043762481,54.59946043762481
8030,c,54.59946043762481,54.59946043762481
8031,t,54.59946043762481,54.59946043762481
8032,c,54.59946043762481,54.59946043762481
8033,t,54.59946043762481,54.59946043762481
8034,c,54.59946043762481,54.59946043762481
8035,c,54.59946043762481,54.59946043762481
8036,c,54.59946043762481,54.59946043762481
8037,c,54.59946043762481,54.59946043762481
8038,c,54.59946043762481,54.59946043762481
8039,c,54.59946043762481,54.59946043762481
8040,c,54.59946043762481,54.59946043762481
8041,c,54.59946043762481,54.59946043762481
8042,c,54.59946043762481,54.59946043762481
8043,t,54.59946043762481,54.59946043762481
8044,c,54.59946043762481,54.59946043762481
8045,t,54.59946043762481,54.59946043762481
8046,t,54.59946043762481,54.59946043762481
8047,t,54.59946043762481,54.59946043762481
8048,c,54.59946043762481,54.59946043762481
8049,c,54.59946043762481,54.59946043762481
8050,c,54.59946043762481,54.59946043762481
8051,t,54.59946043762481,54.59946043762481
8052,t,54.59946043762481,54.59946043762481
8053,c,54.59946043762481,54.59946043762481
8054,c,54.59946043762481,54.59946043762481
8055,c,54.59946043762481,54.59946043762481
8056,c,54.59946043762481,54.59946043762481
8057,t,54.59946043762481,54.59946043762481
8058,t,54.59946043762481,54.59946043762481
8059,na,-1,0
8060,c,54.59946043762481,54.59946043762481
8061,c,54.59946043762481,54.59946043762481
8062,t,54.59946043762481,54.59946043762481
8063,c,54.59946043762481,54.59946043762481
8064,t,54.59946043762481,54.59946043762481
8065,c,54.59946043762481,54.59946043762481
8066,t,54.59946043762481,54.59946043762481
8067,t,54.59946043762481,54.59946043762481
8068,t,54.59946043762481,54.59946043762481
8069,c,54.59946043762481,54.59946043762481
8070,c,54.59946043762481,54.59946043762481
8071,c,54.59946043762481,54.59946043762481
8072,c,54.59946043762481,54.59946043762481
8073,c,54.59946043762481,54.59946043762481
8074,c,54.59946043762481,54.59946043762481
8075,c,54.59946043762481,54.59946043762481
8076,c,54.59946043762481,54.59946043762481
8077,c,54.59946043762481,54.59946043762481
8078,c,54.59946043762481,54.59946043762481
8079,c,54.59946043762481,54.59946043762481
8080,c,54.59946043762481,54.59946043762481
8081,c,54.59946043762481,54.59946043762481
8082,c,54.59946043762481,54.59946043762481
8083,c,54.59946043762481,54.59946043762481
8084,c,54.59946043762481,54.59946043762481
8085,c,54.59946043762481,54.59946043762481
8086,c,54.59946043762481,54.59946043762481
8087,c,54.59946043762481,54.59946043762481
8088,c,54.59946043762481,54.59946043762481
8089,c,54.59946043762481,54.59946043762481
8090,t,54.59946043762481,54.59946043762481
8091,c,54.59946043762481,54.59946043762481
8092,c,54.59946043762481,54.59946043762481
8093,c,54.59946043762481,54.59946043762481
8094,c,54.59946043762481,54.59946043762481
8095,c,54.59946043762481,54.59946043762481
8096,c,54.59946043762481,54.59946043762481
8097,c,54.59946043762481,54.59946043762481
8098,t,54.59946043762481,54.59946043762481
8099,t,54.59946043762481,54.59946043762481
8100,c,54.59946043762481,54.59946043762481
8101,t,54.59946043762481,54.59946043762481
8102,c,54.59946043762481,54.59946043762481
8103,c,54.59946043762481,54.59946043762481
8104,c,54.59946043762481,54.59946043762481
8105,c,54.59946043762481,54.59946043762481
8106,t,54.59946043762481,54.59946043762481
8107,c,54.59946043762481,54.59946043762481
8108,c,54.59946043762481,54.59946043762481
8109,c,54.59946043762481,54.59946043762481
8110,c,54.59946043762481,54.59946043762481
8111,t,54.59946043762481,54.59946043762481
8112,c,54.59946043762481,54.59946043762481
8113,c,54.59946043762481,54.59946043762481
8114,c,54.59946043762481,54.59946043762481
8115,c,54.59946043762481,54.59946043762481
8116,c,54.59946043762481,54.59946043762481
8117,na,0,2.5825624663848052
8118,c,54.59946043762481,54.59946043762481
8119,c,54.59946043762481,54.59946043762481
8120,c,54.59946043762481,54.59946043762481
8121,c,54.59946043762481,54.59946043762481
8122,c,54.59946043762481,54.59946043762481
8123,c,54.59946043762481,54.59946043762481
8124,c,54.59946043762481,54.59946043762481
8125,c,54.59946043762481,54.59946043762481
8126,c,54.59946043762481,54.59946043762481
8127,c,54.59946043762481,54.59946043762481
8128,c,54.59946043762481,54.59946043762481
8129,t,54.59946043762481,54.59946043762481
8130,c,54.59946043762481,54.59946043762481
8131,c,54.59946043762481,54.59946043762481
8132,c,54.59946043762481,54.59946043762481
8133,t,54.59946043762481,54.59946043762481
8134,c,54.59946043762481,54.59946043762481
8135,c,54.59946043762481,54.59946043762481
8136,c,54.59946043762481,54.59946043762481
8137,t,54.59946043762481,54.59946043762481
8138,c,54.59946043762481,54.59946043762481
8139,t,54.59946043762481,54.59946043762481
8140,t,54.59946043762481,54.59946043762481
8141,t,54.59946043762481,54.59946043762481
8142,c,54.59946043762481,54.59946043762481
8143,c,54.59946043762481,54.59946043762481
8144,c,54.59946043762481,54.59946043762481
8145,c,54.59946043762481,54.59946043762481
8146,c,54.59946043762481,54.59946043762481
8147,c,54.59946043762481,54.59946043762481
8148,c,54.59946043762481,54.59946043762481
8149,t,54.59946043762481,54.59946043762481
8150,c,54.59946043762481,54.59946043762481
8151,c,54.59946043762481,54.59946043762481
8152,c,54.59946043762481,54.59946043762481
8153,c,54.59946043762481,54.59946043762481
8154,t,54.59946043762481,54.59946043762481
8155,c,54.59946043762481,54.59946043762481
8156,c,54.59946043762481,54.59946043762481
8157,c,54.59946043762481,54.59946043762481
8158,c,54.59946043762481,54.59946043762481
8159,c,54.59946043762481,54.59946043762481
8160,c,54.59946043762481,54.59946043762481
8161,c,54.59946043762481,54.59946043762481
8162,t,54.59946043762481,54.59946043762481
8163,t,54.59946043762481,54.59946043762481
8164,c,54.59946043762481,54.59946043762481
8165,c,54.59946043762481,54.59946043762481
8166,t,54.59946043762481,54.59946043762481
8167,c,54.59946043762481,54.59946043762481
8168,c,54.59946043762481,54.59946043762481
8169,c,54.59946043762481,54.59946043762481
8170,t,54.59946043762481,54.59946043762481
8171,c,54.59946043762481,54.59946043762481
8172,c,54.59946043762481,54.59946043762481
8173,t,54.59946043762481,54.59946043762481
8174,c,54.59946043762481,54.59946043762481
8175,c,54.59946043762481,54.59946043762481
8176,c,54.59946043762481,54.59946043762481
8177,na,0,1.2622730955975834
8178,c,54.59946043762481,54.59946043762481
8179,t,54.59946043762481,54.59946043762481
8180,c,54.59946043762481,54.59946043762481
8181,t,54.59946043762481,54.59946043762481
8182,c,54.59946043762481,54.59946043762481
8183,c,54.59946043762481,54.59946043762481
8184,c,54.59946043762481,54.59946043762481
8185,c,54.59946043762481,54.59946043762481
8186,c,54.59946043762481,54.59946043762481
8187,c,54.59946043762481,54.59946043762481
8188,c,54.59946043762481,54.59946043762481
8189,t,54.59946043762481,54.59946043762481
8190,c,54.59946043762481,54.59946043762481
8191,c,54.59946043762481,54.59946043762481
8192,c,54.59946043762481,54.59946043762481
8193,t,54.59946043762481,54.59946043762481
8194,c,3.5507179104916062,4.12696876695692
8195,c,54.59946043762481,54.59946043762481
8196,c,54.59946043762481,54.59946043762481
8197,na,6.26085308205621,12.39197554303273
8198,c,54.59946043762481,54.59946043762481
8199,c,54.59946043762481,54.59946043762481
8200,c,54.59946043762481,54.59946043762481
8201,c,54.59946043762481,54.59946043762481
8202,c,54.59946043762481,54.59946043762481
8203,c,54.59946043762481,54.59946043762481
8204,c,54.59946043762481,54.59946043762481
8205,c,54.59946043762481,54.59946043762481
8206,t,54.59946043762481,54.59946043762481
8207,c,54.59946043762481,54.59946043762481
8208,c,54.59946043762481,54.59946043762481
8209,c,54.59946043762481,54.59946043762481
8210,c,54.59946043762481,54.59946043762481
8211,c,54.59946043762481,54.59946043762481
8212,t,54.59946043762481,54.59946043762481
8213,c,54.59946043762481,54.59946043762481
8214,c,54.59946043762481,54.59946043762481
8215,c,54.59946043762481,54.59946043762481
8216,c,54.59946043762481,54.59946043762481
8217,t,54.59946043762481,54.59946043762481
8218,c,54.59946043762481,54.59946043762481
8219,c,54.59946043762481,54.59946043762481
8220,c,54.59946043762481,54.59946043762481
8221,c,54.59946043762481,54.59946043762481
8222,c,54.59946043762481,54.59946043762481
8223,t,54.59946043762481,54.59946043762481
8224,c,54.59946043762481,54.59946043762481
8225,c,54.59946043762481,54.59946043762481
8226,c,54.59946043762481,54.59946043762481
8227,t,54.59946043762481,54.59946043762481
8228,c,54.59946043762481,54.59946043762481
8229,c,54.59946043762481,54.59946043762481
8230,c,54.59946043762481,54.59946043762481
8231,c,54.59946043762481,54.59946043762481
8232,c,54.59946043762481,54.59946043762481
8233,t,54.59946043762481,54.59946043762481
8234,c,54.59946043762481,54.59946043762481
8235,c,54.59946043762481,54.59946043762481
8236,c,54.59946043762481,54.59946043762481
8237,c,54.59946043762481,54.59946043762481
8238,c,54.59946043762481,54.59946043762481
8239,c,54.59946043762481,54.59946043762481
8240,c,54.59946043762481,54.59946043762481
8241,c,54.59946043762481,54.59946043762481
8242,t,54.59946043762481,54.59946043762481
8243,c,54.59946043762481,54.59946043762481
8244,c,54.59946043762481,54.59946043762481
8245,c,10.815161813597136,13.321572291303038
8246,t,54.59946043762481,54.59946043762481
8247,c,54.59946043762481,54.59946043762481
8248,t,54.59946043762481,54.59946043762481
8249,c,54.59946043762481,54.59946043762481
8250,c,54.59946043762481,54.59946043762481
8251,c,54.59946043762481,54.59946043762481
8252,c,54.59946043762481,54.59946043762481
8253,c,54.59946043762481,54.59946043762481
8254,c,54.59946043762481,54.59946043762481
8255,c,54.59946043762481,54.59946043762481
8256,na,0,4.028504940082049
8257,c,54.59946043762481,54.59946043762481
8258,t,54.59946043762481,54.59946043762481
8259,t,54.59946043762481,54.59946043762481
8260,c,54.59946043762481,54.59946043762481
8261,c,54.59946043762481,54.59946043762481
8262,c,54.59946043762481,54.59946043762481
8263,c,54.59946043762481,54.59946043762481
8264,c,18.330109472456446,21.304701936849344
8265,t,54.59946043762481,54.59946043762481
8266,c,54.59946043762481,54.59946043762481
8267,c,54.59946043762481,54.59946043762481
8268,c,54.59946043762481,54.59946043762481
8269,c,54.59946043762481,54.59946043762481
8270,t,54.59946043762481,54.59946043762481
8271,t,54.59946043762481,54.59946043762481
8272,c,54.59946043762481,54.59946043762481
8273,c,54.59946043762481,54.59946043762481
8274,c,54.59946043762481,54.59946043762481
8275,c,15.124819312033619,25.71375506471289
8276,c,54.59946043762481,54.59946043762481
8277,c,54.59946043762481,54.59946043762481
8278,c,54.59946043762481,54.59946043762481
8279,c,54.59946043762481,54.59946043762481
8280,c,54.59946043762481,54.59946043762481
8281,c,54.59946043762481,54.59946043762481
8282,c,54.59946043762481,54.59946043762481
8283,c,54.59946043762481,54.59946043762481
8284,c,54.59946043762481,54.59946043762481
8285,c,54.59946043762481,54.59946043762481
8286,c,54.59946043762481,54.59946043762481
8287,c,54.59946043762481,54.59946043762481
8288,c,54.59946043762481,54.59946043762481
8289,c,54.59946043762481,54.59946043762481
8290,c,54.59946043762481,54.59946043762481
8291,c,54.59946043762481,54.59946043762481
8292,c,7.912786547287784,15.159350264074288
8293,c,54.59946043762481,54.59946043762481
8294,t,54.59946043762481,54.59946043762481
8295,c,54.59946043762481,54.59946043762481
8296,c,54.59946043762481,54.59946043762481
8297,c,54.59946043762481,54.59946043762481
8298,c,54.59946043762481,54.59946043762481
8299,c,54.59946043762481,54.59946043762481
8300,c,54.59946043762481,54.59946043762481
8301,c,54.59946043762481,54.59946043762481
8302,t,54.59946043762481,54.59946043762481
8303,t,54.59946043762481,54.59946043762481
8304,c,54.59946043762481,54.59946043762481
8305,c,54.59946043762481,54.59946043762481
8306,c,54.59946043762481,54.59946043762481
8307,c,54.59946043762481,54.59946043762481
8308,c,54.59946043762481,54.59946043762481
8309,t,54.59946043762481,54.59946043762481
8310,c,54.59946043762481,54.59946043762481
8311,c,54.59946043762481,54.59946043762481
8312,c,54.59946043762481,54.59946043762481
8313,c,54.59946043762481,54.59946043762481
8314,c,54.59946043762481,54.59946043762481
8315,c,54.59946043762481,54.59946043762481
8316,c,54.59946043762481,54.59946043762481
8317,c,54.59946043762481,54.59946043762481
8318,c,54.59946043762481,54.59946043762481
8319,c,54.59946043762481,54.59946043762481
8320,c,54.59946043762481,54.59946043762481
8321,c,54.59946043762481,54.59946043762481
8322,c,54.59946043762481,54.59946043762481
8323,c,54.59946043762481,54.59946043762481
8324,c,54.59946043762481,54.59946043762481
8325,c,54.59946043762481,54.59946043762481
8326,t,54.59946043762481,54.59946043762481
8327,t,54.59946043762481,54.59946043762481
8328,c,54.59946043762481,54.59946043762481
8329,t,54.59946043762481,54.59946043762481
8330,c,54.59946043762481,54.59946043762481
8331,c,54.59946043762481,54.59946043762481
8332,c,54.59946043762481,54.59946043762481
8333,c,54.59946043762481,54.59946043762481
8334,t,54.59946043762481,54.59946043762481
8335,c,54.59946043762481,54.59946043762481
8336,c,54.59946043762481,54.59946043762481
8337,c,54.59946043762481,54.59946043762481
8338,c,54.59946043762481,54.59946043762481
8339,c,54.59946043762481,54.59946043762481
8340,c,54.59946043762481,54.59946043762481
8341,c,54.59946043762481,54.59946043762481
8342,c,54.59946043762481,54.59946043762481
8343,t,54.59946043762481,54.59946043762481
8344,c,54.59946043762481,54.59946043762481
8345,c,54.59946043762481,54.59946043762481
8346,c,54.59946043762481,54.59946043762481
8347,c,54.59946043762481,54.59946043762481
8348,c,54.59946043762481,54.59946043762481
8349,c,54.59946043762481,54.59946043762481
8350,c,54.59946043762481,54.59946043762481
8351,t,54.59946043762481,54.59946043762481
8352,c,54.59946043762481,54.59946043762481
8353,c,54.59946043762481,54.59946043762481
8354,c,54.59946043762481,54.59946043762481
8355,c,54.59946043762481,54.59946043762481
8356,t,54.59946043762481,54.59946043762481
8357,na,5.225797736114722,6.414179636925878
8358,c,54.59946043762481,54.59946043762481
8359,c,54.59946043762481,54.59946043762481
8360,c,54.59946043762481,54.59946043762481
8361,c,54.59946043762481,54.59946043762481
8362,t,54.59946043762481,54.59946043762481
8363,t,54.59946043762481,54.59946043762481
8364,c,54.59946043762481,54.59946043762481
8365,c,54.59946043762481,54.59946043762481
8366,c,54.59946043762481,54.59946043762481
8367,c,54.59946043762481,54.59946043762481
8368,c,54.59946043762481,54.59946043762481
8369,c,54.59946043762481,54.59946043762481
8370,c,54.59946043762481,54.59946043762481
8371,c,54.59946043762481,54.59946043762481
8372,t,54.59946043762481,54.59946043762481
8373,c,54.59946043762481,54.59946043762481
8374,c,54.59946043762481,54.59946043762481
8375,c,54.59946043762481,54.59946043762481
8376,t,54.59946043762481,54.59946043762481
8377,t,54.59946043762481,54.59946043762481
8378,na,0.5245808944071443,4.874308933024051
8379,c,54.59946043762481,54.59946043762481
8380,t,54.59946043762481,54.59946043762481
8381,c,54.59946043762481,54.59946043762481
8382,c,54.59946043762481,54.59946043762481
8383,t,54.59946043762481,54.59946043762481
8384,c,54.59946043762481,54.59946043762481
8385,c,54.59946043762481,54.59946043762481
8386,c,54.59946043762481,54.59946043762481
8387,c,54.59946043762481,54.59946043762481
8388,c,54.59946043762481,54.59946043762481
8389,c,54.59946043762481,54.59946043762481
8390,c,54.59946043762481,54.59946043762481
8391,c,54.59946043762481,54.59946043762481
8392,c,54.59946043762481,54.59946043762481
8393,c,54.59946043762481,54.59946043762481
8394,c,54.59946043762481,54.59946043762481
8395,c,54.59946043762481,54.59946043762481
8396,c,54.59946043762481,54.59946043762481
8397,c,54.59946043762481,54.59946043762481
8398,c,54.59946043762481,54.59946043762481
8399,c,54.59946043762481,54.59946043762481
8400,c,54.59946043762481,54.59946043762481
8401,c,54.59946043762481,54.59946043762481
8402,c,54.59946043762481,54.59946043762481
8403,c,54.59946043762481,54.59946043762481
8404,t,54.59946043762481,54.59946043762481
8405,c,54.59946043762481,54.59946043762481
8406,c,54.59946043762481,54.59946043762481
8407,c,54.59946043762481,54.59946043762481
8408,na,-1,0
8409,c,54.59946043762481,54.59946043762481
8410,t,54.59946043762481,54.59946043762481
8411,c,13.277208533233686,15.248325503115032
8412,c,54.59946043762481,54.59946043762481
8413,c,54.59946043762481,54.59946043762481
8414,c,54.59946043762481,54.59946043762481
8415,c,54.59946043762481,54.59946043762481
8416,c,54.59946043762481,54.59946043762481
8417,c,54.59946043762481,54.59946043762481
8418,t,54.59946043762481,54.59946043762481
8419,t,54.59946043762481,54.59946043762481
8420,c,54.59946043762481,54.59946043762481
8421,t,54.59946043762481,54.59946043762481
8422,t,54.59946043762481,54.59946043762481
8423,c,54.59946043762481,54.59946043762481
8424,c,54.59946043762481,54.59946043762481
8425,c,54.59946043762481,54.59946043762481
8426,t,54.59946043762481,54.59946043762481
8427,c,54.59946043762481,54.59946043762481
8428,t,54.59946043762481,54.59946043762481
8429,c,54.59946043762481,54.59946043762481
8430,c,54.59946043762481,54.59946043762481
8431,c,54.59946043762481,54.59946043762481
8432,c,54.59946043762481,54.59946043762481
8433,c,54.59946043762481,54.59946043762481
8434,c,54.59946043762481,54.59946043762481
8435,c,54.59946043762481,54.59946043762481
8436,t,54.59946043762481,54.59946043762481
8437,t,54.59946043762481,54.59946043762481
8438,c,54.59946043762481,54.59946043762481
8439,c,54.59946043762481,54.59946043762481
8440,c,54.59946043762481,54.59946043762481
8441,t,54.59946043762481,54.59946043762481
8442,t,54.59946043762481,54.59946043762481
8443,t,54.59946043762481,54.59946043762481
8444,c,54.59946043762481,54.59946043762481
8445,c,54.59946043762481,54.59946043762481
8446,t,54.59946043762481,54.59946043762481
8447,c,54.59946043762481,54.59946043762481
8448,c,54.59946043762481,54.59946043762481
8449,c,54.59946043762481,54.59946043762481
8450,t,54.59946043762481,54.59946043762481
8451,t,54.59946043762481,54.59946043762481
8452,c,54.59946043762481,54.59946043762481
8453,t,54.59946043762481,54.59946043762481
8454,c,54.59946043762481,54.59946043762481
8455,c,54.59946043762481,54.59946043762481
8456,c,54.59946043762481,54.59946043762481
8457,c,54.59946043762481,54.59946043762481
8458,c,54.59946043762481,54.59946043762481
8459,c,54.59946043762481,54.59946043762481
8460,c,54.59946043762481,54.59946043762481
8461,c,54.59946043762481,54.59946043762481
8462,c,54.59946043762481,54.59946043762481
8463,c,54.59946043762481,54.59946043762481
8464,c,54.59946043762481,54.59946043762481
8465,c,54.59946043762481,54.59946043762481
8466,c,54.59946043762481,54.59946043762481
8467,c,54.59946043762481,54.59946043762481
8468,c,54.59946043762481,54.59946043762481
8469,t,54.59946043762481,54.59946043762481
8470,c,54.59946043762481,54.59946043762481
8471,t,54.59946043762481,54.59946043762481
8472,c,54.59946043762481,54.59946043762481
8473,c,54.59946043762481,54.59946043762481
8474,c,54.59946043762481,54.59946043762481
8475,c,54.59946043762481,54.59946043762481
8476,c,54.59946043762481,54.59946043762481
8477,c,54.59946043762481,54.59946043762481
8478,c,54.59946043762481,54.59946043762481
8479,t,54.59946043762481,54.59946043762481
8480,c,54.59946043762481,54.59946043762481
8481,c,54.59946043762481,54.59946043762481
8482,c,54.59946043762481,54.59946043762481
8483,c,54.59946043762481,54.59946043762481
8484,t,54.59946043762481,54.59946043762481
8485,t,54.59946043762481,54.59946043762481
8486,c,54.59946043762481,54.59946043762481
8487,c,54.59946043762481,54.59946043762481
8488,c,54.59946043762481,54.59946043762481
8489,c,54.59946043762481,54.59946043762481
8490,t,54.59946043762481,54.59946043762481
8491,c,54.59946043762481,54.59946043762481
8492,c,54.59946043762481,54.59946043762481
8493,na,2.8911785585014145,3.141654765863415
8494,c,54.59946043762481,54.59946043762481
8495,c,54.59946043762481,54.59946043762481
8496,c,54.59946043762481,54.59946043762481
8497,c,54.59946043762481,54.59946043762481
8498,c,54.59946043762481,54.59946043762481
8499,c,54.59946043762481,54.59946043762481
8500,c,54.59946043762481,54.59946043762481
8501,c,54.59946043762481,54.59946043762481
8502,c,54.59946043762481,54.59946043762481
8503,c,54.59946043762481,54.59946043762481
8504,c,54.59946043762481,54.59946043762481
8505,c,54.59946043762481,54.59946043762481
8506,c,54.59946043762481,54.59946043762481
8507,t,54.59946043762481,54.59946043762481
8508,c,54.59946043762481,54.59946043762481
8509,t,54.59946043762481,54.59946043762481
8510,c,54.59946043762481,54.59946043762481
8511,t,54.59946043762481,54.59946043762481
8512,c,54.59946043762481,54.59946043762481
8513,t,54.59946043762481,54.59946043762481
8514,c,54.59946043762481,54.59946043762481
8515,c,54.59946043762481,54.59946043762481
8516,c,54.59946043762481,54.59946043762481
8517,c,54.59946043762481,54.59946043762481
8518,c,54.59946043762481,54.59946043762481
8519,c,54.59946043762481,54.59946043762481
8520,c,54.59946043762481,54.59946043762481
8521,c,54.59946043762481,54.59946043762481
8522,c,54.59946043762481,54.59946043762481
8523,c,54.59946043762481,54.59946043762481
8524,c,54.59946043762481,54.59946043762481
8525,c,54.59946043762481,54.59946043762481
8526,c,54.59946043762481,54.59946043762481
8527,c,5.082086425518281,10.97750716311525
8528,c,54.59946043762481,54.59946043762481
8529,c,54.59946043762481,54.59946043762481
8530,c,54.59946043762481,54.59946043762481
8531,t,54.59946043762481,54.59946043762481
8532,c,54.59946043762481,54.59946043762481
8533,t,54.59946043762481,54.59946043762481
8534,c,54.59946043762481,54.59946043762481
8535,c,54.59946043762481,54.59946043762481
8536,c,54.59946043762481,54.59946043762481
8537,c,54.59946043762481,54.59946043762481
8538,c,54.59946043762481,54.59946043762481
8539,c,54.59946043762481,54.59946043762481
8540,c,54.59946043762481,54.59946043762481
8541,c,54.59946043762481,54.59946043762481
8542,c,54.59946043762481,54.59946043762481
8543,t,54.59946043762481,54.59946043762481
8544,t,54.59946043762481,54.59946043762481
8545,c,54.59946043762481,54.59946043762481
8546,c,54.59946043762481,54.59946043762481
8547,t,54.59946043762481,54.59946043762481
8548,c,54.59946043762481,54.59946043762481
8549,c,12.905541126276121,13.772546653671695
8550,c,54.59946043762481,54.59946043762481
8551,c,54.59946043762481,54.59946043762481
8552,c,54.59946043762481,54.59946043762481
8553,c,54.59946043762481,54.59946043762481
8554,c,54.59946043762481,54.59946043762481
8555,c,54.59946043762481,54.59946043762481
8556,t,54.59946043762481,54.59946043762481
8557,t,54.59946043762481,54.59946043762481
8558,c,54.59946043762481,54.59946043762481
8559,c,54.59946043762481,54.59946043762481
8560,c,54.59946043762481,54.59946043762481
8561,c,54.59946043762481,54.59946043762481
8562,c,54.59946043762481,54.59946043762481
8563,c,54.59946043762481,54.59946043762481
8564,c,54.59946043762481,54.59946043762481
8565,c,54.59946043762481,54.59946043762481
8566,c,54.59946043762481,54.59946043762481
8567,t,54.59946043762481,54.59946043762481
8568,c,54.59946043762481,54.59946043762481
8569,c,54.59946043762481,54.59946043762481
8570,c,54.59946043762481,54.59946043762481
8571,t,54.59946043762481,54.59946043762481
8572,c,54.59946043762481,54.59946043762481
8573,c,54.59946043762481,54.59946043762481
8574,c,54.59946043762481,54.59946043762481
8575,c,54.59946043762481,54.59946043762481
8576,c,54.59946043762481,54.59946043762481
8577,c,54.59946043762481,54.59946043762481
8578,c,54.59946043762481,54.59946043762481
8579,c,54.59946043762481,54.59946043762481
8580,c,54.59946043762481,54.59946043762481
8581,c,54.59946043762481,54.59946043762481
8582,c,54.59946043762481,54.59946043762481
8583,c,54.59946043762481,54.59946043762481
8584,c,54.59946043762481,54.59946043762481
8585,c,54.59946043762481,54.59946043762481
8586,t,54.59946043762481,54.59946043762481
8587,c,54.59946043762481,54.59946043762481
8588,c,54.59946043762481,54.59946043762481
8589,c,54.59946043762481,54.59946043762481
8590,c,54.59946043762481,54.59946043762481
8591,t,54.59946043762481,54.59946043762481
8592,c,54.59946043762481,54.59946043762481
8593,c,54.59946043762481,54.59946043762481
8594,t,54.59946043762481,54.59946043762481
8595,c,54.59946043762481,54.59946043762481
8596,c,54.59946043762481,54.59946043762481
8597,c,54.59946043762481,54.59946043762481
8598,c,54.59946043762481,54.59946043762481
8599,c,54.59946043762481,54.59946043762481
8600,c,54.59946043762481,54.59946043762481
8601,c,54.59946043762481,54.59946043762481
8602,c,54.59946043762481,54.59946043762481
8603,c,54.59946043762481,54.59946043762481
8604,c,54.59946043762481,54.59946043762481
8605,t,54.59946043762481,54.59946043762481
8606,c,54.59946043762481,54.59946043762481
8607,c,54.59946043762481,54.59946043762481
8608,c,54.59946043762481,54.59946043762481
8609,t,54.59946043762481,54.59946043762481
8610,c,54.59946043762481,54.59946043762481
8611,c,54.59946043762481,54.59946043762481
8612,t,54.59946043762481,54.59946043762481
8613,c,54.59946043762481,54.59946043762481
8614,c,54.59946043762481,54.59946043762481
8615,t,54.59946043762481,54.59946043762481
8616,c,54.59946043762481,54.59946043762481
8617,c,54.59946043762481,54.59946043762481
8618,c,54.59946043762481,54.59946043762481
8619,c,54.59946043762481,54.59946043762481
8620,c,54.59946043762481,54.59946043762481
8621,c,54.59946043762481,54.59946043762481
8622,c,54.59946043762481,54.59946043762481
8623,c,54.59946043762481,54.59946043762481
8624,c,54.59946043762481,54.59946043762481
8625,c,54.59946043762481,54.59946043762481
8626,c,54.59946043762481,54.59946043762481
8627,c,54.59946043762481,54.59946043762481
8628,c,54.59946043762481,54.59946043762481
8629,c,54.59946043762481,54.59946043762481
8630,c,54.59946043762481,54.59946043762481
8631,t,54.59946043762481,54.59946043762481
8632,c,54.59946043762481,54.59946043762481
8633,c,54.59946043762481,54.59946043762481
8634,c,54.59946043762481,54.59946043762481
8635,c,54.59946043762481,54.59946043762481
8636,c,54.59946043762481,54.59946043762481
8637,c,54.59946043762481,54.59946043762481
8638,c,54.59946043762481,54.59946043762481
8639,c,54.59946043762481,54.59946043762481
8640,t,54.59946043762481,54.59946043762481
8641,c,54.59946043762481,54.59946043762481
8642,c,54.59946043762481,54.59946043762481
8643,c,54.59946043762481,54.59946043762481
8644,c,54.59946043762481,54.59946043762481
8645,t,54.59946043762481,54.59946043762481
8646,c,54.59946043762481,54.59946043762481
8647,c,54.59946043762481,54.59946043762481
8648,c,54.59946043762481,54.59946043762481
8649,c,54.59946043762481,54.59946043762481
8650,t,54.59946043762481,54.59946043762481
8651,c,54.59946043762481,54.59946043762481
8652,c,54.59946043762481,54.59946043762481
8653,c,54.59946043762481,54.59946043762481
8654,c,54.59946043762481,54.59946043762481
8655,c,54.59946043762481,54.59946043762481
8656,c,54.59946043762481,54.59946043762481
8657,c,54.59946043762481,54.59946043762481
8658,t,54.59946043762481,54.59946043762481
8659,c,54.59946043762481,54.59946043762481
8660,c,54.59946043762481,54.59946043762481
8661,c,54.59946043762481,54.59946043762481
8662,t,54.59946043762481,54.59946043762481
8663,c,54.59946043762481,54.59946043762481
8664,c,23.146164845165735,31.856331743207694
8665,t,54.59946043762481,54.59946043762481
8666,c,54.59946043762481,54.59946043762481
8667,t,54.59946043762481,54.59946043762481
8668,c,54.59946043762481,54.59946043762481
8669,c,54.59946043762481,54.59946043762481
8670,c,54.59946043762481,54.59946043762481
8671,c,54.59946043762481,54.59946043762481
8672,t,54.59946043762481,54.59946043762481
8673,c,54.59946043762481,54.59946043762481
8674,c,54.59946043762481,54.59946043762481
8675,na,3.6554631359163636,9.710056281507832
8676,c,54.59946043762481,54.59946043762481
8677,t,54.59946043762481,54.59946043762481
8678,c,54.59946043762481,54.59946043762481
8679,na,1.147029227713456,12.912272851464472
8680,c,54.59946043762481,54.59946043762481
8681,c,54.59946043762481,54.59946043762481
8682,c,54.59946043762481,54.59946043762481
8683,c,54.59946043762481,54.59946043762481
8684,c,54.59946043762481,54.59946043762481
8685,c,54.59946043762481,54.59946043762481
8686,c,54.59946043762481,54.59946043762481
8687,c,54.59946043762481,54.59946043762481
8688,t,54.59946043762481,54.59946043762481
8689,t,54.59946043762481,54.59946043762481
8690,c,54.59946043762481,54.59946043762481
8691,c,54.59946043762481,54.59946043762481
8692,c,54.59946043762481,54.59946043762481
8693,c,54.59946043762481,54.59946043762481
8694,c,54.59946043762481,54.59946043762481
8695,c,54.59946043762481,54.59946043762481
8696,c,54.59946043762481,54.59946043762481
8697,c,54.59946043762481,54.59946043762481
8698,c,54.59946043762481,54.59946043762481
8699,t,54.59946043762481,54.59946043762481
8700,c,54.59946043762481,54.59946043762481
8701,c,54.59946043762481,54.59946043762481
8702,c,54.59946043762481,54.59946043762481
8703,t,54.59946043762481,54.59946043762481
8704,c,54.59946043762481,54.59946043762481
8705,c,54.59946043762481,54.59946043762481
8706,c,54.59946043762481,54.59946043762481
8707,c,54.59946043762481,54.59946043762481
8708,c,54.59946043762481,54.59946043762481
8709,t,54.59946043762481,54.59946043762481
8710,c,54.59946043762481,54.59946043762481
8711,t,54.59946043762481,54.59946043762481
8712,c,54.59946043762481,54.59946043762481
8713,c,54.59946043762481,54.59946043762481
8714,c,54.59946043762481,54.59946043762481
8715,t,54.59946043762481,54.59946043762481
8716,c,54.59946043762481,54.59946043762481
8717,t,54.59946043762481,54.59946043762481
8718,t,54.59946043762481,54.59946043762481
8719,t,54.59946043762481,54.59946043762481
8720,c,54.59946043762481,54.59946043762481
8721,c,54.59946043762481,54.59946043762481
8722,c,54.59946043762481,54.59946043762481
8723,t,54.59946043762481,54.59946043762481
8724,c,54.59946043762481,54.59946043762481
8725,c,54.59946043762481,54.59946043762481
8726,t,54.59946043762481,54.59946043762481
8727,c,54.59946043762481,54.59946043762481
8728,t,54.59946043762481,54.59946043762481
8729,c,54.59946043762481,54.59946043762481
8730,c,54.59946043762481,54.59946043762481
8731,t,54.59946043762481,54.59946043762481
8732,c,54.59946043762481,54.59946043762481
8733,c,54.59946043762481,54.59946043762481
8734,c,54.59946043762481,54.59946043762481
8735,c,54.59946043762481,54.59946043762481
8736,c,54.59946043762481,54.59946043762481
8737,c,54.59946043762481,54.59946043762481
8738,c,54.59946043762481,54.59946043762481
8739,c,54.59946043762481,54.59946043762481
8740,c,54.59946043762481,54.59946043762481
8741,c,54.59946043762481,54.59946043762481
8742,c,54.59946043762481,54.59946043762481
8743,t,54.59946043762481,54.59946043762481
8744,c,54.59946043762481,54.59946043762481
8745,c,54.59946043762481,54.59946043762481
8746,c,54.59946043762481,54.59946043762481
8747,t,54.59946043762481,54.59946043762481
8748,c,54.59946043762481,54.59946043762481
8749,c,54.59946043762481,54.59946043762481
8750,c,54.59946043762481,54.59946043762481
8751,c,54.59946043762481,54.59946043762481
8752,t,54.59946043762481,54.59946043762481
8753,c,54.59946043762481,54.59946043762481
8754,c,54.59946043762481,54.59946043762481
8755,c,54.59946043762481,54.59946043762481
8756,c,54.59946043762481,54.59946043762481
8757,c,54.59946043762481,54.59946043762481
8758,c,54.59946043762481,54.59946043762481
8759,t,54.59946043762481,54.59946043762481
8760,c,54.59946043762481,54.59946043762481
8761,t,54.59946043762481,54.59946043762481
8762,c,54.59946043762481,54.59946043762481
8763,c,54.59946043762481,54.59946043762481
8764,t,54.59946043762481,54.59946043762481
8765,c,54.59946043762481,54.59946043762481
8766,c,54.59946043762481,54.59946043762481
8767,c,54.59946043762481,54.59946043762481
8768,c,54.59946043762481,54.59946043762481
8769,c,54.59946043762481,54.59946043762481
8770,t,54.59946043762481,54.59946043762481
8771,c,54.59946043762481,54.59946043762481
8772,t,54.59946043762481,54.59946043762481
8773,t,54.59946043762481,54.59946043762481
8774,c,54.59946043762481,54.59946043762481
8775,t,54.59946043762481,54.59946043762481
8776,t,54.59946043762481,54.59946043762481
8777,c,54.59946043762481,54.59946043762481
8778,c,54.59946043762481,54.59946043762481
8779,c,54.59946043762481,54.59946043762481
8780,t,54.59946043762481,54.59946043762481
8781,c,54.59946043762481,54.59946043762481
8782,c,54.59946043762481,54.59946043762481
8783,c,54.59946043762481,54.59946043762481
8784,c,54.59946043762481,54.59946043762481
8785,t,54.59946043762481,54.59946043762481
8786,c,54.59946043762481,54.59946043762481
8787,c,54.59946043762481,54.59946043762481
8788,c,54.59946043762481,54.59946043762481
8789,c,54.59946043762481,54.59946043762481
8790,c,54.59946043762481,54.59946043762481
8791,c,54.59946043762481,54.59946043762481
8792,t,54.59946043762481,54.59946043762481
8793,c,54.59946043762481,54.59946043762481
8794,c,54.59946043762481,54.59946043762481
8795,c,54.59946043762481,54.59946043762481
8796,t,54.59946043762481,54.59946043762481
8797,c,54.59946043762481,54.59946043762481
8798,c,54.59946043762481,54.59946043762481
8799,c,54.59946043762481,54.59946043762481
8800,c,54.59946043762481,54.59946043762481
8801,t,54.59946043762481,54.59946043762481
8802,t,54.59946043762481,54.59946043762481
8803,t,54.59946043762481,54.59946043762481
8804,na,0,11.7612065188651
8805,t,54.59946043762481,54.59946043762481
8806,t,54.59946043762481,54.59946043762481
8807,t,54.59946043762481,54.59946043762481
8808,c,54.59946043762481,54.59946043762481
8809,c,54.59946043762481,54.59946043762481
8810,c,54.59946043762481,54.59946043762481
8811,c,54.59946043762481,54.59946043762481
8812,t,54.59946043762481,54.59946043762481
8813,c,54.59946043762481,54.59946043762481
8814,c,54.59946043762481,54.59946043762481
8815,c,54.59946043762481,54.59946043762481
8816,c,54.59946043762481,54.59946043762481
8817,c,54.59946043762481,54.59946043762481
8818,c,54.59946043762481,54.59946043762481
8819,c,54.59946043762481,54.59946043762481
8820,c,54.59946043762481,54.59946043762481
8821,c,54.59946043762481,54.59946043762481
8822,c,54.59946043762481,54.59946043762481
8823,c,54.59946043762481,54.59946043762481
8824,c,54.59946043762481,54.59946043762481
8825,t,54.59946043762481,54.59946043762481
8826,t,54.59946043762481,54.59946043762481
8827,c,54.59946043762481,54.59946043762481
8828,c,54.59946043762481,54.59946043762481
8829,c,54.59946043762481,54.59946043762481
8830,c,54.59946043762481,54.59946043762481
8831,t,54.59946043762481,54.59946043762481
8832,c,54.59946043762481,54.59946043762481
8833,t,54.59946043762481,54.59946043762481
8834,c,54.59946043762481,54.59946043762481
8835,c,54.59946043762481,54.59946043762481
8836,c,54.59946043762481,54.59946043762481
8837,c,54.59946043762481,54.59946043762481
8838,c,54.59946043762481,54.59946043762481
8839,c,54.59946043762481,54.59946043762481
8840,c,54.59946043762481,54.59946043762481
8841,c,54.59946043762481,54.59946043762481
8842,c,54.59946043762481,54.59946043762481
8843,c,54.59946043762481,54.59946043762481
8844,t,54.59946043762481,54.59946043762481
8845,c,54.59946043762481,54.59946043762481
8846,t,54.59946043762481,54.59946043762481
8847,t,54.59946043762481,54.59946043762481
8848,c,54.59946043762481,54.59946043762481
8849,c,54.59946043762481,54.59946043762481
8850,c,54.59946043762481,54.59946043762481
8851,c,54.59946043762481,54.59946043762481
8852,c,54.59946043762481,54.59946043762481
8853,c,54.59946043762481,54.59946043762481
8854,c,54.59946043762481,54.59946043762481
8855,c,54.59946043762481,54.59946043762481
8856,t,54.59946043762481,54.59946043762481
8857,c,54.59946043762481,54.59946043762481
8858,t,54.59946043762481,54.59946043762481
8859,c,54.59946043762481,54.59946043762481
8860,c,54.59946043762481,54.59946043762481
8861,t,54.59946043762481,54.59946043762481
8862,c,54.59946043762481,54.59946043762481
8863,t,54.59946043762481,54.59946043762481
8864,c,54.59946043762481,54.59946043762481
8865,t,54.59946043762481,54.59946043762481
8866,c,54.59946043762481,54.59946043762481
8867,c,54.59946043762481,54.59946043762481
8868,c,54.59946043762481,54.59946043762481
8869,c,54.59946043762481,54.59946043762481
8870,c,54.59946043762481,54.59946043762481
8871,c,54.59946043762481,54.59946043762481
8872,c,54.59946043762481,54.59946043762481
8873,c,54.59946043762481,54.59946043762481
8874,c,54.59946043762481,54.59946043762481
8875,c,54.59946043762481,54.59946043762481
8876,t,54.59946043762481,54.59946043762481
8877,c,54.59946043762481,54.59946043762481
8878,t,54.59946043762481,54.59946043762481
8879,c,54.59946043762481,54.59946043762481
8880,c,54.59946043762481,54.59946043762481
8881,c,54.59946043762481,54.59946043762481
8882,c,54.59946043762481,54.59946043762481
8883,c,54.59946043762481,54.59946043762481
8884,c,54.59946043762481,54.59946043762481
8885,t,54.59946043762481,54.59946043762481
8886,c,54.59946043762481,54.59946043762481
8887,c,54.59946043762481,54.59946043762481
8888,c,54.59946043762481,54.59946043762481
8889,t,54.59946043762481,54.59946043762481
8890,c,54.59946043762481,54.59946043762481
8891,c,54.59946043762481,54.59946043762481
8892,c,54.59946043762481,54.59946043762481
8893,c,54.59946043762481,54.59946043762481
8894,t,54.59946043762481,54.59946043762481
8895,c,54.59946043762481,54.59946043762481
8896,c,54.59946043762481,54.59946043762481
8897,t,54.59946043762481,54.59946043762481
8898,t,54.59946043762481,54.59946043762481
8899,t,54.59946043762481,54.59946043762481
8900,c,54.59946043762481,54.59946043762481
8901,c,54.59946043762481,54.59946043762481
8902,c,54.59946043762481,54.59946043762481
8903,c,54.59946043762481,54.59946043762481
8904,t,54.59946043762481,54.59946043762481
8905,c,54.59946043762481,54.59946043762481
8906,c,54.59946043762481,54.59946043762481
8907,t,54.59946043762481,54.59946043762481
8908,t,54.59946043762481,54.59946043762481
8909,c,54.59946043762481,54.59946043762481
8910,na,-1,0
8911,c,54.59946043762481,54.59946043762481
8912,c,54.59946043762481,54.59946043762481
8913,c,54.59946043762481,54.59946043762481
8914,c,54.59946043762481,54.59946043762481
8915,t,54.59946043762481,54.59946043762481
8916,c,54.59946043762481,54.59946043762481
8917,c,54.59946043762481,54.59946043762481
8918,t,54.59946043762481,54.59946043762481
8919,c,54.59946043762481,54.59946043762481
8920,t,54.59946043762481,54.59946043762481
8921,t,54.59946043762481,54.59946043762481
8922,t,54.59946043762481,54.59946043762481
8923,c,54.59946043762481,54.59946043762481
8924,c,54.59946043762481,54.59946043762481
8925,t,54.59946043762481,54.59946043762481
8926,c,54.59946043762481,54.59946043762481
8927,t,54.59946043762481,54.59946043762481
8928,c,54.59946043762481,54.59946043762481
8929,t,54.59946043762481,54.59946043762481
8930,c,54.59946043762481,54.59946043762481
8931,c,54.59946043762481,54.59946043762481
8932,c,54.59946043762481,54.59946043762481
8933,t,54.59946043762481,54.59946043762481
8934,c,54.59946043762481,54.59946043762481
8935,c,54.59946043762481,54.59946043762481
8936,c,54.59946043762481,54.59946043762481
8937,c,54.59946043762481,54.59946043762481
8938,c,54.59946043762481,54.59946043762481
8939,c,54.59946043762481,54.59946043762481
8940,c,54.59946043762481,54.59946043762481
8941,c,54.59946043762481,54.59946043762481
8942,c,54.59946043762481,54.59946043762481
8943,c,54.59946043762481,54.59946043762481
8944,c,54.59946043762481,54.59946043762481
8945,c,54.59946043762481,54.59946043762481
8946,c,54.59946043762481,54.59946043762481
8947,c,54.59946043762481,54.59946043762481
8948,t,54.59946043762481,54.59946043762481
8949,t,54.59946043762481,54.59946043762481
8950,c,54.59946043762481,54.59946043762481
8951,t,54.59946043762481,54.59946043762481
8952,c,54.59946043762481,54.59946043762481
8953,c,54.59946043762481,54.59946043762481
8954,t,54.59946043762481,54.59946043762481
8955,t,54.59946043762481,54.59946043762481
8956,c,54.59946043762481,54.59946043762481
8957,c,54.59946043762481,54.59946043762481
8958,c,54.59946043762481,54.59946043762481
8959,t,54.59946043762481,54.59946043762481
8960,c,54.59946043762481,54.59946043762481
8961,c,54.59946043762481,54.59946043762481
8962,c,54.59946043762481,54.59946043762481
8963,c,54.59946043762481,54.59946043762481
8964,c,54.59946043762481,54.59946043762481
8965,c,54.59946043762481,54.59946043762481
8966,t,54.59946043762481,54.59946043762481
8967,c,54.59946043762481,54.59946043762481
8968,c,54.59946043762481,54.59946043762481
8969,na,5.259066780221327,13.889481064644686
8970,c,54.59946043762481,54.59946043762481
8971,c,54.59946043762481,54.59946043762481
8972,c,54.59946043762481,54.59946043762481
8973,c,54.59946043762481,54.59946043762481
8974,c,54.59946043762481,54.59946043762481
8975,c,54.59946043762481,54.59946043762481
8976,c,54.59946043762481,54.59946043762481
8977,t,54.59946043762481,54.59946043762481
8978,c,54.59946043762481,54.59946043762481
8979,c,54.59946043762481,54.59946043762481
8980,c,54.59946043762481,54.59946043762481
8981,c,54.59946043762481,54.59946043762481
8982,c,54.59946043762481,54.59946043762481
8983,c,54.59946043762481,54.59946043762481
8984,c,54.59946043762481,54.59946043762481
8985,t,54.59946043762481,54.59946043762481
8986,c,54.59946043762481,54.59946043762481
8987,c,54.59946043762481,54.59946043762481
8988,c,54.59946043762481,54.59946043762481
8989,c,54.59946043762481,54.59946043762481
8990,c,54.59946043762481,54.59946043762481
8991,c,54.59946043762481,54.59946043762481
8992,c,54.59946043762481,54.59946043762481
8993,c,54.59946043762481,54.59946043762481
8994,c,54.59946043762481,54.59946043762481
8995,c,54.59946043762481,54.59946043762481
8996,c,54.59946043762481,54.59946043762481
8997,c,54.59946043762481,54.59946043762481
8998,c,54.59946043762481,54.59946043762481
8999,c,54.59946043762481,54.59946043762481
9000,c,54.59946043762481,54.59946043762481
9001,c,54.59946043762481,54.59946043762481
9002,c,3.5085888252991553,6.334764686035159
9003,c,54.59946043762481,54.59946043762481
9004,c,54.59946043762481,54.59946043762481
9005,t,54.59946043762481,54.59946043762481
9006,t,54.59946043762481,54.59946043762481
9007,c,54.59946043762481,54.59946043762481
9008,c,54.59946043762481,54.59946043762481
9009,c,54.59946043762481,54.59946043762481
9010,c,54.59946043762481,54.59946043762481
9011,c,54.59946043762481,54.59946043762481
9012,c,54.59946043762481,54.59946043762481
9013,c,54.59946043762481,54.59946043762481
9014,c,54.59946043762481,54.59946043762481
9015,c,54.59946043762481,54.59946043762481
9016,c,54.59946043762481,54.59946043762481
9017,c,54.59946043762481,54.59946043762481
9018,c,9.783861307748333,17.25369561186289
9019,c,54.59946043762481,54.59946043762481
9020,c,54.59946043762481,54.59946043762481
9021,c,54.59946043762481,54.59946043762481
9022,t,54.59946043762481,54.59946043762481
9023,c,54.59946043762481,54.59946043762481
9024,c,54.59946043762481,54.59946043762481
9025,c,54.59946043762481,54.59946043762481
9026,c,54.59946043762481,54.59946043762481
9027,t,54.59946043762481,54.59946043762481
9028,t,54.59946043762481,54.59946043762481
9029,t,54.59946043762481,54.59946043762481
9030,c,54.59946043762481,54.59946043762481
9031,c,54.59946043762481,54.59946043762481
9032,c,54.59946043762481,54.59946043762481
9033,t,54.59946043762481,54.59946043762481
9034,c,54.59946043762481,54.59946043762481
9035,t,54.59946043762481,54.59946043762481
9036,t,54.59946043762481,54.59946043762481
9037,c,54.59946043762481,54.59946043762481
9038,t,54.59946043762481,54.59946043762481
9039,c,54.59946043762481,54.59946043762481
9040,t,54.59946043762481,54.59946043762481
9041,c,54.59946043762481,54.59946043762481
9042,c,54.59946043762481,54.59946043762481
9043,t,54.59946043762481,54.59946043762481
9044,c,54.59946043762481,54.59946043762481
9045,c,54.59946043762481,54.59946043762481
9046,c,54.59946043762481,54.59946043762481
9047,t,54.59946043762481,54.59946043762481
9048,t,54.59946043762481,54.59946043762481
9049,c,54.59946043762481,54.59946043762481
9050,t,54.59946043762481,54.59946043762481
9051,c,54.59946043762481,54.59946043762481
9052,c,54.59946043762481,54.59946043762481
9053,na,0,2.7675611705565992
9054,c,54.59946043762481,54.59946043762481
9055,c,54.59946043762481,54.59946043762481
9056,t,54.59946043762481,54.59946043762481
9057,t,54.59946043762481,54.59946043762481
9058,c,54.59946043762481,54.59946043762481
9059,t,54.59946043762481,54.59946043762481
9060,t,54.59946043762481,54.59946043762481
9061,c,54.59946043762481,54.59946043762481
9062,c,13.728063563090021,13.777426819636393
9063,c,54.59946043762481,54.59946043762481
9064,c,54.59946043762481,54.59946043762481
9065,c,54.59946043762481,54.59946043762481
9066,c,54.59946043762481,54.59946043762481
9067,t,54.59946043762481,54.59946043762481
9068,t,54.59946043762481,54.59946043762481
9069,c,54.59946043762481,54.59946043762481
9070,c,54.59946043762481,54.59946043762481
9071,c,54.59946043762481,54.59946043762481
9072,t,54.59946043762481,54.59946043762481
9073,c,54.59946043762481,54.59946043762481
9074,c,54.59946043762481,54.59946043762481
9075,c,54.59946043762481,54.59946043762481
9076,c,54.59946043762481,54.59946043762481
9077,c,54.59946043762481,54.59946043762481
9078,c,54.59946043762481,54.59946043762481
9079,t,54.59946043762481,54.59946043762481
9080,c,54.59946043762481,54.59946043762481
9081,c,54.59946043762481,54.59946043762481
9082,t,54.59946043762481,54.59946043762481
9083,na,5.185542324625719,18.812477261670423
9084,c,54.59946043762481,54.59946043762481
9085,c,54.59946043762481,54.59946043762481
9086,c,54.59946043762481,54.59946043762481
9087,c,54.59946043762481,54.59946043762481
9088,t,54.59946043762481,54.59946043762481
9089,c,54.59946043762481,54.59946043762481
9090,c,54.59946043762481,54.59946043762481
9091,c,54.59946043762481,54.59946043762481
9092,c,54.59946043762481,54.59946043762481
9093,c,54.59946043762481,54.59946043762481
9094,t,54.59946043762481,54.59946043762481
9095,c,54.59946043762481,54.59946043762481
9096,c,54.59946043762481,54.59946043762481
9097,c,54.59946043762481,54.59946043762481
9098,c,54.59946043762481,54.59946043762481
9099,c,4.539418652047007,8.853971660190883
9100,t,54.59946043762481,54.59946043762481
9101,c,54.59946043762481,54.59946043762481
9102,c,54.59946043762481,54.59946043762481
9103,c,54.59946043762481,54.59946043762481
9104,c,54.59946043762481,54.59946043762481
9105,c,54.59946043762481,54.59946043762481
9106,t,54.59946043762481,54.59946043762481
9107,t,54.59946043762481,54.59946043762481
9108,c,54.59946043762481,54.59946043762481
9109,t,54.59946043762481,54.59946043762481
9110,c,54.59946043762481,54.59946043762481
9111,t,54.59946043762481,54.59946043762481
9112,c,54.59946043762481,54.59946043762481
9113,c,54.59946043762481,54.59946043762481
9114,c,54.59946043762481,54.59946043762481
9115,c,54.59946043762481,54.59946043762481
9116,t,54.59946043762481,54.59946043762481
9117,t,54.59946043762481,54.59946043762481
9118,c,54.59946043762481,54.59946043762481
9119,c,54.59946043762481,54.59946043762481
9120,c,54.59946043762481,54.59946043762481
9121,c,54.59946043762481,54.59946043762481
9122,c,54.59946043762481,54.59946043762481
9123,c,54.59946043762481,54.59946043762481
9124,c,54.59946043762481,54.59946043762481
9125,c,54.59946043762481,54.59946043762481
9126,t,54.59946043762481,54.59946043762481
9127,t,54.59946043762481,54.59946043762481
9128,t,54.59946043762481,54.59946043762481
9129,c,54.59946043762481,54.59946043762481
9130,c,54.59946043762481,54.59946043762481
9131,t,54.59946043762481,54.59946043762481
9132,c,54.59946043762481,54.59946043762481
9133,t,54.59946043762481,54.59946043762481
9134,c,54.59946043762481,54.59946043762481
9135,c,54.59946043762481,54.59946043762481
9136,c,54.59946043762481,54.59946043762481
9137,t,54.59946043762481,54.59946043762481
9138,t,54.59946043762481,54.59946043762481
9139,c,54.59946043762481,54.59946043762481
9140,c,54.59946043762481,54.59946043762481
9141,t,54.59946043762481,54.59946043762481
9142,t,54.59946043762481,54.59946043762481
9143,c,54.59946043762481,54.59946043762481
9144,c,54.59946043762481,54.59946043762481
9145,c,54.59946043762481,54.59946043762481
9146,c,54.59946043762481,54.59946043762481
9147,c,54.59946043762481,54.59946043762481
9148,c,54.59946043762481,54.59946043762481
9149,c,54.59946043762481,54.59946043762481
9150,c,54.59946043762481,54.59946043762481
9151,t,54.59946043762481,54.59946043762481
9152,c,54.59946043762481,54.59946043762481
9153,t,54.59946043762481,54.59946043762481
9154,c,54.59946043762481,54.59946043762481
9155,c,54.59946043762481,54.59946043762481
9156,c,54.59946043762481,54.59946043762481
9157,c,54.59946043762481,54.59946043762481
9158,c,54.59946043762481,54.59946043762481
9159,c,54.59946043762481,54.59946043762481
9160,t,54.59946043762481,54.59946043762481
9161,c,54.59946043762481,54.59946043762481
9162,t,54.59946043762481,54.59946043762481
9163,c,54.59946043762481,54.59946043762481
9164,c,54.59946043762481,54.59946043762481
9165,c,54.59946043762481,54.59946043762481
9166,t,54.59946043762481,54.59946043762481
9167,c,54.59946043762481,54.59946043762481
9168,c,54.59946043762481,54.59946043762481
9169,c,54.59946043762481,54.59946043762481
9170,c,54.59946043762481,54.59946043762481
9171,c,54.59946043762481,54.59946043762481
9172,c,54.59946043762481,54.59946043762481
9173,c,54.59946043762481,54.59946043762481
9174,c,54.59946043762481,54.59946043762481
9175,t,54.59946043762481,54.59946043762481
9176,c,54.59946043762481,54.59946043762481
9177,c,54.59946043762481,54.59946043762481
9178,c,54.59946043762481,54.59946043762481
9179,c,54.59946043762481,54.59946043762481
9180,c,54.59946043762481,54.59946043762481
9181,c,54.59946043762481,54.59946043762481
9182,c,54.59946043762481,54.59946043762481
9183,c,54.59946043762481,54.59946043762481
9184,c,54.59946043762481,54.59946043762481
9185,c,2.5623617734891946,54.59946043762481
9186,t,54.59946043762481,54.59946043762481
9187,c,54.59946043762481,54.59946043762481
9188,c,54.59946043762481,54.59946043762481
9189,c,54.59946043762481,54.59946043762481
9190,t,54.59946043762481,54.59946043762481
9191,c,54.59946043762481,54.59946043762481
9192,c,54.59946043762481,54.59946043762481
9193,c,54.59946043762481,54.59946043762481
9194,c,54.59946043762481,54.59946043762481
9195,t,54.59946043762481,54.59946043762481
9196,c,54.59946043762481,54.59946043762481
9197,c,54.59946043762481,54.59946043762481
9198,c,54.59946043762481,54.59946043762481
9199,t,54.59946043762481,54.59946043762481
9200,c,54.59946043762481,54.59946043762481
9201,c,54.59946043762481,54.59946043762481
9202,c,54.59946043762481,54.59946043762481
9203,c,54.59946043762481,54.59946043762481
9204,c,54.59946043762481,54.59946043762481
9205,c,25.919736154912943,31.263064027504235
9206,c,54.59946043762481,54.59946043762481
9207,c,54.59946043762481,54.59946043762481
9208,c,54.59946043762481,54.59946043762481
9209,t,54.59946043762481,54.59946043762481
9210,c,54.59946043762481,54.59946043762481
9211,t,54.59946043762481,54.59946043762481
9212,c,54.59946043762481,54.59946043762481
9213,c,54.59946043762481,54.59946043762481
9214,c,54.59946043762481,54.59946043762481
9215,c,54.59946043762481,54.59946043762481
9216,c,54.59946043762481,54.59946043762481
9217,t,54.59946043762481,54.59946043762481
9218,c,54.59946043762481,54.59946043762481
9219,c,54.59946043762481,54.59946043762481
9220,c,54.59946043762481,54.59946043762481
9221,c,54.59946043762481,54.59946043762481
9222,c,54.59946043762481,54.59946043762481
9223,t,54.59946043762481,54.59946043762481
9224,c,54.59946043762481,54.59946043762481
9225,c,54.59946043762481,54.59946043762481
9226,c,54.59946043762481,54.59946043762481
9227,t,54.59946043762481,54.59946043762481
9228,c,54.59946043762481,54.59946043762481
9229,c,54.59946043762481,54.59946043762481
9230,t,54.59946043762481,54.59946043762481
9231,t,54.59946043762481,54.59946043762481
9232,c,54.59946043762481,54.59946043762481
9233,c,54.59946043762481,54.59946043762481
9234,c,54.59946043762481,54.59946043762481
9235,c,54.59946043762481,54.59946043762481
9236,c,54.59946043762481,54.59946043762481
9237,t,54.59946043762481,54.59946043762481
9238,c,54.59946043762481,54.59946043762481
9239,c,54.59946043762481,54.59946043762481
9240,c,54.59946043762481,54.59946043762481
9241,c,54.59946043762481,54.59946043762481
9242,c,54.59946043762481,54.59946043762481
9243,t,54.59946043762481,54.59946043762481
9244,c,54.59946043762481,54.59946043762481
9245,c,54.59946043762481,54.59946043762481
9246,c,54.59946043762481,54.59946043762481
9247,c,54.59946043762481,54.59946043762481
9248,c,54.59946043762481,54.59946043762481
9249,c,54.59946043762481,54.59946043762481
9250,c,54.59946043762481,54.59946043762481
9251,c,54.59946043762481,54.59946043762481
9252,c,54.59946043762481,54.59946043762481
9253,c,54.59946043762481,54.59946043762481
9254,t,54.59946043762481,54.59946043762481
9255,t,54.59946043762481,54.59946043762481
9256,c,54.59946043762481,54.59946043762481
9257,t,54.59946043762481,54.59946043762481
9258,c,54.59946043762481,54.59946043762481
9259,t,54.59946043762481,54.59946043762481
9260,t,54.59946043762481,54.59946043762481
9261,t,54.59946043762481,54.59946043762481
9262,t,54.59946043762481,54.59946043762481
9263,c,54.59946043762481,54.59946043762481
9264,c,54.59946043762481,54.59946043762481
9265,c,54.59946043762481,54.59946043762481
9266,t,54.59946043762481,54.59946043762481
9267,c,54.59946043762481,54.59946043762481
9268,c,54.59946043762481,54.59946043762481
9269,c,54.59946043762481,54.59946043762481
9270,c,54.59946043762481,54.59946043762481
9271,t,54.59946043762481,54.59946043762481
9272,c,54.59946043762481,54.59946043762481
9273,c,54.59946043762481,54.59946043762481
9274,c,54.59946043762481,54.59946043762481
9275,c,54.59946043762481,54.59946043762481
9276,c,54.59946043762481,54.59946043762481
9277,c,54.59946043762481,54.59946043762481
9278,c,54.59946043762481,54.59946043762481
9279,c,54.59946043762481,54.59946043762481
9280,c,54.59946043762481,54.59946043762481
9281,t,54.59946043762481,54.59946043762481
9282,c,54.59946043762481,54.59946043762481
9283,c,54.59946043762481,54.59946043762481
9284,c,54.59946043762481,54.59946043762481
9285,c,54.59946043762481,54.59946043762481
9286,c,54.59946043762481,54.59946043762481
9287,c,54.59946043762481,54.59946043762481
9288,c,54.59946043762481,54.59946043762481
9289,c,54.59946043762481,54.59946043762481
9290,t,54.59946043762481,54.59946043762481
9291,c,54.59946043762481,54.59946043762481
9292,c,54.59946043762481,54.59946043762481
9293,t,54.59946043762481,54.59946043762481
9294,c,54.59946043762481,54.59946043762481
9295,t,54.59946043762481,54.59946043762481
9296,t,54.59946043762481,54.59946043762481
9297,c,54.59946043762481,54.59946043762481
9298,c,54.59946043762481,54.59946043762481
9299,c,54.59946043762481,54.59946043762481
9300,c,54.59946043762481,54.59946043762481
9301,c,54.59946043762481,54.59946043762481
9302,c,54.59946043762481,54.59946043762481
9303,t,54.59946043762481,54.59946043762481
9304,c,3.7173125332936454,6.724109205849913
9305,c,54.59946043762481,54.59946043762481
9306,c,54.59946043762481,54.59946043762481
9307,c,54.59946043762481,54.59946043762481
9308,c,54.59946043762481,54.59946043762481
9309,c,54.59946043762481,54.59946043762481
9310,na,-1,0
9311,c,54.59946043762481,54.59946043762481
9312,c,54.59946043762481,54.59946043762481
9313,c,54.59946043762481,54.59946043762481
9314,c,54.59946043762481,54.59946043762481
9315,c,54.59946043762481,54.59946043762481
9316,c,54.59946043762481,54.59946043762481
9317,c,54.59946043762481,54.59946043762481
9318,c,54.59946043762481,54.59946043762481
9319,c,54.59946043762481,54.59946043762481
9320,c,54.59946043762481,54.59946043762481
9321,t,54.59946043762481,54.59946043762481
9322,t,54.59946043762481,54.59946043762481
9323,c,54.59946043762481,54.59946043762481
9324,c,54.59946043762481,54.59946043762481
9325,c,54.59946043762481,54.59946043762481
9326,t,54.59946043762481,54.59946043762481
9327,c,54.59946043762481,54.59946043762481
9328,c,54.59946043762481,54.59946043762481
9329,t,54.59946043762481,54.59946043762481
9330,t,54.59946043762481,54.59946043762481
9331,c,54.59946043762481,54.59946043762481
9332,t,54.59946043762481,54.59946043762481
9333,c,54.59946043762481,54.59946043762481
9334,c,2.106538940528688,4.905401689775107
9335,c,54.59946043762481,54.59946043762481
9336,c,54.59946043762481,54.59946043762481
9337,t,54.59946043762481,54.59946043762481
9338,c,54.59946043762481,54.59946043762481
9339,c,54.59946043762481,54.59946043762481
9340,c,54.59946043762481,54.59946043762481
9341,c,54.59946043762481,54.59946043762481
9342,c,54.59946043762481,54.59946043762481
9343,c,54.59946043762481,54.59946043762481
9344,c,54.59946043762481,54.59946043762481
9345,c,54.59946043762481,54.59946043762481
9346,c,54.59946043762481,54.59946043762481
9347,t,54.59946043762481,54.59946043762481
9348,c,54.59946043762481,54.59946043762481
9349,c,54.59946043762481,54.59946043762481
9350,c,54.59946043762481,54.59946043762481
9351,c,54.59946043762481,54.59946043762481
9352,c,54.59946043762481,54.59946043762481
9353,t,54.59946043762481,54.59946043762481
9354,c,54.59946043762481,54.59946043762481
9355,c,54.59946043762481,54.59946043762481
9356,c,54.59946043762481,54.59946043762481
9357,c,17.17610709734416,23.207943944891866
9358,t,54.59946043762481,54.59946043762481
9359,c,54.59946043762481,54.59946043762481
9360,c,54.59946043762481,54.59946043762481
9361,c,54.59946043762481,54.59946043762481
9362,t,54.59946043762481,54.59946043762481
9363,c,54.59946043762481,54.59946043762481
9364,c,54.59946043762481,54.59946043762481
9365,t,54.59946043762481,54.59946043762481
9366,c,54.59946043762481,54.59946043762481
9367,c,54.59946043762481,54.59946043762481
9368,c,54.59946043762481,54.59946043762481
9369,c,54.59946043762481,54.59946043762481
9370,c,54.59946043762481,54.59946043762481
9371,c,54.59946043762481,54.59946043762481
9372,c,54.59946043762481,54.59946043762481
9373,na,7.428120464477993,54.59946043762481
9374,c,54.59946043762481,54.59946043762481
9375,c,54.59946043762481,54.59946043762481
9376,c,54.59946043762481,54.59946043762481
9377,c,54.59946043762481,54.59946043762481
9378,c,54.59946043762481,54.59946043762481
9379,c,54.59946043762481,54.59946043762481
9380,c,54.59946043762481,54.59946043762481
9381,c,54.59946043762481,54.59946043762481
9382,t,54.59946043762481,54.59946043762481
9383,c,54.59946043762481,54.59946043762481
9384,c,54.59946043762481,54.59946043762481
9385,c,54.59946043762481,54.59946043762481
9386,c,54.59946043762481,54.59946043762481
9387,t,54.59946043762481,54.59946043762481
9388,t,54.59946043762481,54.59946043762481
9389,c,54.59946043762481,54.59946043762481
9390,t,54.59946043762481,54.59946043762481
9391,c,54.59946043762481,54.59946043762481
9392,c,54.59946043762481,54.59946043762481
9393,c,54.59946043762481,54.59946043762481
9394,c,54.59946043762481,54.59946043762481
9395,c,54.59946043762481,54.59946043762481
9396,c,54.59946043762481,54.59946043762481
9397,c,54.59946043762481,54.59946043762481
9398,c,54.59946043762481,54.59946043762481
9399,c,54.59946043762481,54.59946043762481
9400,c,54.59946043762481,54.59946043762481
9401,c,54.59946043762481,54.59946043762481
9402,c,54.59946043762481,54.59946043762481
9403,c,54.59946043762481,54.59946043762481
9404,c,54.59946043762481,54.59946043762481
9405,c,54.59946043762481,54.59946043762481
9406,c,54.59946043762481,54.59946043762481
9407,c,54.59946043762481,54.59946043762481
9408,c,54.59946043762481,54.59946043762481
9409,c,54.59946043762481,54.59946043762481
9410,c,54.59946043762481,54.59946043762481
9411,c,54.59946043762481,54.59946043762481
9412,c,54.59946043762481,54.59946043762481
9413,c,54.59946043762481,54.59946043762481
9414,c,54.59946043762481,54.59946043762481
9415,t,54.59946043762481,54.59946043762481
9416,c,54.59946043762481,54.59946043762481
9417,c,54.59946043762481,54.59946043762481
9418,t,54.59946043762481,54.59946043762481
9419,c,54.59946043762481,54.59946043762481
9420,t,54.59946043762481,54.59946043762481
9421,t,54.59946043762481,54.59946043762481
9422,c,54.59946043762481,54.59946043762481
9423,c,54.59946043762481,54.59946043762481
9424,c,54.59946043762481,54.59946043762481
9425,c,54.59946043762481,54.59946043762481
9426,c,54.59946043762481,54.59946043762481
9427,c,54.59946043762481,54.59946043762481
9428,t,54.59946043762481,54.59946043762481
9429,c,54.59946043762481,54.59946043762481
9430,c,54.59946043762481,54.59946043762481
9431,c,54.59946043762481,54.59946043762481
9432,t,54.59946043762481,54.59946043762481
9433,c,54.59946043762481,54.59946043762481
9434,c,54.59946043762481,54.59946043762481
9435,t,54.59946043762481,54.59946043762481
9436,c,54.59946043762481,54.59946043762481
9437,t,54.59946043762481,54.59946043762481
9438,c,54.59946043762481,54.59946043762481
9439,c,54.59946043762481,54.59946043762481
9440,c,54.59946043762481,54.59946043762481
9441,c,54.59946043762481,54.59946043762481
9442,c,54.59946043762481,54.59946043762481
9443,t,54.59946043762481,54.59946043762481
9444,t,54.59946043762481,54.59946043762481
9445,t,54.59946043762481,54.59946043762481
9446,t,54.59946043762481,54.59946043762481
9447,c,54.59946043762481,54.59946043762481
9448,t,54.59946043762481,54.59946043762481
9449,t,54.59946043762481,54.59946043762481
9450,c,54.59946043762481,54.59946043762481
9451,c,54.59946043762481,54.59946043762481
9452,c,54.59946043762481,54.59946043762481
9453,t,54.59946043762481,54.59946043762481
9454,t,54.59946043762481,54.59946043762481
9455,c,54.59946043762481,54.59946043762481
9456,c,54.59946043762481,54.59946043762481
9457,c,54.59946043762481,54.59946043762481
9458,c,54.59946043762481,54.59946043762481
9459,c,54.59946043762481,54.59946043762481
9460,t,54.59946043762481,54.59946043762481
9461,c,54.59946043762481,54.59946043762481
9462,t,54.59946043762481,54.59946043762481
9463,c,54.59946043762481,54.59946043762481
9464,t,54.59946043762481,54.59946043762481
9465,t,54.59946043762481,54.59946043762481
9466,c,54.59946043762481,54.59946043762481
9467,c,54.59946043762481,54.59946043762481
9468,c,54.59946043762481,54.59946043762481
9469,c,54.59946043762481,54.59946043762481
9470,c,54.59946043762481,54.59946043762481
9471,c,54.59946043762481,54.59946043762481
9472,c,54.59946043762481,54.59946043762481
9473,t,54.59946043762481,54.59946043762481
9474,c,54.59946043762481,54.59946043762481
9475,c,54.59946043762481,54.59946043762481
9476,c,54.59946043762481,54.59946043762481
9477,t,54.59946043762481,54.59946043762481
9478,c,54.59946043762481,54.59946043762481
9479,c,54.59946043762481,54.59946043762481
9480,na,0,6.0856331394268794
9481,c,54.59946043762481,54.59946043762481
9482,c,54.59946043762481,54.59946043762481
9483,t,54.59946043762481,54.59946043762481
9484,c,54.59946043762481,54.59946043762481
9485,c,54.59946043762481,54.59946043762481
9486,c,54.59946043762481,54.59946043762481
9487,c,54.59946043762481,54.59946043762481
9488,t,54.59946043762481,54.59946043762481
9489,c,54.59946043762481,54.59946043762481
9490,t,54.59946043762481,54.59946043762481
9491,c,54.59946043762481,54.59946043762481
9492,c,54.59946043762481,54.59946043762481
9493,t,54.59946043762481,54.59946043762481
9494,c,54.59946043762481,54.59946043762481
9495,c,54.59946043762481,54.59946043762481
9496,c,54.59946043762481,54.59946043762481
9497,c,54.59946043762481,54.59946043762481
9498,c,54.59946043762481,54.59946043762481
9499,c,54.59946043762481,54.59946043762481
9500,c,54.59946043762481,54.59946043762481
9501,t,54.59946043762481,54.59946043762481
9502,t,54.59946043762481,54.59946043762481
9503,c,54.59946043762481,54.59946043762481
9504,c,54.59946043762481,54.59946043762481
9505,c,54.59946043762481,54.59946043762481
9506,c,54.59946043762481,54.59946043762481
9507,c,54.59946043762481,54.59946043762481
9508,c,54.59946043762481,54.59946043762481
9509,c,54.59946043762481,54.59946043762481
9510,t,54.59946043762481,54.59946043762481
9511,c,54.59946043762481,54.59946043762481
9512,c,54.59946043762481,54.59946043762481
9513,c,54.59946043762481,54.59946043762481
9514,c,54.59946043762481,54.59946043762481
9515,c,54.59946043762481,54.59946043762481
9516,c,54.59946043762481,54.59946043762481
9517,c,54.59946043762481,54.59946043762481
9518,c,54.59946043762481,54.59946043762481
9519,c,54.59946043762481,54.59946043762481
9520,c,54.59946043762481,54.59946043762481
9521,c,54.59946043762481,54.59946043762481
9522,t,54.59946043762481,54.59946043762481
9523,t,54.59946043762481,54.59946043762481
9524,c,54.59946043762481,54.59946043762481
9525,c,54.59946043762481,54.59946043762481
9526,c,54.59946043762481,54.59946043762481
9527,c,54.59946043762481,54.59946043762481
9528,c,35.73268665430132,36.29604863548157
9529,t,54.59946043762481,54.59946043762481
9530,c,54.59946043762481,54.59946043762481
9531,c,54.59946043762481,54.59946043762481
9532,c,54.59946043762481,54.59946043762481
9533,c,54.59946043762481,54.59946043762481
9534,c,54.59946043762481,54.59946043762481
9535,c,54.59946043762481,54.59946043762481
9536,t,54.59946043762481,54.59946043762481
9537,t,54.59946043762481,54.59946043762481
9538,c,54.59946043762481,54.59946043762481
9539,c,54.59946043762481,54.59946043762481
9540,c,54.59946043762481,54.59946043762481
9541,c,54.59946043762481,54.59946043762481
9542,c,54.59946043762481,54.59946043762481
9543,c,54.59946043762481,54.59946043762481
9544,c,54.59946043762481,54.59946043762481
9545,c,54.59946043762481,54.59946043762481
9546,t,54.59946043762481,54.59946043762481
9547,c,54.59946043762481,54.59946043762481
9548,c,54.59946043762481,54.59946043762481
9549,c,54.59946043762481,54.59946043762481
9550,c,54.59946043762481,54.59946043762481
9551,c,54.59946043762481,54.59946043762481
9552,c,54.59946043762481,54.59946043762481
9553,c,54.59946043762481,54.59946043762481
9554,c,54.59946043762481,54.59946043762481
9555,c,54.59946043762481,54.59946043762481
9556,t,54.59946043762481,54.59946043762481
9557,t,54.59946043762481,54.59946043762481
9558,c,54.59946043762481,54.59946043762481
9559,c,54.59946043762481,54.59946043762481
9560,t,54.59946043762481,54.59946043762481
9561,c,54.59946043762481,54.59946043762481
9562,c,54.59946043762481,54.59946043762481
9563,c,54.59946043762481,54.59946043762481
9564,t,54.59946043762481,54.59946043762481
9565,c,54.59946043762481,54.59946043762481
9566,c,54.59946043762481,54.59946043762481
9567,c,54.59946043762481,54.59946043762481
9568,c,54.59946043762481,54.59946043762481
9569,c,54.59946043762481,54.59946043762481
9570,c,54.59946043762481,54.59946043762481
9571,c,54.59946043762481,54.59946043762481
9572,c,54.59946043762481,54.59946043762481
9573,t,54.59946043762481,54.59946043762481
9574,c,54.59946043762481,54.59946043762481
9575,c,54.59946043762481,54.59946043762481
9576,c,54.59946043762481,54.59946043762481
9577,c,54.59946043762481,54.59946043762481
9578,c,54.59946043762481,54.59946043762481
9579,c,54.59946043762481,54.59946043762481
9580,t,54.59946043762481,54.59946043762481
9581,c,54.59946043762481,54.59946043762481
9582,c,54.59946043762481,54.59946043762481
9583,c,54.59946043762481,54.59946043762481
9584,t,54.59946043762481,54.59946043762481
9585,c,54.59946043762481,54.59946043762481
9586,c,54.59946043762481,54.59946043762481
9587,c,13.954316211595922,17.21721519083696
9588,t,54.59946043762481,54.59946043762481
9589,c,54.59946043762481,54.59946043762481
9590,c,54.59946043762481,54.59946043762481
9591,t,54.59946043762481,54.59946043762481
9592,c,54.59946043762481,54.59946043762481
9593,c,6.416692005358282,7.1768449073848295
9594,c,54.59946043762481,54.59946043762481
9595,c,54.59946043762481,54.59946043762481
9596,c,54.59946043762481,54.59946043762481
9597,t,54.59946043762481,54.59946043762481
9598,c,54.59946043762481,54.59946043762481
9599,c,54.59946043762481,54.59946043762481
9600,c,54.59946043762481,54.59946043762481
9601,t,54.59946043762481,54.59946043762481
9602,c,54.59946043762481,54.59946043762481
9603,c,54.59946043762481,54.59946043762481
9604,c,54.59946043762481,54.59946043762481
9605,c,54.59946043762481,54.59946043762481
9606,c,54.59946043762481,54.59946043762481
9607,t,54.59946043762481,54.59946043762481
9608,c,54.59946043762481,54.59946043762481
9609,c,54.59946043762481,54.59946043762481
9610,c,54.59946043762481,54.59946043762481
9611,c,54.59946043762481,54.59946043762481
9612,c,54.59946043762481,54.59946043762481
9613,c,54.59946043762481,54.59946043762481
9614,c,54.59946043762481,54.59946043762481
9615,t,54.59946043762481,54.59946043762481
9616,t,54.59946043762481,54.59946043762481
9617,c,54.59946043762481,54.59946043762481
9618,c,54.59946043762481,54.59946043762481
9619,c,54.59946043762481,54.59946043762481
9620,c,54.59946043762481,54.59946043762481
9621,c,54.59946043762481,54.59946043762481
9622,c,54.59946043762481,54.59946043762481
9623,c,54.59946043762481,54.59946043762481
9624,t,54.59946043762481,54.59946043762481
9625,t,54.59946043762481,54.59946043762481
9626,c,54.59946043762481,54.59946043762481
9627,t,54.59946043762481,54.59946043762481
9628,c,54.59946043762481,54.59946043762481
9629,c,54.59946043762481,54.59946043762481
9630,c,54.59946043762481,54.59946043762481
9631,c,54.59946043762481,54.59946043762481
9632,c,54.59946043762481,54.59946043762481
9633,c,54.59946043762481,54.59946043762481
9634,c,54.59946043762481,54.59946043762481
9635,c,54.59946043762481,54.59946043762481
9636,c,54.59946043762481,54.59946043762481
9637,c,54.59946043762481,54.59946043762481
9638,c,54.59946043762481,54.59946043762481
9639,c,54.59946043762481,54.59946043762481
9640,c,54.59946043762481,54.59946043762481
9641,c,54.59946043762481,54.59946043762481
9642,c,54.59946043762481,54.59946043762481
9643,c,54.59946043762481,54.59946043762481
9644,c,54.59946043762481,54.59946043762481
9645,c,54.59946043762481,54.59946043762481
9646,t,54.59946043762481,54.59946043762481
9647,c,54.59946043762481,54.59946043762481
9648,t,54.59946043762481,54.59946043762481
9649,t,54.59946043762481,54.59946043762481
9650,c,54.59946043762481,54.59946043762481
9651,t,54.59946043762481,54.59946043762481
9652,c,54.59946043762481,54.59946043762481
9653,c,54.59946043762481,54.59946043762481
9654,c,54.59946043762481,54.59946043762481
9655,c,54.59946043762481,54.59946043762481
9656,c,54.59946043762481,54.59946043762481
9657,c,54.59946043762481,54.59946043762481
9658,c,54.59946043762481,54.59946043762481
9659,c,54.59946043762481,54.59946043762481
9660,c,54.59946043762481,54.59946043762481
9661,t,54.59946043762481,54.59946043762481
9662,c,54.59946043762481,54.59946043762481
9663,c,54.59946043762481,54.59946043762481
9664,c,54.59946043762481,54.59946043762481
9665,c,54.59946043762481,54.59946043762481
9666,c,10.878998631008825,31.190833197355794
9667,t,54.59946043762481,54.59946043762481
9668,c,54.59946043762481,54.59946043762481
9669,c,54.59946043762481,54.59946043762481
9670,c,54.59946043762481,54.59946043762481
9671,c,54.59946043762481,54.59946043762481
9672,c,54.59946043762481,54.59946043762481
9673,t,54.59946043762481,54.59946043762481
9674,c,54.59946043762481,54.59946043762481
9675,c,54.59946043762481,54.59946043762481
9676,c,54.59946043762481,54.59946043762481
9677,t,54.59946043762481,54.59946043762481
9678,c,54.59946043762481,54.59946043762481
9679,c,54.59946043762481,54.59946043762481
9680,t,54.59946043762481,54.59946043762481
9681,c,54.59946043762481,54.59946043762481
9682,c,54.59946043762481,54.59946043762481
9683,c,54.59946043762481,54.59946043762481
9684,c,54.59946043762481,54.59946043762481
9685,c,54.59946043762481,54.59946043762481
9686,c,54.59946043762481,54.59946043762481
9687,c,54.59946043762481,54.59946043762481
9688,c,54.59946043762481,54.59946043762481
9689,c,54.59946043762481,54.59946043762481
9690,c,54.59946043762481,54.59946043762481
9691,c,54.59946043762481,54.59946043762481
9692,t,54.59946043762481,54.59946043762481
9693,c,10.295514981830827,12.421757552330153
9694,c,54.59946043762481,54.59946043762481
9695,c,54.59946043762481,54.59946043762481
9696,c,54.59946043762481,54.59946043762481
9697,t,54.59946043762481,54.59946043762481
9698,c,54.59946043762481,54.59946043762481
9699,c,54.59946043762481,54.59946043762481
9700,c,54.59946043762481,54.59946043762481
9701,t,54.59946043762481,54.59946043762481
9702,c,54.59946043762481,54.59946043762481
9703,c,54.59946043762481,54.59946043762481
9704,c,54.59946043762481,54.59946043762481
9705,c,54.59946043762481,54.59946043762481
9706,c,54.59946043762481,54.59946043762481
9707,c,54.59946043762481,54.59946043762481
9708,na,4.829890171142679,24.428725290522447
9709,c,54.59946043762481,54.59946043762481
9710,c,54.59946043762481,54.59946043762481
9711,na,3.7868268401518383,4.870181457015508
9712,c,54.59946043762481,54.59946043762481
9713,c,54.59946043762481,54.59946043762481
9714,t,54.59946043762481,54.59946043762481
9715,c,54.59946043762481,54.59946043762481
9716,t,54.59946043762481,54.59946043762481
9717,t,54.59946043762481,54.59946043762481
9718,t,54.59946043762481,54.59946043762481
9719,c,54.59946043762481,54.59946043762481
9720,t,54.59946043762481,54.59946043762481
9721,c,54.59946043762481,54.59946043762481
9722,c,54.59946043762481,54.59946043762481
9723,c,54.59946043762481,54.59946043762481
9724,c,54.59946043762481,54.59946043762481
9725,c,54.59946043762481,54.59946043762481
9726,t,54.59946043762481,54.59946043762481
9727,c,54.59946043762481,54.59946043762481
9728,c,54.59946043762481,54.59946043762481
9729,c,54.59946043762481,54.59946043762481
9730,c,54.59946043762481,54.59946043762481
9731,c,54.59946043762481,54.59946043762481
9732,c,54.59946043762481,54.59946043762481
9733,t,54.59946043762481,54.59946043762481
9734,t,54.59946043762481,54.59946043762481
9735,c,54.59946043762481,54.59946043762481
9736,t,54.59946043762481,54.59946043762481
9737,c,54.59946043762481,54.59946043762481
9738,c,54.59946043762481,54.59946043762481
9739,c,54.59946043762481,54.59946043762481
9740,c,54.59946043762481,54.59946043762481
9741,t,54.59946043762481,54.59946043762481
9742,c,54.59946043762481,54.59946043762481
9743,c,54.59946043762481,54.59946043762481
9744,c,54.59946043762481,54.59946043762481
9745,c,54.59946043762481,54.59946043762481
9746,c,54.59946043762481,54.59946043762481
9747,c,54.59946043762481,54.59946043762481
9748,c,54.59946043762481,54.59946043762481
9749,c,54.59946043762481,54.59946043762481
9750,c,54.59946043762481,54.59946043762481
9751,c,54.59946043762481,54.59946043762481
9752,c,54.59946043762481,54.59946043762481
9753,t,54.59946043762481,54.59946043762481
9754,c,54.59946043762481,54.59946043762481
9755,c,54.59946043762481,54.59946043762481
9756,t,54.59946043762481,54.59946043762481
9757,c,54.59946043762481,54.59946043762481
9758,c,54.59946043762481,54.59946043762481
9759,c,54.59946043762481,54.59946043762481
9760,c,54.59946043762481,54.59946043762481
9761,t,54.59946043762481,54.59946043762481
9762,t,54.59946043762481,54.59946043762481
9763,na,1.637113849863077,6.820060580155525
9764,t,54.59946043762481,54.59946043762481
9765,c,54.59946043762481,54.59946043762481
9766,c,54.59946043762481,54.59946043762481
9767,t,54.59946043762481,54.59946043762481
9768,c,54.59946043762481,54.59946043762481
9769,c,54.59946043762481,54.59946043762481
9770,t,54.59946043762481,54.59946043762481
9771,c,54.59946043762481,54.59946043762481
9772,c,54.59946043762481,54.59946043762481
9773,c,54.59946043762481,54.59946043762481
9774,na,0.7767706971094617,3.010738605375882
9775,c,54.59946043762481,54.59946043762481
9776,c,54.59946043762481,54.59946043762481
9777,c,6.2104890307097325,14.3686446021495
9778,c,54.59946043762481,54.59946043762481
9779,c,54.59946043762481,54.59946043762481
9780,c,54.59946043762481,54.59946043762481
9781,c,54.59946043762481,54.59946043762481
9782,c,54.59946043762481,54.59946043762481
9783,c,54.59946043762481,54.59946043762481
9784,c,54.59946043762481,54.59946043762481
9785,t,54.59946043762481,54.59946043762481
9786,t,54.59946043762481,54.59946043762481
9787,c,54.59946043762481,54.59946043762481
9788,c,54.59946043762481,54.59946043762481
9789,c,54.59946043762481,54.59946043762481
9790,c,54.59946043762481,54.59946043762481
9791,c,54.59946043762481,54.59946043762481
9792,c,54.59946043762481,54.59946043762481
9793,t,54.59946043762481,54.59946043762481
9794,c,54.59946043762481,54.59946043762481
9795,c,54.59946043762481,54.59946043762481
9796,t,54.59946043762481,54.59946043762481
9797,t,54.59946043762481,54.59946043762481
9798,c,54.59946043762481,54.59946043762481
9799,c,54.59946043762481,54.59946043762481
9800,c,54.59946043762481,54.59946043762481
9801,c,54.59946043762481,54.59946043762481
9802,c,54.59946043762481,54.59946043762481
9803,c,54.59946043762481,54.59946043762481
9804,c,54.59946043762481,54.59946043762481
9805,c,54.59946043762481,54.59946043762481
9806,t,54.59946043762481,54.59946043762481
9807,c,54.59946043762481,54.59946043762481
9808,c,54.59946043762481,54.59946043762481
9809,c,54.59946043762481,54.59946043762481
9810,c,54.59946043762481,54.59946043762481
9811,t,54.59946043762481,54.59946043762481
9812,c,54.59946043762481,54.59946043762481
9813,c,54.59946043762481,54.59946043762481
9814,c,54.59946043762481,54.59946043762481
9815,t,54.59946043762481,54.59946043762481
9816,c,54.59946043762481,54.59946043762481
9817,c,54.59946043762481,54.59946043762481
9818,c,54.59946043762481,54.59946043762481
9819,t,54.59946043762481,54.59946043762481
9820,c,54.59946043762481,54.59946043762481
9821,c,54.59946043762481,54.59946043762481
9822,t,54.59946043762481,54.59946043762481
9823,c,54.59946043762481,54.59946043762481
9824,c,54.59946043762481,54.59946043762481
9825,c,54.59946043762481,54.59946043762481
9826,t,54.59946043762481,54.59946043762481
9827,c,54.59946043762481,54.59946043762481
9828,c,54.59946043762481,54.59946043762481
9829,c,54.59946043762481,54.59946043762481
9830,c,54.59946043762481,54.59946043762481
9831,c,54.59946043762481,54.59946043762481
9832,c,54.59946043762481,54.59946043762481
9833,c,54.59946043762481,54.59946043762481
9834,t,54.59946043762481,54.59946043762481
9835,c,54.59946043762481,54.59946043762481
9836,t,54.59946043762481,54.59946043762481
9837,c,54.59946043762481,54.59946043762481
9838,c,54.59946043762481,54.59946043762481
9839,c,54.59946043762481,54.59946043762481
9840,t,54.59946043762481,54.59946043762481
9841,c,54.59946043762481,54.59946043762481
9842,c,54.59946043762481,54.59946043762481
9843,c,54.59946043762481,54.59946043762481
9844,c,54.59946043762481,54.59946043762481
9845,c,5.442905962965412,11.705635327177204
9846,c,54.59946043762481,54.59946043762481
9847,t,54.59946043762481,54.59946043762481
9848,c,54.59946043762481,54.59946043762481
9849,c,54.59946043762481,54.59946043762481
9850,t,54.59946043762481,54.59946043762481
9851,t,54.59946043762481,54.59946043762481
9852,t,54.59946043762481,54.59946043762481
9853,c,54.59946043762481,54.59946043762481
9854,c,54.59946043762481,54.59946043762481
9855,c,54.59946043762481,54.59946043762481
9856,c,54.59946043762481,54.59946043762481
9857,c,54.59946043762481,54.59946043762481
9858,c,54.59946043762481,54.59946043762481
9859,c,54.59946043762481,54.59946043762481
9860,c,54.59946043762481,54.59946043762481
9861,c,54.59946043762481,54.59946043762481
9862,c,54.59946043762481,54.59946043762481
9863,c,54.59946043762481,54.59946043762481
9864,c,54.59946043762481,54.59946043762481
9865,t,54.59946043762481,54.59946043762481
9866,c,54.59946043762481,54.59946043762481
9867,na,0,3.947493669182051
9868,t,54.59946043762481,54.59946043762481
9869,c,54.59946043762481,54.59946043762481
9870,c,54.59946043762481,54.59946043762481
9871,c,54.59946043762481,54.59946043762481
9872,c,54.59946043762481,54.59946043762481
9873,c,54.59946043762481,54.59946043762481
9874,t,54.59946043762481,54.59946043762481
9875,c,54.59946043762481,54.59946043762481
9876,t,54.59946043762481,54.59946043762481
9877,c,54.59946043762481,54.59946043762481
9878,na,0,1.2159041288516343
9879,c,54.59946043762481,54.59946043762481
9880,c,54.59946043762481,54.59946043762481
9881,t,54.59946043762481,54.59946043762481
9882,t,54.59946043762481,54.59946043762481
9883,t,54.59946043762481,54.59946043762481
9884,c,54.59946043762481,54.59946043762481
9885,c,54.59946043762481,54.59946043762481
9886,c,54.59946043762481,54.59946043762481
9887,t,54.59946043762481,54.59946043762481
9888,c,54.59946043762481,54.59946043762481
9889,c,54.59946043762481,54.59946043762481
9890,t,54.59946043762481,54.59946043762481
9891,c,54.59946043762481,54.59946043762481
9892,c,54.59946043762481,54.59946043762481
9893,c,54.59946043762481,54.59946043762481
9894,c,54.59946043762481,54.59946043762481
9895,c,54.59946043762481,54.59946043762481
9896,c,54.59946043762481,54.59946043762481
9897,c,54.59946043762481,54.59946043762481
9898,t,54.59946043762481,54.59946043762481
9899,c,54.59946043762481,54.59946043762481
9900,c,54.59946043762481,54.59946043762481
9901,c,54.59946043762481,54.59946043762481
9902,c,54.59946043762481,54.59946043762481
9903,c,54.59946043762481,54.59946043762481
9904,c,54.59946043762481,54.59946043762481
9905,t,54.59946043762481,54.59946043762481
9906,c,54.59946043762481,54.59946043762481
9907,c,54.59946043762481,54.59946043762481
9908,c,54.59946043762481,54.59946043762481
9909,c,54.59946043762481,54.59946043762481
9910,c,54.59946043762481,54.59946043762481
9911,t,54.59946043762481,54.59946043762481
9912,t,54.59946043762481,54.59946043762481
9913,c,54.59946043762481,54.59946043762481
9914,c,4.371080737058683,6.344668083197105
9915,c,54.59946043762481,54.59946043762481
9916,c,54.59946043762481,54.59946043762481
9917,na,0,5.086966403606068
9918,c,54.59946043762481,54.59946043762481
9919,c,54.59946043762481,54.59946043762481
9920,c,54.59946043762481,54.59946043762481
9921,c,54.59946043762481,54.59946043762481
9922,t,54.59946043762481,54.59946043762481
9923,t,54.59946043762481,54.59946043762481
9924,c,54.59946043762481,54.59946043762481
9925,c,54.59946043762481,54.59946043762481
9926,c,54.59946043762481,54.59946043762481
9927,t,54.59946043762481,54.59946043762481
9928,t,54.59946043762481,54.59946043762481
9929,c,54.59946043762481,54.59946043762481
9930,t,54.59946043762481,54.59946043762481
9931,c,54.59946043762481,54.59946043762481
9932,t,54.59946043762481,54.59946043762481
9933,c,54.59946043762481,54.59946043762481
9934,c,54.59946043762481,54.59946043762481
9935,c,54.59946043762481,54.59946043762481
9936,c,54.59946043762481,54.59946043762481
9937,c,54.59946043762481,54.59946043762481
9938,c,54.59946043762481,54.59946043762481
9939,c,54.59946043762481,54.59946043762481
9940,c,54.59946043762481,54.59946043762481
9941,c,4.128049397348093,4.262029357476099
9942,c,54.59946043762481,54.59946043762481
9943,c,54.59946043762481,54.59946043762481
9944,c,54.59946043762481,54.59946043762481
9945,c,54.59946043762481,54.59946043762481
9946,c,54.59946043762481,54.59946043762481
9947,c,54.59946043762481,54.59946043762481
9948,c,54.59946043762481,54.59946043762481
9949,t,54.59946043762481,54.59946043762481
9950,t,54.59946043762481,54.59946043762481
9951,c,54.59946043762481,54.59946043762481
9952,c,54.59946043762481,54.59946043762481
9953,c,54.59946043762481,54.59946043762481
9954,t,54.59946043762481,54.59946043762481
9955,t,54.59946043762481,54.59946043762481
9956,c,54.59946043762481,54.59946043762481
9957,c,54.59946043762481,54.59946043762481
9958,c,54.59946043762481,54.59946043762481
9959,t,54.59946043762481,54.59946043762481
9960,c,54.59946043762481,54.59946043762481
9961,c,54.59946043762481,54.59946043762481
9962,c,54.59946043762481,54.59946043762481
9963,c,54.59946043762481,54.59946043762481
9964,c,54.59946043762481,54.59946043762481
9965,c,54.59946043762481,54.59946043762481
9966,c,54.59946043762481,54.59946043762481
9967,c,54.59946043762481,54.59946043762481
9968,c,54.59946043762481,54.59946043762481
9969,t,54.59946043762481,54.59946043762481
9970,c,54.59946043762481,54.59946043762481
9971,c,54.59946043762481,54.59946043762481
9972,c,54.59946043762481,54.59946043762481
9973,c,54.59946043762481,54.59946043762481
9974,c,54.59946043762481,54.59946043762481
9975,c,54.59946043762481,54.59946043762481
9976,c,54.59946043762481,54.59946043762481
9977,c,54.59946043762481,54.59946043762481
9978,c,54.59946043762481,54.59946043762481
9979,c,54.59946043762481,54.59946043762481
9980,c,54.59946043762481,54.59946043762481
9981,c,54.59946043762481,54.59946043762481
9982,t,54.59946043762481,54.59946043762481
9983,c,54.59946043762481,54.59946043762481
9984,c,54.59946043762481,54.59946043762481
9985,t,54.59946043762481,54.59946043762481
9986,t,54.59946043762481,54.59946043762481
9987,t,54.59946043762481,54.59946043762481
9988,c,54.59946043762481,54.59946043762481
9989,c,54.59946043762481,54.59946043762481
9990,c,54.59946043762481,54.59946043762481
9991,c,54.59946043762481,54.59946043762481
9992,c,54.59946043762481,54.59946043762481
9993,c,54.59946043762481,54.59946043762481
9994,c,54.59946043762481,54.59946043762481
9995,c,54.59946043762481,54.59946043762481
9996,c,54.59946043762481,54.59946043762481
9997,c,54.59946043762481,54.59946043762481
9998,c,54.59946043762481,54.59946043762481
9999,t,54.59946043762481,54.59946043762481
