node, assignment, time2inf, time2death
0,na,-1,0
1,na,-1,0
2,na,-1,0
3,na,-1,0
4,na,-1,0
5,na,0,12.523228456073356
6,na,-1,0
7,na,-1,0
8,na,-1,0
9,na,-1,0
10,na,-1,0
11,na,-1,0
12,na,-1,0
13,na,-1,0
14,na,-1,0
15,na,-1,0
16,na,33.906023902780994,33.906023902780994
17,na,33.906023902780994,33.906023902780994
18,na,-1,0
19,na,-1,0
20,na,-1,0
21,na,0,3.5160836086586538
22,na,-1,0
23,na,-1,0
24,na,33.906023902780994,33.906023902780994
25,na,-1,0
26,na,-1,0
27,na,-1,0
28,na,-1,0
29,na,-1,0
30,na,-1,0
31,na,-1,0
32,na,-1,0
33,na,-1,0
34,na,-1,0
35,na,-1,0
36,na,-1,0
37,na,-1,0
38,na,-1,0
39,na,-1,0
40,t,33.906023902780994,33.906023902780994
41,t,33.906023902780994,33.906023902780994
42,c,33.906023902780994,33.906023902780994
43,t,33.906023902780994,33.906023902780994
44,c,33.906023902780994,33.906023902780994
45,t,33.906023902780994,33.906023902780994
46,c,33.906023902780994,33.906023902780994
47,t,33.906023902780994,33.906023902780994
48,t,33.906023902780994,33.906023902780994
49,t,33.906023902780994,33.906023902780994
50,t,33.906023902780994,33.906023902780994
51,t,33.906023902780994,33.906023902780994
52,t,33.906023902780994,33.906023902780994
53,t,33.906023902780994,33.906023902780994
54,t,33.906023902780994,33.906023902780994
55,t,33.906023902780994,33.906023902780994
56,t,33.906023902780994,33.906023902780994
57,c,33.906023902780994,33.906023902780994
58,c,33.906023902780994,33.906023902780994
59,t,33.906023902780994,33.906023902780994
60,t,33.906023902780994,33.906023902780994
61,c,33.906023902780994,33.906023902780994
62,c,33.906023902780994,33.906023902780994
63,t,33.906023902780994,33.906023902780994
64,t,33.906023902780994,33.906023902780994
65,t,33.906023902780994,33.906023902780994
66,t,33.906023902780994,33.906023902780994
67,c,33.906023902780994,33.906023902780994
68,c,33.906023902780994,33.906023902780994
69,c,33.906023902780994,33.906023902780994
70,c,33.906023902780994,33.906023902780994
71,c,33.906023902780994,33.906023902780994
72,c,33.906023902780994,33.906023902780994
73,t,33.906023902780994,33.906023902780994
74,t,33.906023902780994,33.906023902780994
75,c,33.906023902780994,33.906023902780994
76,t,33.906023902780994,33.906023902780994
77,c,33.906023902780994,33.906023902780994
78,c,33.906023902780994,33.906023902780994
79,c,33.906023902780994,33.906023902780994
80,t,33.906023902780994,33.906023902780994
81,t,33.906023902780994,33.906023902780994
82,c,33.906023902780994,33.906023902780994
83,c,33.906023902780994,33.906023902780994
84,c,33.906023902780994,33.906023902780994
85,c,33.906023902780994,33.906023902780994
86,t,33.906023902780994,33.906023902780994
87,c,33.906023902780994,33.906023902780994
88,c,33.906023902780994,33.906023902780994
89,c,33.906023902780994,33.906023902780994
90,c,33.906023902780994,33.906023902780994
91,c,33.906023902780994,33.906023902780994
92,c,33.906023902780994,33.906023902780994
93,t,33.906023902780994,33.906023902780994
94,c,33.906023902780994,33.906023902780994
95,c,33.906023902780994,33.906023902780994
96,t,33.906023902780994,33.906023902780994
97,t,33.906023902780994,33.906023902780994
98,c,33.906023902780994,33.906023902780994
99,c,33.906023902780994,33.906023902780994
100,c,33.906023902780994,33.906023902780994
101,t,33.906023902780994,33.906023902780994
102,c,33.906023902780994,33.906023902780994
103,c,33.906023902780994,33.906023902780994
104,t,33.906023902780994,33.906023902780994
105,c,33.906023902780994,33.906023902780994
106,t,33.906023902780994,33.906023902780994
107,t,33.906023902780994,33.906023902780994
108,t,33.906023902780994,33.906023902780994
109,c,33.906023902780994,33.906023902780994
110,t,33.906023902780994,33.906023902780994
111,t,33.906023902780994,33.906023902780994
112,c,33.906023902780994,33.906023902780994
113,c,33.906023902780994,33.906023902780994
114,c,33.906023902780994,33.906023902780994
115,c,33.906023902780994,33.906023902780994
116,t,33.906023902780994,33.906023902780994
117,c,33.906023902780994,33.906023902780994
118,t,33.906023902780994,33.906023902780994
119,t,33.906023902780994,33.906023902780994
120,t,33.906023902780994,33.906023902780994
121,t,33.906023902780994,33.906023902780994
122,c,33.906023902780994,33.906023902780994
123,t,33.906023902780994,33.906023902780994
124,c,33.906023902780994,33.906023902780994
125,c,33.906023902780994,33.906023902780994
126,c,33.906023902780994,33.906023902780994
127,t,33.906023902780994,33.906023902780994
128,c,33.906023902780994,33.906023902780994
129,t,33.906023902780994,33.906023902780994
130,c,33.906023902780994,33.906023902780994
131,c,33.906023902780994,33.906023902780994
132,t,33.906023902780994,33.906023902780994
133,c,33.906023902780994,33.906023902780994
134,na,0.5632921133645727,2.7394274857343572
135,t,33.906023902780994,33.906023902780994
136,c,33.906023902780994,33.906023902780994
137,c,33.906023902780994,33.906023902780994
138,na,0,5.099725184308758
139,t,33.906023902780994,33.906023902780994
140,c,33.906023902780994,33.906023902780994
141,c,33.906023902780994,33.906023902780994
142,t,33.906023902780994,33.906023902780994
143,c,33.906023902780994,33.906023902780994
144,t,33.906023902780994,33.906023902780994
145,c,33.906023902780994,33.906023902780994
146,c,33.906023902780994,33.906023902780994
147,t,33.906023902780994,33.906023902780994
148,c,33.906023902780994,33.906023902780994
149,c,33.906023902780994,33.906023902780994
150,c,33.906023902780994,33.906023902780994
151,c,33.906023902780994,33.906023902780994
152,t,33.906023902780994,33.906023902780994
153,na,-1,0
154,c,33.906023902780994,33.906023902780994
155,t,33.906023902780994,33.906023902780994
156,c,33.906023902780994,33.906023902780994
157,c,33.906023902780994,33.906023902780994
158,c,33.906023902780994,33.906023902780994
159,na,1.3713946404282742,13.12049344148407
160,t,33.906023902780994,33.906023902780994
161,c,33.906023902780994,33.906023902780994
162,t,33.906023902780994,33.906023902780994
163,c,33.906023902780994,33.906023902780994
164,t,33.906023902780994,33.906023902780994
165,c,33.906023902780994,33.906023902780994
166,c,33.906023902780994,33.906023902780994
167,c,33.906023902780994,33.906023902780994
168,t,33.906023902780994,33.906023902780994
169,c,33.906023902780994,33.906023902780994
170,t,33.906023902780994,33.906023902780994
171,c,33.906023902780994,33.906023902780994
172,c,33.906023902780994,33.906023902780994
173,c,33.906023902780994,33.906023902780994
174,c,33.906023902780994,33.906023902780994
175,t,33.906023902780994,33.906023902780994
176,c,33.906023902780994,33.906023902780994
177,t,33.906023902780994,33.906023902780994
178,t,33.906023902780994,33.906023902780994
179,c,33.906023902780994,33.906023902780994
180,t,33.906023902780994,33.906023902780994
181,c,33.906023902780994,33.906023902780994
182,t,33.906023902780994,33.906023902780994
183,c,33.906023902780994,33.906023902780994
184,c,33.906023902780994,33.906023902780994
185,t,33.906023902780994,33.906023902780994
186,t,33.906023902780994,33.906023902780994
187,t,33.906023902780994,33.906023902780994
188,t,33.906023902780994,33.906023902780994
189,t,33.906023902780994,33.906023902780994
190,c,33.906023902780994,33.906023902780994
191,c,33.906023902780994,33.906023902780994
192,t,33.906023902780994,33.906023902780994
193,t,33.906023902780994,33.906023902780994
194,t,33.906023902780994,33.906023902780994
195,t,33.906023902780994,33.906023902780994
196,c,33.906023902780994,33.906023902780994
197,c,33.906023902780994,33.906023902780994
198,c,33.906023902780994,33.906023902780994
199,t,33.906023902780994,33.906023902780994
200,c,33.906023902780994,33.906023902780994
201,t,33.906023902780994,33.906023902780994
202,c,33.906023902780994,33.906023902780994
203,t,33.906023902780994,33.906023902780994
204,t,33.906023902780994,33.906023902780994
205,c,33.906023902780994,33.906023902780994
206,c,33.906023902780994,33.906023902780994
207,t,33.906023902780994,33.906023902780994
208,c,33.906023902780994,33.906023902780994
209,t,33.906023902780994,33.906023902780994
210,c,33.906023902780994,33.906023902780994
211,t,33.906023902780994,33.906023902780994
212,c,33.906023902780994,33.906023902780994
213,t,33.906023902780994,33.906023902780994
214,c,33.906023902780994,33.906023902780994
215,t,33.906023902780994,33.906023902780994
216,t,33.906023902780994,33.906023902780994
217,c,33.906023902780994,33.906023902780994
218,c,33.906023902780994,33.906023902780994
219,c,33.906023902780994,33.906023902780994
220,t,33.906023902780994,33.906023902780994
221,c,33.906023902780994,33.906023902780994
222,c,33.906023902780994,33.906023902780994
223,c,33.906023902780994,33.906023902780994
224,t,33.906023902780994,33.906023902780994
225,t,33.906023902780994,33.906023902780994
226,c,33.906023902780994,33.906023902780994
227,c,33.906023902780994,33.906023902780994
228,t,33.906023902780994,33.906023902780994
229,t,33.906023902780994,33.906023902780994
230,t,33.906023902780994,33.906023902780994
231,t,33.906023902780994,33.906023902780994
232,t,33.906023902780994,33.906023902780994
233,c,33.906023902780994,33.906023902780994
234,t,33.906023902780994,33.906023902780994
235,t,33.906023902780994,33.906023902780994
236,c,33.906023902780994,33.906023902780994
237,t,33.906023902780994,33.906023902780994
238,c,33.906023902780994,33.906023902780994
239,t,33.906023902780994,33.906023902780994
240,t,33.906023902780994,33.906023902780994
241,t,33.906023902780994,33.906023902780994
242,c,33.906023902780994,33.906023902780994
243,c,33.906023902780994,33.906023902780994
244,t,33.906023902780994,33.906023902780994
245,t,33.906023902780994,33.906023902780994
246,t,33.906023902780994,33.906023902780994
247,t,33.906023902780994,33.906023902780994
248,t,33.906023902780994,33.906023902780994
249,c,33.906023902780994,33.906023902780994
250,c,33.906023902780994,33.906023902780994
251,c,33.906023902780994,33.906023902780994
252,t,33.906023902780994,33.906023902780994
253,c,33.906023902780994,33.906023902780994
254,c,33.906023902780994,33.906023902780994
255,t,33.906023902780994,33.906023902780994
256,t,33.906023902780994,33.906023902780994
257,t,33.906023902780994,33.906023902780994
258,t,33.906023902780994,33.906023902780994
259,c,33.906023902780994,33.906023902780994
260,c,33.906023902780994,33.906023902780994
261,t,33.906023902780994,33.906023902780994
262,t,33.906023902780994,33.906023902780994
263,t,33.906023902780994,33.906023902780994
264,t,33.906023902780994,33.906023902780994
265,c,33.906023902780994,33.906023902780994
266,t,33.906023902780994,33.906023902780994
267,c,33.906023902780994,33.906023902780994
268,t,33.906023902780994,33.906023902780994
269,c,33.906023902780994,33.906023902780994
270,c,33.906023902780994,33.906023902780994
271,c,33.906023902780994,33.906023902780994
272,t,33.906023902780994,33.906023902780994
273,t,33.906023902780994,33.906023902780994
274,t,33.906023902780994,33.906023902780994
275,t,33.906023902780994,33.906023902780994
276,t,33.906023902780994,33.906023902780994
277,t,33.906023902780994,33.906023902780994
278,t,33.906023902780994,33.906023902780994
279,c,33.906023902780994,33.906023902780994
280,t,33.906023902780994,33.906023902780994
281,t,33.906023902780994,33.906023902780994
282,t,33.906023902780994,33.906023902780994
283,t,33.906023902780994,33.906023902780994
284,t,33.906023902780994,33.906023902780994
285,t,33.906023902780994,33.906023902780994
286,c,33.906023902780994,33.906023902780994
287,t,33.906023902780994,33.906023902780994
288,t,33.906023902780994,33.906023902780994
289,c,33.906023902780994,33.906023902780994
290,c,33.906023902780994,33.906023902780994
291,c,33.906023902780994,33.906023902780994
292,t,33.906023902780994,33.906023902780994
293,c,33.906023902780994,33.906023902780994
294,c,33.906023902780994,33.906023902780994
295,c,33.906023902780994,33.906023902780994
296,t,33.906023902780994,33.906023902780994
297,t,33.906023902780994,33.906023902780994
298,c,33.906023902780994,33.906023902780994
299,c,33.906023902780994,33.906023902780994
300,t,33.906023902780994,33.906023902780994
301,c,33.906023902780994,33.906023902780994
302,c,33.906023902780994,33.906023902780994
303,t,33.906023902780994,33.906023902780994
304,c,33.906023902780994,33.906023902780994
305,t,33.906023902780994,33.906023902780994
306,t,33.906023902780994,33.906023902780994
307,c,33.906023902780994,33.906023902780994
308,c,33.906023902780994,33.906023902780994
309,c,33.906023902780994,33.906023902780994
310,c,33.906023902780994,33.906023902780994
311,t,33.906023902780994,33.906023902780994
312,c,33.906023902780994,33.906023902780994
313,c,33.906023902780994,33.906023902780994
314,c,33.906023902780994,33.906023902780994
315,t,33.906023902780994,33.906023902780994
316,t,33.906023902780994,33.906023902780994
317,t,33.906023902780994,33.906023902780994
318,c,33.906023902780994,33.906023902780994
319,t,33.906023902780994,33.906023902780994
320,c,33.906023902780994,33.906023902780994
321,t,33.906023902780994,33.906023902780994
322,t,33.906023902780994,33.906023902780994
323,c,33.906023902780994,33.906023902780994
324,t,33.906023902780994,33.906023902780994
325,t,33.906023902780994,33.906023902780994
326,t,33.906023902780994,33.906023902780994
327,t,33.906023902780994,33.906023902780994
328,c,33.906023902780994,33.906023902780994
329,t,33.906023902780994,33.906023902780994
330,c,33.906023902780994,33.906023902780994
331,c,33.906023902780994,33.906023902780994
332,t,33.906023902780994,33.906023902780994
333,c,33.906023902780994,33.906023902780994
334,t,33.906023902780994,33.906023902780994
335,t,33.906023902780994,33.906023902780994
336,t,33.906023902780994,33.906023902780994
337,t,33.906023902780994,33.906023902780994
338,c,33.906023902780994,33.906023902780994
339,t,33.906023902780994,33.906023902780994
340,c,33.906023902780994,33.906023902780994
341,c,33.906023902780994,33.906023902780994
342,t,33.906023902780994,33.906023902780994
343,t,33.906023902780994,33.906023902780994
344,t,33.906023902780994,33.906023902780994
345,c,33.906023902780994,33.906023902780994
346,t,33.906023902780994,33.906023902780994
347,c,33.906023902780994,33.906023902780994
348,t,33.906023902780994,33.906023902780994
349,c,33.906023902780994,33.906023902780994
350,c,33.906023902780994,33.906023902780994
351,c,33.906023902780994,33.906023902780994
352,t,33.906023902780994,33.906023902780994
353,c,33.906023902780994,33.906023902780994
354,c,33.906023902780994,33.906023902780994
355,t,33.906023902780994,33.906023902780994
356,c,33.906023902780994,33.906023902780994
357,t,33.906023902780994,33.906023902780994
358,t,33.906023902780994,33.906023902780994
359,c,33.906023902780994,33.906023902780994
360,t,33.906023902780994,33.906023902780994
361,t,33.906023902780994,33.906023902780994
362,t,33.906023902780994,33.906023902780994
363,t,33.906023902780994,33.906023902780994
364,c,33.906023902780994,33.906023902780994
365,c,33.906023902780994,33.906023902780994
366,t,33.906023902780994,33.906023902780994
367,c,33.906023902780994,33.906023902780994
368,t,33.906023902780994,33.906023902780994
369,t,33.906023902780994,33.906023902780994
370,t,33.906023902780994,33.906023902780994
371,t,33.906023902780994,33.906023902780994
372,t,33.906023902780994,33.906023902780994
373,c,33.906023902780994,33.906023902780994
374,t,33.906023902780994,33.906023902780994
375,t,33.906023902780994,33.906023902780994
376,c,33.906023902780994,33.906023902780994
377,c,33.906023902780994,33.906023902780994
378,t,33.906023902780994,33.906023902780994
379,t,33.906023902780994,33.906023902780994
380,t,33.906023902780994,33.906023902780994
381,c,33.906023902780994,33.906023902780994
382,c,33.906023902780994,33.906023902780994
383,t,33.906023902780994,33.906023902780994
384,na,10.170101482840108,19.95632479330374
385,t,33.906023902780994,33.906023902780994
386,c,12.884141805842688,14.717606343161094
387,t,33.906023902780994,33.906023902780994
388,c,33.906023902780994,33.906023902780994
389,t,33.906023902780994,33.906023902780994
390,c,33.906023902780994,33.906023902780994
391,c,33.906023902780994,33.906023902780994
392,t,33.906023902780994,33.906023902780994
393,c,33.906023902780994,33.906023902780994
394,c,33.906023902780994,33.906023902780994
395,c,33.906023902780994,33.906023902780994
396,t,33.906023902780994,33.906023902780994
397,c,33.906023902780994,33.906023902780994
398,t,33.906023902780994,33.906023902780994
399,c,33.906023902780994,33.906023902780994
400,t,33.906023902780994,33.906023902780994
401,t,33.906023902780994,33.906023902780994
402,t,33.906023902780994,33.906023902780994
403,t,33.906023902780994,33.906023902780994
404,t,33.906023902780994,33.906023902780994
405,t,33.906023902780994,33.906023902780994
406,t,33.906023902780994,33.906023902780994
407,t,33.906023902780994,33.906023902780994
408,c,33.906023902780994,33.906023902780994
409,c,33.906023902780994,33.906023902780994
410,t,33.906023902780994,33.906023902780994
411,t,33.906023902780994,33.906023902780994
412,c,33.906023902780994,33.906023902780994
413,c,33.906023902780994,33.906023902780994
414,c,33.906023902780994,33.906023902780994
415,t,33.906023902780994,33.906023902780994
416,c,33.906023902780994,33.906023902780994
417,t,33.906023902780994,33.906023902780994
418,t,33.906023902780994,33.906023902780994
419,t,33.906023902780994,33.906023902780994
420,c,33.906023902780994,33.906023902780994
421,c,33.906023902780994,33.906023902780994
422,c,33.906023902780994,33.906023902780994
423,t,33.906023902780994,33.906023902780994
424,c,33.906023902780994,33.906023902780994
425,c,33.906023902780994,33.906023902780994
426,t,33.906023902780994,33.906023902780994
427,t,33.906023902780994,33.906023902780994
428,c,33.906023902780994,33.906023902780994
429,t,33.906023902780994,33.906023902780994
430,t,33.906023902780994,33.906023902780994
431,t,33.906023902780994,33.906023902780994
432,c,33.906023902780994,33.906023902780994
433,c,33.906023902780994,33.906023902780994
434,t,33.906023902780994,33.906023902780994
435,t,33.906023902780994,33.906023902780994
436,t,33.906023902780994,33.906023902780994
437,t,33.906023902780994,33.906023902780994
438,c,7.9784337646286385,11.740715055973173
439,c,33.906023902780994,33.906023902780994
440,t,33.906023902780994,33.906023902780994
441,c,33.906023902780994,33.906023902780994
442,c,33.906023902780994,33.906023902780994
443,c,33.906023902780994,33.906023902780994
444,c,33.906023902780994,33.906023902780994
445,t,33.906023902780994,33.906023902780994
446,t,33.906023902780994,33.906023902780994
447,t,33.906023902780994,33.906023902780994
448,t,33.906023902780994,33.906023902780994
449,c,33.906023902780994,33.906023902780994
450,t,33.906023902780994,33.906023902780994
451,c,33.906023902780994,33.906023902780994
452,t,33.906023902780994,33.906023902780994
453,c,33.906023902780994,33.906023902780994
454,c,33.906023902780994,33.906023902780994
455,t,33.906023902780994,33.906023902780994
456,c,33.906023902780994,33.906023902780994
457,t,33.906023902780994,33.906023902780994
458,c,33.906023902780994,33.906023902780994
459,c,33.906023902780994,33.906023902780994
460,c,33.906023902780994,33.906023902780994
461,c,33.906023902780994,33.906023902780994
462,t,33.906023902780994,33.906023902780994
463,c,33.906023902780994,33.906023902780994
464,c,33.906023902780994,33.906023902780994
465,c,33.906023902780994,33.906023902780994
466,c,33.906023902780994,33.906023902780994
467,t,33.906023902780994,33.906023902780994
468,c,33.906023902780994,33.906023902780994
469,t,33.906023902780994,33.906023902780994
470,c,33.906023902780994,33.906023902780994
471,c,33.906023902780994,33.906023902780994
472,t,33.906023902780994,33.906023902780994
473,c,33.906023902780994,33.906023902780994
474,t,33.906023902780994,33.906023902780994
475,t,33.906023902780994,33.906023902780994
476,c,33.906023902780994,33.906023902780994
477,t,33.906023902780994,33.906023902780994
478,c,33.906023902780994,33.906023902780994
479,c,33.906023902780994,33.906023902780994
480,t,33.906023902780994,33.906023902780994
481,c,33.906023902780994,33.906023902780994
482,t,33.906023902780994,33.906023902780994
483,c,33.906023902780994,33.906023902780994
484,t,33.906023902780994,33.906023902780994
485,c,33.906023902780994,33.906023902780994
486,c,33.906023902780994,33.906023902780994
487,c,33.906023902780994,33.906023902780994
488,t,33.906023902780994,33.906023902780994
489,c,33.906023902780994,33.906023902780994
490,c,33.906023902780994,33.906023902780994
491,c,33.906023902780994,33.906023902780994
492,c,33.906023902780994,33.906023902780994
493,c,33.906023902780994,33.906023902780994
494,c,33.906023902780994,33.906023902780994
495,t,33.906023902780994,33.906023902780994
496,t,33.906023902780994,33.906023902780994
497,c,33.906023902780994,33.906023902780994
498,c,33.906023902780994,33.906023902780994
499,t,33.906023902780994,33.906023902780994
500,c,33.906023902780994,33.906023902780994
501,t,33.906023902780994,33.906023902780994
502,c,33.906023902780994,33.906023902780994
503,t,33.906023902780994,33.906023902780994
504,t,33.906023902780994,33.906023902780994
505,t,33.906023902780994,33.906023902780994
506,t,33.906023902780994,33.906023902780994
507,t,33.906023902780994,33.906023902780994
508,t,33.906023902780994,33.906023902780994
509,t,33.906023902780994,33.906023902780994
510,t,33.906023902780994,33.906023902780994
511,c,33.906023902780994,33.906023902780994
512,c,33.906023902780994,33.906023902780994
513,c,33.906023902780994,33.906023902780994
514,c,33.906023902780994,33.906023902780994
515,c,33.906023902780994,33.906023902780994
516,c,33.906023902780994,33.906023902780994
517,t,33.906023902780994,33.906023902780994
518,t,33.906023902780994,33.906023902780994
519,c,33.906023902780994,33.906023902780994
520,t,33.906023902780994,33.906023902780994
521,t,33.906023902780994,33.906023902780994
522,c,33.906023902780994,33.906023902780994
523,t,33.906023902780994,33.906023902780994
524,c,33.906023902780994,33.906023902780994
525,c,33.906023902780994,33.906023902780994
526,c,33.906023902780994,33.906023902780994
527,t,33.906023902780994,33.906023902780994
528,t,33.906023902780994,33.906023902780994
529,t,33.906023902780994,33.906023902780994
530,t,33.906023902780994,33.906023902780994
531,t,33.906023902780994,33.906023902780994
532,t,33.906023902780994,33.906023902780994
533,t,33.906023902780994,33.906023902780994
534,c,33.906023902780994,33.906023902780994
535,c,33.906023902780994,33.906023902780994
536,t,33.906023902780994,33.906023902780994
537,c,33.906023902780994,33.906023902780994
538,c,33.906023902780994,33.906023902780994
539,c,33.906023902780994,33.906023902780994
540,t,33.906023902780994,33.906023902780994
541,t,33.906023902780994,33.906023902780994
542,c,33.906023902780994,33.906023902780994
543,c,33.906023902780994,33.906023902780994
544,t,33.906023902780994,33.906023902780994
545,c,33.906023902780994,33.906023902780994
546,c,33.906023902780994,33.906023902780994
547,t,33.906023902780994,33.906023902780994
548,t,33.906023902780994,33.906023902780994
549,t,33.906023902780994,33.906023902780994
550,t,33.906023902780994,33.906023902780994
551,t,33.906023902780994,33.906023902780994
552,t,33.906023902780994,33.906023902780994
553,c,33.906023902780994,33.906023902780994
554,c,33.906023902780994,33.906023902780994
555,t,33.906023902780994,33.906023902780994
556,t,33.906023902780994,33.906023902780994
557,c,33.906023902780994,33.906023902780994
558,c,33.906023902780994,33.906023902780994
559,c,33.906023902780994,33.906023902780994
560,c,33.906023902780994,33.906023902780994
561,c,33.906023902780994,33.906023902780994
562,c,33.906023902780994,33.906023902780994
563,t,33.906023902780994,33.906023902780994
564,c,33.906023902780994,33.906023902780994
565,t,33.906023902780994,33.906023902780994
566,t,33.906023902780994,33.906023902780994
567,t,33.906023902780994,33.906023902780994
568,c,33.906023902780994,33.906023902780994
569,c,33.906023902780994,33.906023902780994
570,c,33.906023902780994,33.906023902780994
571,t,33.906023902780994,33.906023902780994
572,c,33.906023902780994,33.906023902780994
573,t,33.906023902780994,33.906023902780994
574,c,1.3328671520347097,2.5349584313323468
575,t,33.906023902780994,33.906023902780994
576,t,33.906023902780994,33.906023902780994
577,t,33.906023902780994,33.906023902780994
578,t,33.906023902780994,33.906023902780994
579,c,33.906023902780994,33.906023902780994
580,c,33.906023902780994,33.906023902780994
581,c,33.906023902780994,33.906023902780994
582,t,33.906023902780994,33.906023902780994
583,c,33.906023902780994,33.906023902780994
584,t,33.906023902780994,33.906023902780994
585,t,33.906023902780994,33.906023902780994
586,c,33.906023902780994,33.906023902780994
587,c,33.906023902780994,33.906023902780994
588,c,33.906023902780994,33.906023902780994
589,t,33.906023902780994,33.906023902780994
590,t,33.906023902780994,33.906023902780994
591,c,33.906023902780994,33.906023902780994
592,c,33.906023902780994,33.906023902780994
593,c,33.906023902780994,33.906023902780994
594,c,33.906023902780994,33.906023902780994
595,c,33.906023902780994,33.906023902780994
596,t,33.906023902780994,33.906023902780994
597,c,33.906023902780994,33.906023902780994
598,c,33.906023902780994,33.906023902780994
599,c,33.906023902780994,33.906023902780994
600,c,33.906023902780994,33.906023902780994
601,t,33.906023902780994,33.906023902780994
602,c,33.906023902780994,33.906023902780994
603,c,33.906023902780994,33.906023902780994
604,c,33.906023902780994,33.906023902780994
605,c,33.906023902780994,33.906023902780994
606,t,33.906023902780994,33.906023902780994
607,t,33.906023902780994,33.906023902780994
608,t,33.906023902780994,33.906023902780994
609,c,33.906023902780994,33.906023902780994
610,c,33.906023902780994,33.906023902780994
611,t,33.906023902780994,33.906023902780994
612,t,33.906023902780994,33.906023902780994
613,c,33.906023902780994,33.906023902780994
614,c,33.906023902780994,33.906023902780994
615,t,33.906023902780994,33.906023902780994
616,t,33.906023902780994,33.906023902780994
617,c,33.906023902780994,33.906023902780994
618,t,33.906023902780994,33.906023902780994
619,t,33.906023902780994,33.906023902780994
620,t,33.906023902780994,33.906023902780994
621,c,33.906023902780994,33.906023902780994
622,c,33.906023902780994,33.906023902780994
623,t,33.906023902780994,33.906023902780994
624,c,33.906023902780994,33.906023902780994
625,c,33.906023902780994,33.906023902780994
626,t,33.906023902780994,33.906023902780994
627,c,33.906023902780994,33.906023902780994
628,t,33.906023902780994,33.906023902780994
629,t,33.906023902780994,33.906023902780994
630,t,33.906023902780994,33.906023902780994
631,t,33.906023902780994,33.906023902780994
632,t,33.906023902780994,33.906023902780994
633,t,33.906023902780994,33.906023902780994
634,t,33.906023902780994,33.906023902780994
635,c,33.906023902780994,33.906023902780994
636,t,33.906023902780994,33.906023902780994
637,t,33.906023902780994,33.906023902780994
638,c,33.906023902780994,33.906023902780994
639,t,33.906023902780994,33.906023902780994
640,t,33.906023902780994,33.906023902780994
641,c,33.906023902780994,33.906023902780994
642,c,33.906023902780994,33.906023902780994
643,c,33.906023902780994,33.906023902780994
644,t,33.906023902780994,33.906023902780994
645,c,33.906023902780994,33.906023902780994
646,t,33.906023902780994,33.906023902780994
647,t,33.906023902780994,33.906023902780994
648,c,33.906023902780994,33.906023902780994
649,t,33.906023902780994,33.906023902780994
650,c,33.906023902780994,33.906023902780994
651,t,33.906023902780994,33.906023902780994
652,t,33.906023902780994,33.906023902780994
653,c,33.906023902780994,33.906023902780994
654,c,33.906023902780994,33.906023902780994
655,c,33.906023902780994,33.906023902780994
656,c,33.906023902780994,33.906023902780994
657,c,33.906023902780994,33.906023902780994
658,c,33.906023902780994,33.906023902780994
659,t,33.906023902780994,33.906023902780994
660,c,33.906023902780994,33.906023902780994
661,t,33.906023902780994,33.906023902780994
662,c,33.906023902780994,33.906023902780994
663,t,33.906023902780994,33.906023902780994
664,t,33.906023902780994,33.906023902780994
665,t,33.906023902780994,33.906023902780994
666,t,33.906023902780994,33.906023902780994
667,t,33.906023902780994,33.906023902780994
668,c,33.906023902780994,33.906023902780994
669,c,33.906023902780994,33.906023902780994
670,t,33.906023902780994,33.906023902780994
671,t,33.906023902780994,33.906023902780994
672,c,33.906023902780994,33.906023902780994
673,t,33.906023902780994,33.906023902780994
674,c,33.906023902780994,33.906023902780994
675,c,33.906023902780994,33.906023902780994
676,t,33.906023902780994,33.906023902780994
677,t,33.906023902780994,33.906023902780994
678,c,33.906023902780994,33.906023902780994
679,c,33.906023902780994,33.906023902780994
680,c,33.906023902780994,33.906023902780994
681,c,33.906023902780994,33.906023902780994
682,t,33.906023902780994,33.906023902780994
683,t,33.906023902780994,33.906023902780994
684,c,33.906023902780994,33.906023902780994
685,t,33.906023902780994,33.906023902780994
686,c,33.906023902780994,33.906023902780994
687,t,33.906023902780994,33.906023902780994
688,c,33.906023902780994,33.906023902780994
689,c,33.906023902780994,33.906023902780994
690,t,33.906023902780994,33.906023902780994
691,t,33.906023902780994,33.906023902780994
692,t,33.906023902780994,33.906023902780994
693,t,33.906023902780994,33.906023902780994
694,t,33.906023902780994,33.906023902780994
695,t,33.906023902780994,33.906023902780994
696,t,33.906023902780994,33.906023902780994
697,t,33.906023902780994,33.906023902780994
698,na,0,1.2392391859685947
699,t,33.906023902780994,33.906023902780994
700,c,33.906023902780994,33.906023902780994
701,c,33.906023902780994,33.906023902780994
702,c,33.906023902780994,33.906023902780994
703,t,33.906023902780994,33.906023902780994
704,c,33.906023902780994,33.906023902780994
705,t,33.906023902780994,33.906023902780994
706,c,33.906023902780994,33.906023902780994
707,c,33.906023902780994,33.906023902780994
708,c,33.906023902780994,33.906023902780994
709,c,33.906023902780994,33.906023902780994
710,na,14.922393460277322,15.623889407607585
711,t,33.906023902780994,33.906023902780994
712,t,33.906023902780994,33.906023902780994
713,c,33.906023902780994,33.906023902780994
714,t,33.906023902780994,33.906023902780994
715,c,33.906023902780994,33.906023902780994
716,c,33.906023902780994,33.906023902780994
717,c,33.906023902780994,33.906023902780994
718,t,33.906023902780994,33.906023902780994
719,c,33.906023902780994,33.906023902780994
720,t,33.906023902780994,33.906023902780994
721,c,33.906023902780994,33.906023902780994
722,c,33.906023902780994,33.906023902780994
723,c,33.906023902780994,33.906023902780994
724,t,33.906023902780994,33.906023902780994
725,c,33.906023902780994,33.906023902780994
726,c,33.906023902780994,33.906023902780994
727,t,33.906023902780994,33.906023902780994
728,c,33.906023902780994,33.906023902780994
729,t,33.906023902780994,33.906023902780994
730,c,33.906023902780994,33.906023902780994
731,t,33.906023902780994,33.906023902780994
732,t,33.906023902780994,33.906023902780994
733,t,33.906023902780994,33.906023902780994
734,c,33.906023902780994,33.906023902780994
735,c,33.906023902780994,33.906023902780994
736,c,33.906023902780994,33.906023902780994
737,t,33.906023902780994,33.906023902780994
738,c,33.906023902780994,33.906023902780994
739,t,33.906023902780994,33.906023902780994
740,t,33.906023902780994,33.906023902780994
741,c,33.906023902780994,33.906023902780994
742,t,33.906023902780994,33.906023902780994
743,t,33.906023902780994,33.906023902780994
744,c,33.906023902780994,33.906023902780994
745,c,33.906023902780994,33.906023902780994
746,t,33.906023902780994,33.906023902780994
747,c,33.906023902780994,33.906023902780994
748,c,33.906023902780994,33.906023902780994
749,c,33.906023902780994,33.906023902780994
750,c,33.906023902780994,33.906023902780994
751,c,33.906023902780994,33.906023902780994
752,c,12.460995594009706,30.059812215400108
753,t,33.906023902780994,33.906023902780994
754,c,33.906023902780994,33.906023902780994
755,c,33.906023902780994,33.906023902780994
756,c,33.906023902780994,33.906023902780994
757,c,33.906023902780994,33.906023902780994
758,c,33.906023902780994,33.906023902780994
759,c,33.906023902780994,33.906023902780994
760,t,33.906023902780994,33.906023902780994
761,t,33.906023902780994,33.906023902780994
762,c,33.906023902780994,33.906023902780994
763,t,33.906023902780994,33.906023902780994
764,t,33.906023902780994,33.906023902780994
765,t,33.906023902780994,33.906023902780994
766,t,33.906023902780994,33.906023902780994
767,t,33.906023902780994,33.906023902780994
768,t,33.906023902780994,33.906023902780994
769,c,33.906023902780994,33.906023902780994
770,c,33.906023902780994,33.906023902780994
771,t,33.906023902780994,33.906023902780994
772,t,33.906023902780994,33.906023902780994
773,t,33.906023902780994,33.906023902780994
774,t,33.906023902780994,33.906023902780994
775,c,33.906023902780994,33.906023902780994
776,c,33.906023902780994,33.906023902780994
777,c,33.906023902780994,33.906023902780994
778,c,33.906023902780994,33.906023902780994
779,t,33.906023902780994,33.906023902780994
780,c,33.906023902780994,33.906023902780994
781,t,33.906023902780994,33.906023902780994
782,c,33.906023902780994,33.906023902780994
783,c,33.906023902780994,33.906023902780994
784,c,33.906023902780994,33.906023902780994
785,t,33.906023902780994,33.906023902780994
786,t,33.906023902780994,33.906023902780994
787,c,33.906023902780994,33.906023902780994
788,c,33.906023902780994,33.906023902780994
789,t,33.906023902780994,33.906023902780994
790,c,33.906023902780994,33.906023902780994
791,t,33.906023902780994,33.906023902780994
792,t,33.906023902780994,33.906023902780994
793,t,33.906023902780994,33.906023902780994
794,c,33.906023902780994,33.906023902780994
795,t,33.906023902780994,33.906023902780994
796,c,33.906023902780994,33.906023902780994
797,t,33.906023902780994,33.906023902780994
798,c,33.906023902780994,33.906023902780994
799,c,33.906023902780994,33.906023902780994
800,c,33.906023902780994,33.906023902780994
801,t,33.906023902780994,33.906023902780994
802,c,33.906023902780994,33.906023902780994
803,t,33.906023902780994,33.906023902780994
804,t,33.906023902780994,33.906023902780994
805,t,33.906023902780994,33.906023902780994
806,c,33.906023902780994,33.906023902780994
807,c,33.906023902780994,33.906023902780994
808,c,33.906023902780994,33.906023902780994
809,c,33.906023902780994,33.906023902780994
810,t,33.906023902780994,33.906023902780994
811,t,33.906023902780994,33.906023902780994
812,c,33.906023902780994,33.906023902780994
813,t,33.906023902780994,33.906023902780994
814,t,33.906023902780994,33.906023902780994
815,c,33.906023902780994,33.906023902780994
816,c,33.906023902780994,33.906023902780994
817,c,33.906023902780994,33.906023902780994
818,c,33.906023902780994,33.906023902780994
819,c,33.906023902780994,33.906023902780994
820,t,33.906023902780994,33.906023902780994
821,t,33.906023902780994,33.906023902780994
822,t,33.906023902780994,33.906023902780994
823,c,33.906023902780994,33.906023902780994
824,t,33.906023902780994,33.906023902780994
825,t,33.906023902780994,33.906023902780994
826,c,33.906023902780994,33.906023902780994
827,c,33.906023902780994,33.906023902780994
828,c,33.906023902780994,33.906023902780994
829,t,33.906023902780994,33.906023902780994
830,t,33.906023902780994,33.906023902780994
831,c,33.906023902780994,33.906023902780994
832,t,33.906023902780994,33.906023902780994
833,t,33.906023902780994,33.906023902780994
834,t,33.906023902780994,33.906023902780994
835,t,33.906023902780994,33.906023902780994
836,c,33.906023902780994,33.906023902780994
837,c,33.906023902780994,33.906023902780994
838,c,33.906023902780994,33.906023902780994
839,t,33.906023902780994,33.906023902780994
840,c,33.906023902780994,33.906023902780994
841,c,33.906023902780994,33.906023902780994
842,t,33.906023902780994,33.906023902780994
843,c,33.906023902780994,33.906023902780994
844,t,33.906023902780994,33.906023902780994
845,c,33.906023902780994,33.906023902780994
846,c,33.906023902780994,33.906023902780994
847,c,33.906023902780994,33.906023902780994
848,t,33.906023902780994,33.906023902780994
849,t,33.906023902780994,33.906023902780994
850,c,33.906023902780994,33.906023902780994
851,t,33.906023902780994,33.906023902780994
852,t,33.906023902780994,33.906023902780994
853,t,33.906023902780994,33.906023902780994
854,t,33.906023902780994,33.906023902780994
855,t,33.906023902780994,33.906023902780994
856,c,33.906023902780994,33.906023902780994
857,t,33.906023902780994,33.906023902780994
858,c,33.906023902780994,33.906023902780994
859,t,33.906023902780994,33.906023902780994
860,t,33.906023902780994,33.906023902780994
861,t,33.906023902780994,33.906023902780994
862,t,33.906023902780994,33.906023902780994
863,c,33.906023902780994,33.906023902780994
864,c,33.906023902780994,33.906023902780994
865,c,33.906023902780994,33.906023902780994
866,t,33.906023902780994,33.906023902780994
867,c,33.906023902780994,33.906023902780994
868,c,33.906023902780994,33.906023902780994
869,t,33.906023902780994,33.906023902780994
870,t,33.906023902780994,33.906023902780994
871,t,33.906023902780994,33.906023902780994
872,c,33.906023902780994,33.906023902780994
873,c,33.906023902780994,33.906023902780994
874,t,33.906023902780994,33.906023902780994
875,t,33.906023902780994,33.906023902780994
876,c,33.906023902780994,33.906023902780994
877,t,33.906023902780994,33.906023902780994
878,c,33.906023902780994,33.906023902780994
879,c,33.906023902780994,33.906023902780994
880,c,33.906023902780994,33.906023902780994
881,t,33.906023902780994,33.906023902780994
882,c,33.906023902780994,33.906023902780994
883,c,33.906023902780994,33.906023902780994
884,t,33.906023902780994,33.906023902780994
885,c,33.906023902780994,33.906023902780994
886,t,33.906023902780994,33.906023902780994
887,t,33.906023902780994,33.906023902780994
888,t,33.906023902780994,33.906023902780994
889,t,33.906023902780994,33.906023902780994
890,c,33.906023902780994,33.906023902780994
891,t,33.906023902780994,33.906023902780994
892,t,33.906023902780994,33.906023902780994
893,t,33.906023902780994,33.906023902780994
894,t,33.906023902780994,33.906023902780994
895,c,33.906023902780994,33.906023902780994
896,c,33.906023902780994,33.906023902780994
897,t,33.906023902780994,33.906023902780994
898,c,33.906023902780994,33.906023902780994
899,c,33.906023902780994,33.906023902780994
900,t,33.906023902780994,33.906023902780994
901,t,33.906023902780994,33.906023902780994
902,c,33.906023902780994,33.906023902780994
903,c,33.906023902780994,33.906023902780994
904,c,33.906023902780994,33.906023902780994
905,c,33.906023902780994,33.906023902780994
906,t,33.906023902780994,33.906023902780994
907,t,33.906023902780994,33.906023902780994
908,c,33.906023902780994,33.906023902780994
909,t,33.906023902780994,33.906023902780994
910,c,33.906023902780994,33.906023902780994
911,t,33.906023902780994,33.906023902780994
912,t,33.906023902780994,33.906023902780994
913,c,33.906023902780994,33.906023902780994
914,c,33.906023902780994,33.906023902780994
915,t,33.906023902780994,33.906023902780994
916,t,33.906023902780994,33.906023902780994
917,c,33.906023902780994,33.906023902780994
918,c,33.906023902780994,33.906023902780994
919,c,33.906023902780994,33.906023902780994
920,c,33.906023902780994,33.906023902780994
921,t,33.906023902780994,33.906023902780994
922,c,33.906023902780994,33.906023902780994
923,c,33.906023902780994,33.906023902780994
924,c,33.906023902780994,33.906023902780994
925,c,33.906023902780994,33.906023902780994
926,c,33.906023902780994,33.906023902780994
927,t,33.906023902780994,33.906023902780994
928,t,33.906023902780994,33.906023902780994
929,t,33.906023902780994,33.906023902780994
930,t,33.906023902780994,33.906023902780994
931,t,33.906023902780994,33.906023902780994
932,c,33.906023902780994,33.906023902780994
933,c,33.906023902780994,33.906023902780994
934,t,33.906023902780994,33.906023902780994
935,na,-1,0
936,c,33.906023902780994,33.906023902780994
937,c,33.906023902780994,33.906023902780994
938,t,33.906023902780994,33.906023902780994
939,t,33.906023902780994,33.906023902780994
940,c,33.906023902780994,33.906023902780994
941,t,33.906023902780994,33.906023902780994
942,c,33.906023902780994,33.906023902780994
943,t,33.906023902780994,33.906023902780994
944,c,33.906023902780994,33.906023902780994
945,t,33.906023902780994,33.906023902780994
946,c,33.906023902780994,33.906023902780994
947,c,33.906023902780994,33.906023902780994
948,c,33.906023902780994,33.906023902780994
949,c,33.906023902780994,33.906023902780994
950,t,33.906023902780994,33.906023902780994
951,c,33.906023902780994,33.906023902780994
952,c,33.906023902780994,33.906023902780994
953,c,33.906023902780994,33.906023902780994
954,t,33.906023902780994,33.906023902780994
955,c,33.906023902780994,33.906023902780994
956,c,33.906023902780994,33.906023902780994
957,t,33.906023902780994,33.906023902780994
958,t,33.906023902780994,33.906023902780994
959,t,33.906023902780994,33.906023902780994
960,c,33.906023902780994,33.906023902780994
961,t,33.906023902780994,33.906023902780994
962,c,33.906023902780994,33.906023902780994
963,c,33.906023902780994,33.906023902780994
964,c,33.906023902780994,33.906023902780994
965,t,33.906023902780994,33.906023902780994
966,t,33.906023902780994,33.906023902780994
967,t,33.906023902780994,33.906023902780994
968,t,33.906023902780994,33.906023902780994
969,t,33.906023902780994,33.906023902780994
970,c,33.906023902780994,33.906023902780994
971,c,33.906023902780994,33.906023902780994
972,t,33.906023902780994,33.906023902780994
973,c,33.906023902780994,33.906023902780994
974,c,33.906023902780994,33.906023902780994
975,t,33.906023902780994,33.906023902780994
976,c,33.906023902780994,33.906023902780994
977,c,33.906023902780994,33.906023902780994
978,t,33.906023902780994,33.906023902780994
979,c,33.906023902780994,33.906023902780994
980,c,33.906023902780994,33.906023902780994
981,c,33.906023902780994,33.906023902780994
982,c,33.906023902780994,33.906023902780994
983,t,33.906023902780994,33.906023902780994
984,t,33.906023902780994,33.906023902780994
985,c,33.906023902780994,33.906023902780994
986,c,33.906023902780994,33.906023902780994
987,na,0,11.870256782860489
988,t,33.906023902780994,33.906023902780994
989,c,33.906023902780994,33.906023902780994
990,t,33.906023902780994,33.906023902780994
991,t,33.906023902780994,33.906023902780994
992,t,33.906023902780994,33.906023902780994
993,c,33.906023902780994,33.906023902780994
994,c,33.906023902780994,33.906023902780994
995,c,33.906023902780994,33.906023902780994
996,t,33.906023902780994,33.906023902780994
997,t,33.906023902780994,33.906023902780994
998,t,33.906023902780994,33.906023902780994
999,c,33.906023902780994,33.906023902780994
1000,t,33.906023902780994,33.906023902780994
1001,t,33.906023902780994,33.906023902780994
1002,c,33.906023902780994,33.906023902780994
1003,t,33.906023902780994,33.906023902780994
1004,c,33.906023902780994,33.906023902780994
1005,c,33.906023902780994,33.906023902780994
1006,t,33.906023902780994,33.906023902780994
1007,c,33.906023902780994,33.906023902780994
1008,c,33.906023902780994,33.906023902780994
1009,c,33.906023902780994,33.906023902780994
1010,c,33.906023902780994,33.906023902780994
1011,c,33.906023902780994,33.906023902780994
1012,c,33.906023902780994,33.906023902780994
1013,c,33.906023902780994,33.906023902780994
1014,t,33.906023902780994,33.906023902780994
1015,c,33.906023902780994,33.906023902780994
1016,c,33.906023902780994,33.906023902780994
1017,t,33.906023902780994,33.906023902780994
1018,c,33.906023902780994,33.906023902780994
1019,c,33.906023902780994,33.906023902780994
1020,c,33.906023902780994,33.906023902780994
1021,c,33.906023902780994,33.906023902780994
1022,c,33.906023902780994,33.906023902780994
1023,t,33.906023902780994,33.906023902780994
1024,t,33.906023902780994,33.906023902780994
1025,t,33.906023902780994,33.906023902780994
1026,t,33.906023902780994,33.906023902780994
1027,c,33.906023902780994,33.906023902780994
1028,t,33.906023902780994,33.906023902780994
1029,t,33.906023902780994,33.906023902780994
1030,c,33.906023902780994,33.906023902780994
1031,c,33.906023902780994,33.906023902780994
1032,c,33.906023902780994,33.906023902780994
1033,t,33.906023902780994,33.906023902780994
1034,c,33.906023902780994,33.906023902780994
1035,c,33.906023902780994,33.906023902780994
1036,c,33.906023902780994,33.906023902780994
1037,c,33.906023902780994,33.906023902780994
1038,t,33.906023902780994,33.906023902780994
1039,c,33.906023902780994,33.906023902780994
1040,t,33.906023902780994,33.906023902780994
1041,t,33.906023902780994,33.906023902780994
1042,t,33.906023902780994,33.906023902780994
1043,t,33.906023902780994,33.906023902780994
1044,t,33.906023902780994,33.906023902780994
1045,c,33.906023902780994,33.906023902780994
1046,c,33.906023902780994,33.906023902780994
1047,c,33.906023902780994,33.906023902780994
1048,c,33.906023902780994,33.906023902780994
1049,t,33.906023902780994,33.906023902780994
1050,na,2.583703738799885,7.581731219873015
1051,t,33.906023902780994,33.906023902780994
1052,c,33.906023902780994,33.906023902780994
1053,t,33.906023902780994,33.906023902780994
1054,c,33.906023902780994,33.906023902780994
1055,c,33.906023902780994,33.906023902780994
1056,c,33.906023902780994,33.906023902780994
1057,t,33.906023902780994,33.906023902780994
1058,c,33.906023902780994,33.906023902780994
1059,t,33.906023902780994,33.906023902780994
1060,c,33.906023902780994,33.906023902780994
1061,t,33.906023902780994,33.906023902780994
1062,c,33.906023902780994,33.906023902780994
1063,t,33.906023902780994,33.906023902780994
1064,t,33.906023902780994,33.906023902780994
1065,na,0,1.041196625597981
1066,c,33.906023902780994,33.906023902780994
1067,t,33.906023902780994,33.906023902780994
1068,c,33.906023902780994,33.906023902780994
1069,c,33.906023902780994,33.906023902780994
1070,c,33.906023902780994,33.906023902780994
1071,t,33.906023902780994,33.906023902780994
1072,t,33.906023902780994,33.906023902780994
1073,c,33.906023902780994,33.906023902780994
1074,t,33.906023902780994,33.906023902780994
1075,c,33.906023902780994,33.906023902780994
1076,c,33.906023902780994,33.906023902780994
1077,t,33.906023902780994,33.906023902780994
1078,t,33.906023902780994,33.906023902780994
1079,c,33.906023902780994,33.906023902780994
1080,t,33.906023902780994,33.906023902780994
1081,c,33.906023902780994,33.906023902780994
1082,t,33.906023902780994,33.906023902780994
1083,c,33.906023902780994,33.906023902780994
1084,t,33.906023902780994,33.906023902780994
1085,t,33.906023902780994,33.906023902780994
1086,t,33.906023902780994,33.906023902780994
1087,t,33.906023902780994,33.906023902780994
1088,t,33.906023902780994,33.906023902780994
1089,t,33.906023902780994,33.906023902780994
1090,t,33.906023902780994,33.906023902780994
1091,t,33.906023902780994,33.906023902780994
1092,c,33.906023902780994,33.906023902780994
1093,na,0,0.763772199573956
1094,t,33.906023902780994,33.906023902780994
1095,t,33.906023902780994,33.906023902780994
1096,c,33.906023902780994,33.906023902780994
1097,c,33.906023902780994,33.906023902780994
1098,c,33.906023902780994,33.906023902780994
1099,t,33.906023902780994,33.906023902780994
1100,t,33.906023902780994,33.906023902780994
1101,c,33.906023902780994,33.906023902780994
1102,c,33.906023902780994,33.906023902780994
1103,c,33.906023902780994,33.906023902780994
1104,c,33.906023902780994,33.906023902780994
1105,t,33.906023902780994,33.906023902780994
1106,t,33.906023902780994,33.906023902780994
1107,c,33.906023902780994,33.906023902780994
1108,c,33.906023902780994,33.906023902780994
1109,c,33.906023902780994,33.906023902780994
1110,c,33.906023902780994,33.906023902780994
1111,t,33.906023902780994,33.906023902780994
1112,t,33.906023902780994,33.906023902780994
1113,t,33.906023902780994,33.906023902780994
1114,t,33.906023902780994,33.906023902780994
1115,c,33.906023902780994,33.906023902780994
1116,c,33.906023902780994,33.906023902780994
1117,c,33.906023902780994,33.906023902780994
1118,t,33.906023902780994,33.906023902780994
1119,t,33.906023902780994,33.906023902780994
1120,c,33.906023902780994,33.906023902780994
1121,t,33.906023902780994,33.906023902780994
1122,t,33.906023902780994,33.906023902780994
1123,t,33.906023902780994,33.906023902780994
1124,t,33.906023902780994,33.906023902780994
1125,t,33.906023902780994,33.906023902780994
1126,c,33.906023902780994,33.906023902780994
1127,c,33.906023902780994,33.906023902780994
1128,t,33.906023902780994,33.906023902780994
1129,t,33.906023902780994,33.906023902780994
1130,t,33.906023902780994,33.906023902780994
1131,t,33.906023902780994,33.906023902780994
1132,c,33.906023902780994,33.906023902780994
1133,c,33.906023902780994,33.906023902780994
1134,c,33.906023902780994,33.906023902780994
1135,c,33.906023902780994,33.906023902780994
1136,c,33.906023902780994,33.906023902780994
1137,t,33.906023902780994,33.906023902780994
1138,t,33.906023902780994,33.906023902780994
1139,c,33.906023902780994,33.906023902780994
1140,c,33.906023902780994,33.906023902780994
1141,t,33.906023902780994,33.906023902780994
1142,c,33.906023902780994,33.906023902780994
1143,c,33.906023902780994,33.906023902780994
1144,t,33.906023902780994,33.906023902780994
1145,t,33.906023902780994,33.906023902780994
1146,t,33.906023902780994,33.906023902780994
1147,c,33.906023902780994,33.906023902780994
1148,t,33.906023902780994,33.906023902780994
1149,t,33.906023902780994,33.906023902780994
1150,t,33.906023902780994,33.906023902780994
1151,c,33.906023902780994,33.906023902780994
1152,t,33.906023902780994,33.906023902780994
1153,c,33.906023902780994,33.906023902780994
1154,t,33.906023902780994,33.906023902780994
1155,c,33.906023902780994,33.906023902780994
1156,c,33.906023902780994,33.906023902780994
1157,t,33.906023902780994,33.906023902780994
1158,c,33.906023902780994,33.906023902780994
1159,t,33.906023902780994,33.906023902780994
1160,t,33.906023902780994,33.906023902780994
1161,t,33.906023902780994,33.906023902780994
1162,t,33.906023902780994,33.906023902780994
1163,t,33.906023902780994,33.906023902780994
1164,c,33.906023902780994,33.906023902780994
1165,t,33.906023902780994,33.906023902780994
1166,t,33.906023902780994,33.906023902780994
1167,t,33.906023902780994,33.906023902780994
1168,c,33.906023902780994,33.906023902780994
1169,t,33.906023902780994,33.906023902780994
1170,c,33.906023902780994,33.906023902780994
1171,t,33.906023902780994,33.906023902780994
1172,t,33.906023902780994,33.906023902780994
1173,c,33.906023902780994,33.906023902780994
1174,c,33.906023902780994,33.906023902780994
1175,t,33.906023902780994,33.906023902780994
1176,t,33.906023902780994,33.906023902780994
1177,t,33.906023902780994,33.906023902780994
1178,c,33.906023902780994,33.906023902780994
1179,t,33.906023902780994,33.906023902780994
1180,c,33.906023902780994,33.906023902780994
1181,c,33.906023902780994,33.906023902780994
1182,t,33.906023902780994,33.906023902780994
1183,c,8.39472817522553,8.547715377965293
1184,c,33.906023902780994,33.906023902780994
1185,c,33.906023902780994,33.906023902780994
1186,t,33.906023902780994,33.906023902780994
1187,c,33.906023902780994,33.906023902780994
1188,t,33.906023902780994,33.906023902780994
1189,c,33.906023902780994,33.906023902780994
1190,c,33.906023902780994,33.906023902780994
1191,t,33.906023902780994,33.906023902780994
1192,t,33.906023902780994,33.906023902780994
1193,t,33.906023902780994,33.906023902780994
1194,t,33.906023902780994,33.906023902780994
1195,c,33.906023902780994,33.906023902780994
1196,t,33.906023902780994,33.906023902780994
1197,t,33.906023902780994,33.906023902780994
1198,t,33.906023902780994,33.906023902780994
1199,c,33.906023902780994,33.906023902780994
1200,t,33.906023902780994,33.906023902780994
1201,c,33.906023902780994,33.906023902780994
1202,c,33.906023902780994,33.906023902780994
1203,c,33.906023902780994,33.906023902780994
1204,c,33.906023902780994,33.906023902780994
1205,t,33.906023902780994,33.906023902780994
1206,t,33.906023902780994,33.906023902780994
1207,t,33.906023902780994,33.906023902780994
1208,c,33.906023902780994,33.906023902780994
1209,c,33.906023902780994,33.906023902780994
1210,t,33.906023902780994,33.906023902780994
1211,t,33.906023902780994,33.906023902780994
1212,t,33.906023902780994,33.906023902780994
1213,c,33.906023902780994,33.906023902780994
1214,t,33.906023902780994,33.906023902780994
1215,t,33.906023902780994,33.906023902780994
1216,c,33.906023902780994,33.906023902780994
1217,t,33.906023902780994,33.906023902780994
1218,c,33.906023902780994,33.906023902780994
1219,t,33.906023902780994,33.906023902780994
1220,c,33.906023902780994,33.906023902780994
1221,c,33.906023902780994,33.906023902780994
1222,c,33.906023902780994,33.906023902780994
1223,c,33.906023902780994,33.906023902780994
1224,c,33.906023902780994,33.906023902780994
1225,t,33.906023902780994,33.906023902780994
1226,c,33.906023902780994,33.906023902780994
1227,t,33.906023902780994,33.906023902780994
1228,t,33.906023902780994,33.906023902780994
1229,c,33.906023902780994,33.906023902780994
1230,c,33.906023902780994,33.906023902780994
1231,t,33.906023902780994,33.906023902780994
1232,t,33.906023902780994,33.906023902780994
1233,t,33.906023902780994,33.906023902780994
1234,t,33.906023902780994,33.906023902780994
1235,c,33.906023902780994,33.906023902780994
1236,t,33.906023902780994,33.906023902780994
1237,t,33.906023902780994,33.906023902780994
1238,c,33.906023902780994,33.906023902780994
1239,t,33.906023902780994,33.906023902780994
1240,c,33.906023902780994,33.906023902780994
1241,t,33.906023902780994,33.906023902780994
1242,c,33.906023902780994,33.906023902780994
1243,t,33.906023902780994,33.906023902780994
1244,t,33.906023902780994,33.906023902780994
1245,c,33.906023902780994,33.906023902780994
1246,c,33.906023902780994,33.906023902780994
1247,t,33.906023902780994,33.906023902780994
1248,t,33.906023902780994,33.906023902780994
1249,c,33.906023902780994,33.906023902780994
1250,c,33.906023902780994,33.906023902780994
1251,t,33.906023902780994,33.906023902780994
1252,t,33.906023902780994,33.906023902780994
1253,c,33.906023902780994,33.906023902780994
1254,c,33.906023902780994,33.906023902780994
1255,c,33.906023902780994,33.906023902780994
1256,c,33.906023902780994,33.906023902780994
1257,t,33.906023902780994,33.906023902780994
1258,t,33.906023902780994,33.906023902780994
1259,t,33.906023902780994,33.906023902780994
1260,c,33.906023902780994,33.906023902780994
1261,t,33.906023902780994,33.906023902780994
1262,t,33.906023902780994,33.906023902780994
1263,t,33.906023902780994,33.906023902780994
1264,c,33.906023902780994,33.906023902780994
1265,c,33.906023902780994,33.906023902780994
1266,t,33.906023902780994,33.906023902780994
1267,c,33.906023902780994,33.906023902780994
1268,c,33.906023902780994,33.906023902780994
1269,c,33.906023902780994,33.906023902780994
1270,c,33.906023902780994,33.906023902780994
1271,c,33.906023902780994,33.906023902780994
1272,t,33.906023902780994,33.906023902780994
1273,t,33.906023902780994,33.906023902780994
1274,c,33.906023902780994,33.906023902780994
1275,c,33.906023902780994,33.906023902780994
1276,t,33.906023902780994,33.906023902780994
1277,t,33.906023902780994,33.906023902780994
1278,t,33.906023902780994,33.906023902780994
1279,t,33.906023902780994,33.906023902780994
1280,c,33.906023902780994,33.906023902780994
1281,t,33.906023902780994,33.906023902780994
1282,t,33.906023902780994,33.906023902780994
1283,c,33.906023902780994,33.906023902780994
1284,c,33.906023902780994,33.906023902780994
1285,t,33.906023902780994,33.906023902780994
1286,t,33.906023902780994,33.906023902780994
1287,c,33.906023902780994,33.906023902780994
1288,c,33.906023902780994,33.906023902780994
1289,c,33.906023902780994,33.906023902780994
1290,c,33.906023902780994,33.906023902780994
1291,c,33.906023902780994,33.906023902780994
1292,t,33.906023902780994,33.906023902780994
1293,t,33.906023902780994,33.906023902780994
1294,t,33.906023902780994,33.906023902780994
1295,c,33.906023902780994,33.906023902780994
1296,t,33.906023902780994,33.906023902780994
1297,t,33.906023902780994,33.906023902780994
1298,c,33.906023902780994,33.906023902780994
1299,c,33.906023902780994,33.906023902780994
1300,c,33.906023902780994,33.906023902780994
1301,t,33.906023902780994,33.906023902780994
1302,c,33.906023902780994,33.906023902780994
1303,c,33.906023902780994,33.906023902780994
1304,c,33.906023902780994,33.906023902780994
1305,c,33.906023902780994,33.906023902780994
1306,c,33.906023902780994,33.906023902780994
1307,c,33.906023902780994,33.906023902780994
1308,c,33.906023902780994,33.906023902780994
1309,t,33.906023902780994,33.906023902780994
1310,c,33.906023902780994,33.906023902780994
1311,t,33.906023902780994,33.906023902780994
1312,c,33.906023902780994,33.906023902780994
1313,c,33.906023902780994,33.906023902780994
1314,t,33.906023902780994,33.906023902780994
1315,t,33.906023902780994,33.906023902780994
1316,t,33.906023902780994,33.906023902780994
1317,c,33.906023902780994,33.906023902780994
1318,t,33.906023902780994,33.906023902780994
1319,c,33.906023902780994,33.906023902780994
1320,c,33.906023902780994,33.906023902780994
1321,c,33.906023902780994,33.906023902780994
1322,c,33.906023902780994,33.906023902780994
1323,t,33.906023902780994,33.906023902780994
1324,c,33.906023902780994,33.906023902780994
1325,t,33.906023902780994,33.906023902780994
1326,t,33.906023902780994,33.906023902780994
1327,t,33.906023902780994,33.906023902780994
1328,t,33.906023902780994,33.906023902780994
1329,t,33.906023902780994,33.906023902780994
1330,t,33.906023902780994,33.906023902780994
1331,t,33.906023902780994,33.906023902780994
1332,t,33.906023902780994,33.906023902780994
1333,t,33.906023902780994,33.906023902780994
1334,t,33.906023902780994,33.906023902780994
1335,c,33.906023902780994,33.906023902780994
1336,c,33.906023902780994,33.906023902780994
1337,t,33.906023902780994,33.906023902780994
1338,c,33.906023902780994,33.906023902780994
1339,c,33.906023902780994,33.906023902780994
1340,t,33.906023902780994,33.906023902780994
1341,t,33.906023902780994,33.906023902780994
1342,c,33.906023902780994,33.906023902780994
1343,c,33.906023902780994,33.906023902780994
1344,c,33.906023902780994,33.906023902780994
1345,t,33.906023902780994,33.906023902780994
1346,t,33.906023902780994,33.906023902780994
1347,t,33.906023902780994,33.906023902780994
1348,c,33.906023902780994,33.906023902780994
1349,c,33.906023902780994,33.906023902780994
1350,c,33.906023902780994,33.906023902780994
1351,t,33.906023902780994,33.906023902780994
1352,t,33.906023902780994,33.906023902780994
1353,t,33.906023902780994,33.906023902780994
1354,t,33.906023902780994,33.906023902780994
1355,t,33.906023902780994,33.906023902780994
1356,c,33.906023902780994,33.906023902780994
1357,t,33.906023902780994,33.906023902780994
1358,t,33.906023902780994,33.906023902780994
1359,t,33.906023902780994,33.906023902780994
1360,t,33.906023902780994,33.906023902780994
1361,c,33.906023902780994,33.906023902780994
1362,c,33.906023902780994,33.906023902780994
1363,c,33.906023902780994,33.906023902780994
1364,t,33.906023902780994,33.906023902780994
1365,t,33.906023902780994,33.906023902780994
1366,c,33.906023902780994,33.906023902780994
1367,c,33.906023902780994,33.906023902780994
1368,c,33.906023902780994,33.906023902780994
1369,c,6.427140710205091,18.833342984966183
1370,c,33.906023902780994,33.906023902780994
1371,t,33.906023902780994,33.906023902780994
1372,c,33.906023902780994,33.906023902780994
1373,c,33.906023902780994,33.906023902780994
1374,c,33.906023902780994,33.906023902780994
1375,t,33.906023902780994,33.906023902780994
1376,c,33.906023902780994,33.906023902780994
1377,t,33.906023902780994,33.906023902780994
1378,c,33.906023902780994,33.906023902780994
1379,c,33.906023902780994,33.906023902780994
1380,t,33.906023902780994,33.906023902780994
1381,c,33.906023902780994,33.906023902780994
1382,t,33.906023902780994,33.906023902780994
1383,c,33.906023902780994,33.906023902780994
1384,t,33.906023902780994,33.906023902780994
1385,c,33.906023902780994,33.906023902780994
1386,t,33.906023902780994,33.906023902780994
1387,t,33.906023902780994,33.906023902780994
1388,t,33.906023902780994,33.906023902780994
1389,c,33.906023902780994,33.906023902780994
1390,t,33.906023902780994,33.906023902780994
1391,c,8.21902929684046,8.576849383316432
1392,c,33.906023902780994,33.906023902780994
1393,t,33.906023902780994,33.906023902780994
1394,c,33.906023902780994,33.906023902780994
1395,c,33.906023902780994,33.906023902780994
1396,t,33.906023902780994,33.906023902780994
1397,t,33.906023902780994,33.906023902780994
1398,c,33.906023902780994,33.906023902780994
1399,t,33.906023902780994,33.906023902780994
1400,t,33.906023902780994,33.906023902780994
1401,t,33.906023902780994,33.906023902780994
1402,t,33.906023902780994,33.906023902780994
1403,c,33.906023902780994,33.906023902780994
1404,c,33.906023902780994,33.906023902780994
1405,c,33.906023902780994,33.906023902780994
1406,na,0,2.026905718582772
1407,t,33.906023902780994,33.906023902780994
1408,c,33.906023902780994,33.906023902780994
1409,c,33.906023902780994,33.906023902780994
1410,t,33.906023902780994,33.906023902780994
1411,c,33.906023902780994,33.906023902780994
1412,c,33.906023902780994,33.906023902780994
1413,t,33.906023902780994,33.906023902780994
1414,t,33.906023902780994,33.906023902780994
1415,c,33.906023902780994,33.906023902780994
1416,t,33.906023902780994,33.906023902780994
1417,t,33.906023902780994,33.906023902780994
1418,c,33.906023902780994,33.906023902780994
1419,t,33.906023902780994,33.906023902780994
1420,c,33.906023902780994,33.906023902780994
1421,t,33.906023902780994,33.906023902780994
1422,t,33.906023902780994,33.906023902780994
1423,c,33.906023902780994,33.906023902780994
1424,t,33.906023902780994,33.906023902780994
1425,c,33.906023902780994,33.906023902780994
1426,t,33.906023902780994,33.906023902780994
1427,c,33.906023902780994,33.906023902780994
1428,c,33.906023902780994,33.906023902780994
1429,c,33.906023902780994,33.906023902780994
1430,c,33.906023902780994,33.906023902780994
1431,c,33.906023902780994,33.906023902780994
1432,t,33.906023902780994,33.906023902780994
1433,c,33.906023902780994,33.906023902780994
1434,t,33.906023902780994,33.906023902780994
1435,t,33.906023902780994,33.906023902780994
1436,c,33.906023902780994,33.906023902780994
1437,t,33.906023902780994,33.906023902780994
1438,c,33.906023902780994,33.906023902780994
1439,t,33.906023902780994,33.906023902780994
1440,c,33.906023902780994,33.906023902780994
1441,c,33.906023902780994,33.906023902780994
1442,c,33.906023902780994,33.906023902780994
1443,c,33.906023902780994,33.906023902780994
1444,c,33.906023902780994,33.906023902780994
1445,t,33.906023902780994,33.906023902780994
1446,c,33.906023902780994,33.906023902780994
1447,t,33.906023902780994,33.906023902780994
1448,t,33.906023902780994,33.906023902780994
1449,c,33.906023902780994,33.906023902780994
1450,c,33.906023902780994,33.906023902780994
1451,t,33.906023902780994,33.906023902780994
1452,t,33.906023902780994,33.906023902780994
1453,c,33.906023902780994,33.906023902780994
1454,t,33.906023902780994,33.906023902780994
1455,c,33.906023902780994,33.906023902780994
1456,t,33.906023902780994,33.906023902780994
1457,t,33.906023902780994,33.906023902780994
1458,t,33.906023902780994,33.906023902780994
1459,t,33.906023902780994,33.906023902780994
1460,t,33.906023902780994,33.906023902780994
1461,t,33.906023902780994,33.906023902780994
1462,c,33.906023902780994,33.906023902780994
1463,t,33.906023902780994,33.906023902780994
1464,c,33.906023902780994,33.906023902780994
1465,t,33.906023902780994,33.906023902780994
1466,t,33.906023902780994,33.906023902780994
1467,c,33.906023902780994,33.906023902780994
1468,c,33.906023902780994,33.906023902780994
1469,t,33.906023902780994,33.906023902780994
1470,c,33.906023902780994,33.906023902780994
1471,c,33.906023902780994,33.906023902780994
1472,t,33.906023902780994,33.906023902780994
1473,c,33.906023902780994,33.906023902780994
1474,t,33.906023902780994,33.906023902780994
1475,t,33.906023902780994,33.906023902780994
1476,c,33.906023902780994,33.906023902780994
1477,t,33.906023902780994,33.906023902780994
1478,t,33.906023902780994,33.906023902780994
1479,t,33.906023902780994,33.906023902780994
1480,t,33.906023902780994,33.906023902780994
1481,c,33.906023902780994,33.906023902780994
1482,t,33.906023902780994,33.906023902780994
1483,t,33.906023902780994,33.906023902780994
1484,c,33.906023902780994,33.906023902780994
1485,t,33.906023902780994,33.906023902780994
1486,c,33.906023902780994,33.906023902780994
1487,t,33.906023902780994,33.906023902780994
1488,c,33.906023902780994,33.906023902780994
1489,c,33.906023902780994,33.906023902780994
1490,t,33.906023902780994,33.906023902780994
1491,c,33.906023902780994,33.906023902780994
1492,t,33.906023902780994,33.906023902780994
1493,na,-1,0
1494,t,33.906023902780994,33.906023902780994
1495,t,33.906023902780994,33.906023902780994
1496,t,33.906023902780994,33.906023902780994
1497,c,33.906023902780994,33.906023902780994
1498,t,33.906023902780994,33.906023902780994
1499,c,33.906023902780994,33.906023902780994
1500,t,33.906023902780994,33.906023902780994
1501,t,33.906023902780994,33.906023902780994
1502,c,33.906023902780994,33.906023902780994
1503,t,33.906023902780994,33.906023902780994
1504,c,33.906023902780994,33.906023902780994
1505,t,33.906023902780994,33.906023902780994
1506,t,33.906023902780994,33.906023902780994
1507,t,33.906023902780994,33.906023902780994
1508,c,33.906023902780994,33.906023902780994
1509,t,33.906023902780994,33.906023902780994
1510,t,33.906023902780994,33.906023902780994
1511,t,33.906023902780994,33.906023902780994
1512,t,33.906023902780994,33.906023902780994
1513,t,33.906023902780994,33.906023902780994
1514,t,33.906023902780994,33.906023902780994
1515,t,33.906023902780994,33.906023902780994
1516,t,33.906023902780994,33.906023902780994
1517,c,33.906023902780994,33.906023902780994
1518,na,-1,0
1519,t,33.906023902780994,33.906023902780994
1520,c,33.906023902780994,33.906023902780994
1521,c,33.906023902780994,33.906023902780994
1522,t,33.906023902780994,33.906023902780994
1523,t,33.906023902780994,33.906023902780994
1524,c,33.906023902780994,33.906023902780994
1525,t,33.906023902780994,33.906023902780994
1526,t,33.906023902780994,33.906023902780994
1527,t,33.906023902780994,33.906023902780994
1528,t,33.906023902780994,33.906023902780994
1529,c,33.906023902780994,33.906023902780994
1530,c,33.906023902780994,33.906023902780994
1531,na,-1,0
1532,t,33.906023902780994,33.906023902780994
1533,t,33.906023902780994,33.906023902780994
1534,t,33.906023902780994,33.906023902780994
1535,c,33.906023902780994,33.906023902780994
1536,c,33.906023902780994,33.906023902780994
1537,t,33.906023902780994,33.906023902780994
1538,c,33.906023902780994,33.906023902780994
1539,t,33.906023902780994,33.906023902780994
1540,c,33.906023902780994,33.906023902780994
1541,c,33.906023902780994,33.906023902780994
1542,c,33.906023902780994,33.906023902780994
1543,t,33.906023902780994,33.906023902780994
1544,c,33.906023902780994,33.906023902780994
1545,c,33.906023902780994,33.906023902780994
1546,t,33.906023902780994,33.906023902780994
1547,c,33.906023902780994,33.906023902780994
1548,t,33.906023902780994,33.906023902780994
1549,t,33.906023902780994,33.906023902780994
1550,t,33.906023902780994,33.906023902780994
1551,t,33.906023902780994,33.906023902780994
1552,c,33.906023902780994,33.906023902780994
1553,t,33.906023902780994,33.906023902780994
1554,na,5.451485000297117,10.196965583873157
1555,c,33.906023902780994,33.906023902780994
1556,t,33.906023902780994,33.906023902780994
1557,t,33.906023902780994,33.906023902780994
1558,c,33.906023902780994,33.906023902780994
1559,t,33.906023902780994,33.906023902780994
1560,c,33.906023902780994,33.906023902780994
1561,c,33.906023902780994,33.906023902780994
1562,c,33.906023902780994,33.906023902780994
1563,t,33.906023902780994,33.906023902780994
1564,t,33.906023902780994,33.906023902780994
1565,c,33.906023902780994,33.906023902780994
1566,c,33.906023902780994,33.906023902780994
1567,t,33.906023902780994,33.906023902780994
1568,c,33.906023902780994,33.906023902780994
1569,t,33.906023902780994,33.906023902780994
1570,t,33.906023902780994,33.906023902780994
1571,t,33.906023902780994,33.906023902780994
1572,t,33.906023902780994,33.906023902780994
1573,c,33.906023902780994,33.906023902780994
1574,t,33.906023902780994,33.906023902780994
1575,na,0,33.906023902780994
1576,t,33.906023902780994,33.906023902780994
1577,c,33.906023902780994,33.906023902780994
1578,t,33.906023902780994,33.906023902780994
1579,t,33.906023902780994,33.906023902780994
1580,t,33.906023902780994,33.906023902780994
1581,t,33.906023902780994,33.906023902780994
1582,t,33.906023902780994,33.906023902780994
1583,c,33.906023902780994,33.906023902780994
1584,t,33.906023902780994,33.906023902780994
1585,c,33.906023902780994,33.906023902780994
1586,c,33.906023902780994,33.906023902780994
1587,c,33.906023902780994,33.906023902780994
1588,t,33.906023902780994,33.906023902780994
1589,t,33.906023902780994,33.906023902780994
1590,c,33.906023902780994,33.906023902780994
1591,c,33.906023902780994,33.906023902780994
1592,c,33.906023902780994,33.906023902780994
1593,c,33.906023902780994,33.906023902780994
1594,c,33.906023902780994,33.906023902780994
1595,c,33.906023902780994,33.906023902780994
1596,c,33.906023902780994,33.906023902780994
1597,t,33.906023902780994,33.906023902780994
1598,c,33.906023902780994,33.906023902780994
1599,c,33.906023902780994,33.906023902780994
1600,t,33.906023902780994,33.906023902780994
1601,t,33.906023902780994,33.906023902780994
1602,c,33.906023902780994,33.906023902780994
1603,t,33.906023902780994,33.906023902780994
1604,c,33.906023902780994,33.906023902780994
1605,t,33.906023902780994,33.906023902780994
1606,c,33.906023902780994,33.906023902780994
1607,c,33.906023902780994,33.906023902780994
1608,t,33.906023902780994,33.906023902780994
1609,c,33.906023902780994,33.906023902780994
1610,t,33.906023902780994,33.906023902780994
1611,t,33.906023902780994,33.906023902780994
1612,t,33.906023902780994,33.906023902780994
1613,c,33.906023902780994,33.906023902780994
1614,t,33.906023902780994,33.906023902780994
1615,c,33.906023902780994,33.906023902780994
1616,c,33.906023902780994,33.906023902780994
1617,c,33.906023902780994,33.906023902780994
1618,c,33.906023902780994,33.906023902780994
1619,t,33.906023902780994,33.906023902780994
1620,t,33.906023902780994,33.906023902780994
1621,c,33.906023902780994,33.906023902780994
1622,c,33.906023902780994,33.906023902780994
1623,c,33.906023902780994,33.906023902780994
1624,c,33.906023902780994,33.906023902780994
1625,c,33.906023902780994,33.906023902780994
1626,c,33.906023902780994,33.906023902780994
1627,t,33.906023902780994,33.906023902780994
1628,t,33.906023902780994,33.906023902780994
1629,c,33.906023902780994,33.906023902780994
1630,c,33.906023902780994,33.906023902780994
1631,c,33.906023902780994,33.906023902780994
1632,t,33.906023902780994,33.906023902780994
1633,c,33.906023902780994,33.906023902780994
1634,c,33.906023902780994,33.906023902780994
1635,c,33.906023902780994,33.906023902780994
1636,t,33.906023902780994,33.906023902780994
1637,t,33.906023902780994,33.906023902780994
1638,t,33.906023902780994,33.906023902780994
1639,c,33.906023902780994,33.906023902780994
1640,t,33.906023902780994,33.906023902780994
1641,c,33.906023902780994,33.906023902780994
1642,t,33.906023902780994,33.906023902780994
1643,c,33.906023902780994,33.906023902780994
1644,c,33.906023902780994,33.906023902780994
1645,c,33.906023902780994,33.906023902780994
1646,t,33.906023902780994,33.906023902780994
1647,t,33.906023902780994,33.906023902780994
1648,t,33.906023902780994,33.906023902780994
1649,c,33.906023902780994,33.906023902780994
1650,c,33.906023902780994,33.906023902780994
1651,t,33.906023902780994,33.906023902780994
1652,t,33.906023902780994,33.906023902780994
1653,t,33.906023902780994,33.906023902780994
1654,t,33.906023902780994,33.906023902780994
1655,c,33.906023902780994,33.906023902780994
1656,c,33.906023902780994,33.906023902780994
1657,t,33.906023902780994,33.906023902780994
1658,t,33.906023902780994,33.906023902780994
1659,c,33.906023902780994,33.906023902780994
1660,c,33.906023902780994,33.906023902780994
1661,t,33.906023902780994,33.906023902780994
1662,c,33.906023902780994,33.906023902780994
1663,t,33.906023902780994,33.906023902780994
1664,t,33.906023902780994,33.906023902780994
1665,c,33.906023902780994,33.906023902780994
1666,t,33.906023902780994,33.906023902780994
1667,na,-1,0
1668,t,33.906023902780994,33.906023902780994
1669,c,33.906023902780994,33.906023902780994
1670,c,33.906023902780994,33.906023902780994
1671,c,33.906023902780994,33.906023902780994
1672,t,33.906023902780994,33.906023902780994
1673,t,33.906023902780994,33.906023902780994
1674,t,33.906023902780994,33.906023902780994
1675,t,33.906023902780994,33.906023902780994
1676,c,33.906023902780994,33.906023902780994
1677,t,33.906023902780994,33.906023902780994
1678,c,33.906023902780994,33.906023902780994
1679,t,33.906023902780994,33.906023902780994
1680,t,33.906023902780994,33.906023902780994
1681,t,33.906023902780994,33.906023902780994
1682,c,33.906023902780994,33.906023902780994
1683,t,33.906023902780994,33.906023902780994
1684,t,33.906023902780994,33.906023902780994
1685,t,33.906023902780994,33.906023902780994
1686,t,33.906023902780994,33.906023902780994
1687,t,33.906023902780994,33.906023902780994
1688,t,33.906023902780994,33.906023902780994
1689,c,33.906023902780994,33.906023902780994
1690,c,33.906023902780994,33.906023902780994
1691,c,33.906023902780994,33.906023902780994
1692,c,33.906023902780994,33.906023902780994
1693,t,33.906023902780994,33.906023902780994
1694,c,33.906023902780994,33.906023902780994
1695,t,33.906023902780994,33.906023902780994
1696,t,33.906023902780994,33.906023902780994
1697,c,33.906023902780994,33.906023902780994
1698,t,33.906023902780994,33.906023902780994
1699,t,33.906023902780994,33.906023902780994
1700,c,33.906023902780994,33.906023902780994
1701,t,33.906023902780994,33.906023902780994
1702,c,33.906023902780994,33.906023902780994
1703,c,33.906023902780994,33.906023902780994
1704,c,33.906023902780994,33.906023902780994
1705,c,33.906023902780994,33.906023902780994
1706,c,33.906023902780994,33.906023902780994
1707,t,33.906023902780994,33.906023902780994
1708,c,33.906023902780994,33.906023902780994
1709,t,33.906023902780994,33.906023902780994
1710,c,33.906023902780994,33.906023902780994
1711,t,33.906023902780994,33.906023902780994
1712,c,33.906023902780994,33.906023902780994
1713,na,0,0.12247553640268889
1714,c,33.906023902780994,33.906023902780994
1715,c,33.906023902780994,33.906023902780994
1716,t,33.906023902780994,33.906023902780994
1717,t,33.906023902780994,33.906023902780994
1718,t,33.906023902780994,33.906023902780994
1719,c,33.906023902780994,33.906023902780994
1720,t,33.906023902780994,33.906023902780994
1721,t,33.906023902780994,33.906023902780994
1722,t,33.906023902780994,33.906023902780994
1723,t,33.906023902780994,33.906023902780994
1724,c,33.906023902780994,33.906023902780994
1725,t,33.906023902780994,33.906023902780994
1726,c,33.906023902780994,33.906023902780994
1727,c,33.906023902780994,33.906023902780994
1728,t,33.906023902780994,33.906023902780994
1729,t,33.906023902780994,33.906023902780994
1730,c,33.906023902780994,33.906023902780994
1731,t,33.906023902780994,33.906023902780994
1732,c,33.906023902780994,33.906023902780994
1733,t,33.906023902780994,33.906023902780994
1734,t,33.906023902780994,33.906023902780994
1735,c,33.906023902780994,33.906023902780994
1736,t,33.906023902780994,33.906023902780994
1737,t,33.906023902780994,33.906023902780994
1738,t,33.906023902780994,33.906023902780994
1739,t,33.906023902780994,33.906023902780994
1740,c,33.906023902780994,33.906023902780994
1741,t,33.906023902780994,33.906023902780994
1742,c,33.906023902780994,33.906023902780994
1743,c,33.906023902780994,33.906023902780994
1744,t,33.906023902780994,33.906023902780994
1745,c,33.906023902780994,33.906023902780994
1746,t,33.906023902780994,33.906023902780994
1747,t,33.906023902780994,33.906023902780994
1748,c,33.906023902780994,33.906023902780994
1749,c,33.906023902780994,33.906023902780994
1750,t,33.906023902780994,33.906023902780994
1751,t,33.906023902780994,33.906023902780994
1752,t,33.906023902780994,33.906023902780994
1753,c,33.906023902780994,33.906023902780994
1754,t,33.906023902780994,33.906023902780994
1755,t,33.906023902780994,33.906023902780994
1756,t,33.906023902780994,33.906023902780994
1757,t,33.906023902780994,33.906023902780994
1758,t,33.906023902780994,33.906023902780994
1759,t,33.906023902780994,33.906023902780994
1760,c,33.906023902780994,33.906023902780994
1761,c,33.906023902780994,33.906023902780994
1762,t,33.906023902780994,33.906023902780994
1763,t,33.906023902780994,33.906023902780994
1764,t,33.906023902780994,33.906023902780994
1765,c,33.906023902780994,33.906023902780994
1766,t,33.906023902780994,33.906023902780994
1767,c,33.906023902780994,33.906023902780994
1768,c,33.906023902780994,33.906023902780994
1769,c,33.906023902780994,33.906023902780994
1770,t,33.906023902780994,33.906023902780994
1771,t,33.906023902780994,33.906023902780994
1772,c,33.906023902780994,33.906023902780994
1773,t,33.906023902780994,33.906023902780994
1774,c,33.906023902780994,33.906023902780994
1775,t,33.906023902780994,33.906023902780994
1776,t,33.906023902780994,33.906023902780994
1777,c,33.906023902780994,33.906023902780994
1778,t,33.906023902780994,33.906023902780994
1779,c,33.906023902780994,33.906023902780994
1780,t,33.906023902780994,33.906023902780994
1781,t,33.906023902780994,33.906023902780994
1782,t,33.906023902780994,33.906023902780994
1783,c,33.906023902780994,33.906023902780994
1784,t,33.906023902780994,33.906023902780994
1785,c,33.906023902780994,33.906023902780994
1786,c,33.906023902780994,33.906023902780994
1787,c,33.906023902780994,33.906023902780994
1788,t,33.906023902780994,33.906023902780994
1789,t,33.906023902780994,33.906023902780994
1790,c,33.906023902780994,33.906023902780994
1791,c,33.906023902780994,33.906023902780994
1792,t,33.906023902780994,33.906023902780994
1793,c,33.906023902780994,33.906023902780994
1794,c,33.906023902780994,33.906023902780994
1795,c,33.906023902780994,33.906023902780994
1796,c,33.906023902780994,33.906023902780994
1797,t,33.906023902780994,33.906023902780994
1798,t,33.906023902780994,33.906023902780994
1799,t,33.906023902780994,33.906023902780994
1800,c,33.906023902780994,33.906023902780994
1801,c,33.906023902780994,33.906023902780994
1802,c,33.906023902780994,33.906023902780994
1803,c,33.906023902780994,33.906023902780994
1804,t,33.906023902780994,33.906023902780994
1805,c,33.906023902780994,33.906023902780994
1806,c,33.906023902780994,33.906023902780994
1807,c,33.906023902780994,33.906023902780994
1808,c,33.906023902780994,33.906023902780994
1809,t,33.906023902780994,33.906023902780994
1810,c,33.906023902780994,33.906023902780994
1811,na,2.730879724483907,4.077616021839841
1812,c,33.906023902780994,33.906023902780994
1813,t,33.906023902780994,33.906023902780994
1814,t,33.906023902780994,33.906023902780994
1815,t,33.906023902780994,33.906023902780994
1816,t,33.906023902780994,33.906023902780994
1817,t,33.906023902780994,33.906023902780994
1818,c,33.906023902780994,33.906023902780994
1819,c,33.906023902780994,33.906023902780994
1820,c,33.906023902780994,33.906023902780994
1821,t,33.906023902780994,33.906023902780994
1822,c,33.906023902780994,33.906023902780994
1823,t,33.906023902780994,33.906023902780994
1824,c,33.906023902780994,33.906023902780994
1825,c,6.569032061872747,11.88463384282625
1826,c,33.906023902780994,33.906023902780994
1827,c,33.906023902780994,33.906023902780994
1828,t,33.906023902780994,33.906023902780994
1829,t,33.906023902780994,33.906023902780994
1830,t,33.906023902780994,33.906023902780994
1831,c,33.906023902780994,33.906023902780994
1832,c,33.906023902780994,33.906023902780994
1833,c,33.906023902780994,33.906023902780994
1834,t,33.906023902780994,33.906023902780994
1835,t,33.906023902780994,33.906023902780994
1836,c,33.906023902780994,33.906023902780994
1837,c,33.906023902780994,33.906023902780994
1838,t,33.906023902780994,33.906023902780994
1839,na,7.333159374819423,20.63647541186857
1840,t,33.906023902780994,33.906023902780994
1841,c,33.906023902780994,33.906023902780994
1842,c,33.906023902780994,33.906023902780994
1843,c,33.906023902780994,33.906023902780994
1844,c,33.906023902780994,33.906023902780994
1845,t,33.906023902780994,33.906023902780994
1846,t,33.906023902780994,33.906023902780994
1847,t,33.906023902780994,33.906023902780994
1848,t,33.906023902780994,33.906023902780994
1849,c,33.906023902780994,33.906023902780994
1850,c,33.906023902780994,33.906023902780994
1851,t,33.906023902780994,33.906023902780994
1852,c,33.906023902780994,33.906023902780994
1853,t,33.906023902780994,33.906023902780994
1854,c,33.906023902780994,33.906023902780994
1855,c,33.906023902780994,33.906023902780994
1856,t,33.906023902780994,33.906023902780994
1857,c,33.906023902780994,33.906023902780994
1858,c,33.906023902780994,33.906023902780994
1859,na,1.5569510335031782,11.968776945857995
1860,c,33.906023902780994,33.906023902780994
1861,c,33.906023902780994,33.906023902780994
1862,t,33.906023902780994,33.906023902780994
1863,c,33.906023902780994,33.906023902780994
1864,t,33.906023902780994,33.906023902780994
1865,c,33.906023902780994,33.906023902780994
1866,c,33.906023902780994,33.906023902780994
1867,c,33.906023902780994,33.906023902780994
1868,t,33.906023902780994,33.906023902780994
1869,c,33.906023902780994,33.906023902780994
1870,t,33.906023902780994,33.906023902780994
1871,c,33.906023902780994,33.906023902780994
1872,t,33.906023902780994,33.906023902780994
1873,c,33.906023902780994,33.906023902780994
1874,c,33.906023902780994,33.906023902780994
1875,c,33.906023902780994,33.906023902780994
1876,t,33.906023902780994,33.906023902780994
1877,t,33.906023902780994,33.906023902780994
1878,t,33.906023902780994,33.906023902780994
1879,c,33.906023902780994,33.906023902780994
1880,t,33.906023902780994,33.906023902780994
1881,c,33.906023902780994,33.906023902780994
1882,c,33.906023902780994,33.906023902780994
1883,t,33.906023902780994,33.906023902780994
1884,c,33.906023902780994,33.906023902780994
1885,c,33.906023902780994,33.906023902780994
1886,t,33.906023902780994,33.906023902780994
1887,t,33.906023902780994,33.906023902780994
1888,c,33.906023902780994,33.906023902780994
1889,c,33.906023902780994,33.906023902780994
1890,c,33.906023902780994,33.906023902780994
1891,t,33.906023902780994,33.906023902780994
1892,c,33.906023902780994,33.906023902780994
1893,t,33.906023902780994,33.906023902780994
1894,t,33.906023902780994,33.906023902780994
1895,t,33.906023902780994,33.906023902780994
1896,c,33.906023902780994,33.906023902780994
1897,t,33.906023902780994,33.906023902780994
1898,c,33.906023902780994,33.906023902780994
1899,c,33.906023902780994,33.906023902780994
1900,c,33.906023902780994,33.906023902780994
1901,c,33.906023902780994,33.906023902780994
1902,t,33.906023902780994,33.906023902780994
1903,c,33.906023902780994,33.906023902780994
1904,t,33.906023902780994,33.906023902780994
1905,c,33.906023902780994,33.906023902780994
1906,c,33.906023902780994,33.906023902780994
1907,c,33.906023902780994,33.906023902780994
1908,c,33.906023902780994,33.906023902780994
1909,t,33.906023902780994,33.906023902780994
1910,c,33.906023902780994,33.906023902780994
1911,t,33.906023902780994,33.906023902780994
1912,c,33.906023902780994,33.906023902780994
1913,t,33.906023902780994,33.906023902780994
1914,c,33.906023902780994,33.906023902780994
1915,c,33.906023902780994,33.906023902780994
1916,t,33.906023902780994,33.906023902780994
1917,t,33.906023902780994,33.906023902780994
1918,t,33.906023902780994,33.906023902780994
1919,t,33.906023902780994,33.906023902780994
1920,c,33.906023902780994,33.906023902780994
1921,c,33.906023902780994,33.906023902780994
1922,t,33.906023902780994,33.906023902780994
1923,t,33.906023902780994,33.906023902780994
1924,t,33.906023902780994,33.906023902780994
1925,c,33.906023902780994,33.906023902780994
1926,t,33.906023902780994,33.906023902780994
1927,t,33.906023902780994,33.906023902780994
1928,c,33.906023902780994,33.906023902780994
1929,t,33.906023902780994,33.906023902780994
1930,c,33.906023902780994,33.906023902780994
1931,c,33.906023902780994,33.906023902780994
1932,t,33.906023902780994,33.906023902780994
1933,t,33.906023902780994,33.906023902780994
1934,t,33.906023902780994,33.906023902780994
1935,c,33.906023902780994,33.906023902780994
1936,t,33.906023902780994,33.906023902780994
1937,t,33.906023902780994,33.906023902780994
1938,t,33.906023902780994,33.906023902780994
1939,t,33.906023902780994,33.906023902780994
1940,c,33.906023902780994,33.906023902780994
1941,c,33.906023902780994,33.906023902780994
1942,t,33.906023902780994,33.906023902780994
1943,t,33.906023902780994,33.906023902780994
1944,c,33.906023902780994,33.906023902780994
1945,c,33.906023902780994,33.906023902780994
1946,c,33.906023902780994,33.906023902780994
1947,t,33.906023902780994,33.906023902780994
1948,c,33.906023902780994,33.906023902780994
1949,t,33.906023902780994,33.906023902780994
1950,t,33.906023902780994,33.906023902780994
1951,c,33.906023902780994,33.906023902780994
1952,t,33.906023902780994,33.906023902780994
1953,t,33.906023902780994,33.906023902780994
1954,t,33.906023902780994,33.906023902780994
1955,c,33.906023902780994,33.906023902780994
1956,t,33.906023902780994,33.906023902780994
1957,c,33.906023902780994,33.906023902780994
1958,c,33.906023902780994,33.906023902780994
1959,c,33.906023902780994,33.906023902780994
1960,c,33.906023902780994,33.906023902780994
1961,c,33.906023902780994,33.906023902780994
1962,t,33.906023902780994,33.906023902780994
1963,t,33.906023902780994,33.906023902780994
1964,c,33.906023902780994,33.906023902780994
1965,c,33.906023902780994,33.906023902780994
1966,c,33.906023902780994,33.906023902780994
1967,c,33.906023902780994,33.906023902780994
1968,t,33.906023902780994,33.906023902780994
1969,c,33.906023902780994,33.906023902780994
1970,t,33.906023902780994,33.906023902780994
1971,t,33.906023902780994,33.906023902780994
1972,t,33.906023902780994,33.906023902780994
1973,c,33.906023902780994,33.906023902780994
1974,t,33.906023902780994,33.906023902780994
1975,c,33.906023902780994,33.906023902780994
1976,t,33.906023902780994,33.906023902780994
1977,c,33.906023902780994,33.906023902780994
1978,c,33.906023902780994,33.906023902780994
1979,c,33.906023902780994,33.906023902780994
1980,c,33.906023902780994,33.906023902780994
1981,t,33.906023902780994,33.906023902780994
1982,c,33.906023902780994,33.906023902780994
1983,t,33.906023902780994,33.906023902780994
1984,c,33.906023902780994,33.906023902780994
1985,c,33.906023902780994,33.906023902780994
1986,t,33.906023902780994,33.906023902780994
1987,c,33.906023902780994,33.906023902780994
1988,t,33.906023902780994,33.906023902780994
1989,t,33.906023902780994,33.906023902780994
1990,c,33.906023902780994,33.906023902780994
1991,t,33.906023902780994,33.906023902780994
1992,c,33.906023902780994,33.906023902780994
1993,c,33.906023902780994,33.906023902780994
1994,c,33.906023902780994,33.906023902780994
1995,t,33.906023902780994,33.906023902780994
1996,c,33.906023902780994,33.906023902780994
1997,t,33.906023902780994,33.906023902780994
1998,c,33.906023902780994,33.906023902780994
1999,t,33.906023902780994,33.906023902780994
2000,c,33.906023902780994,33.906023902780994
2001,c,33.906023902780994,33.906023902780994
2002,t,33.906023902780994,33.906023902780994
2003,c,33.906023902780994,33.906023902780994
2004,c,3.542300735636424,11.5201215877532
2005,c,33.906023902780994,33.906023902780994
2006,c,33.906023902780994,33.906023902780994
2007,t,33.906023902780994,33.906023902780994
2008,t,33.906023902780994,33.906023902780994
2009,t,33.906023902780994,33.906023902780994
2010,t,33.906023902780994,33.906023902780994
2011,t,33.906023902780994,33.906023902780994
2012,t,33.906023902780994,33.906023902780994
2013,c,33.906023902780994,33.906023902780994
2014,t,33.906023902780994,33.906023902780994
2015,t,33.906023902780994,33.906023902780994
2016,t,33.906023902780994,33.906023902780994
2017,t,33.906023902780994,33.906023902780994
2018,t,33.906023902780994,33.906023902780994
2019,c,33.906023902780994,33.906023902780994
2020,t,33.906023902780994,33.906023902780994
2021,t,33.906023902780994,33.906023902780994
2022,t,33.906023902780994,33.906023902780994
2023,c,33.906023902780994,33.906023902780994
2024,c,33.906023902780994,33.906023902780994
2025,t,33.906023902780994,33.906023902780994
2026,c,33.906023902780994,33.906023902780994
2027,t,33.906023902780994,33.906023902780994
2028,c,33.906023902780994,33.906023902780994
2029,c,33.906023902780994,33.906023902780994
2030,t,33.906023902780994,33.906023902780994
2031,t,33.906023902780994,33.906023902780994
2032,t,33.906023902780994,33.906023902780994
2033,t,33.906023902780994,33.906023902780994
2034,t,33.906023902780994,33.906023902780994
2035,t,33.906023902780994,33.906023902780994
2036,c,33.906023902780994,33.906023902780994
2037,t,33.906023902780994,33.906023902780994
2038,c,33.906023902780994,33.906023902780994
2039,c,33.906023902780994,33.906023902780994
2040,c,33.906023902780994,33.906023902780994
2041,t,33.906023902780994,33.906023902780994
2042,t,33.906023902780994,33.906023902780994
2043,t,33.906023902780994,33.906023902780994
2044,t,33.906023902780994,33.906023902780994
2045,c,33.906023902780994,33.906023902780994
2046,c,33.906023902780994,33.906023902780994
2047,c,33.906023902780994,33.906023902780994
2048,t,33.906023902780994,33.906023902780994
2049,c,33.906023902780994,33.906023902780994
2050,t,33.906023902780994,33.906023902780994
2051,t,33.906023902780994,33.906023902780994
2052,c,33.906023902780994,33.906023902780994
2053,t,33.906023902780994,33.906023902780994
2054,c,33.906023902780994,33.906023902780994
2055,c,33.906023902780994,33.906023902780994
2056,c,33.906023902780994,33.906023902780994
2057,t,33.906023902780994,33.906023902780994
2058,t,33.906023902780994,33.906023902780994
2059,c,33.906023902780994,33.906023902780994
2060,c,33.906023902780994,33.906023902780994
2061,c,33.906023902780994,33.906023902780994
2062,c,33.906023902780994,33.906023902780994
2063,c,33.906023902780994,33.906023902780994
2064,t,33.906023902780994,33.906023902780994
2065,c,33.906023902780994,33.906023902780994
2066,t,33.906023902780994,33.906023902780994
2067,t,33.906023902780994,33.906023902780994
2068,c,33.906023902780994,33.906023902780994
2069,c,33.906023902780994,33.906023902780994
2070,c,33.906023902780994,33.906023902780994
2071,t,33.906023902780994,33.906023902780994
2072,t,33.906023902780994,33.906023902780994
2073,t,33.906023902780994,33.906023902780994
2074,c,33.906023902780994,33.906023902780994
2075,c,33.906023902780994,33.906023902780994
2076,c,33.906023902780994,33.906023902780994
2077,t,33.906023902780994,33.906023902780994
2078,c,33.906023902780994,33.906023902780994
2079,t,33.906023902780994,33.906023902780994
2080,t,33.906023902780994,33.906023902780994
2081,t,33.906023902780994,33.906023902780994
2082,t,33.906023902780994,33.906023902780994
2083,t,33.906023902780994,33.906023902780994
2084,c,33.906023902780994,33.906023902780994
2085,t,33.906023902780994,33.906023902780994
2086,t,33.906023902780994,33.906023902780994
2087,t,33.906023902780994,33.906023902780994
2088,t,33.906023902780994,33.906023902780994
2089,c,33.906023902780994,33.906023902780994
2090,t,33.906023902780994,33.906023902780994
2091,c,33.906023902780994,33.906023902780994
2092,c,33.906023902780994,33.906023902780994
2093,t,33.906023902780994,33.906023902780994
2094,na,2.8012447730551666,2.9544670343699053
2095,t,33.906023902780994,33.906023902780994
2096,t,33.906023902780994,33.906023902780994
2097,t,33.906023902780994,33.906023902780994
2098,c,33.906023902780994,33.906023902780994
2099,t,33.906023902780994,33.906023902780994
2100,c,33.906023902780994,33.906023902780994
2101,c,33.906023902780994,33.906023902780994
2102,c,33.906023902780994,33.906023902780994
2103,c,33.906023902780994,33.906023902780994
2104,t,33.906023902780994,33.906023902780994
2105,t,33.906023902780994,33.906023902780994
2106,c,33.906023902780994,33.906023902780994
2107,t,33.906023902780994,33.906023902780994
2108,t,33.906023902780994,33.906023902780994
2109,c,33.906023902780994,33.906023902780994
2110,t,33.906023902780994,33.906023902780994
2111,na,5.993973895667731,19.802090157542427
2112,c,33.906023902780994,33.906023902780994
2113,t,33.906023902780994,33.906023902780994
2114,t,33.906023902780994,33.906023902780994
2115,t,33.906023902780994,33.906023902780994
2116,c,33.906023902780994,33.906023902780994
2117,t,33.906023902780994,33.906023902780994
2118,t,33.906023902780994,33.906023902780994
2119,c,33.906023902780994,33.906023902780994
2120,t,33.906023902780994,33.906023902780994
2121,t,33.906023902780994,33.906023902780994
2122,t,33.906023902780994,33.906023902780994
2123,t,33.906023902780994,33.906023902780994
2124,c,33.906023902780994,33.906023902780994
2125,t,33.906023902780994,33.906023902780994
2126,t,33.906023902780994,33.906023902780994
2127,c,33.906023902780994,33.906023902780994
2128,t,33.906023902780994,33.906023902780994
2129,t,33.906023902780994,33.906023902780994
2130,t,33.906023902780994,33.906023902780994
2131,c,33.906023902780994,33.906023902780994
2132,t,33.906023902780994,33.906023902780994
2133,t,33.906023902780994,33.906023902780994
2134,t,33.906023902780994,33.906023902780994
2135,c,33.906023902780994,33.906023902780994
2136,t,33.906023902780994,33.906023902780994
2137,c,33.906023902780994,33.906023902780994
2138,t,33.906023902780994,33.906023902780994
2139,t,33.906023902780994,33.906023902780994
2140,c,33.906023902780994,33.906023902780994
2141,c,33.906023902780994,33.906023902780994
2142,t,33.906023902780994,33.906023902780994
2143,c,33.906023902780994,33.906023902780994
2144,t,33.906023902780994,33.906023902780994
2145,c,33.906023902780994,33.906023902780994
2146,c,33.906023902780994,33.906023902780994
2147,t,33.906023902780994,33.906023902780994
2148,t,33.906023902780994,33.906023902780994
2149,t,33.906023902780994,33.906023902780994
2150,t,33.906023902780994,33.906023902780994
2151,c,33.906023902780994,33.906023902780994
2152,t,33.906023902780994,33.906023902780994
2153,c,33.906023902780994,33.906023902780994
2154,c,33.906023902780994,33.906023902780994
2155,t,33.906023902780994,33.906023902780994
2156,c,33.906023902780994,33.906023902780994
2157,t,33.906023902780994,33.906023902780994
2158,t,33.906023902780994,33.906023902780994
2159,c,33.906023902780994,33.906023902780994
2160,t,33.906023902780994,33.906023902780994
2161,c,33.906023902780994,33.906023902780994
2162,t,33.906023902780994,33.906023902780994
2163,c,33.906023902780994,33.906023902780994
2164,c,33.906023902780994,33.906023902780994
2165,t,33.906023902780994,33.906023902780994
2166,t,33.906023902780994,33.906023902780994
2167,c,33.906023902780994,33.906023902780994
2168,t,33.906023902780994,33.906023902780994
2169,t,33.906023902780994,33.906023902780994
2170,c,33.906023902780994,33.906023902780994
2171,c,33.906023902780994,33.906023902780994
2172,t,33.906023902780994,33.906023902780994
2173,c,33.906023902780994,33.906023902780994
2174,t,33.906023902780994,33.906023902780994
2175,c,33.906023902780994,33.906023902780994
2176,t,33.906023902780994,33.906023902780994
2177,t,33.906023902780994,33.906023902780994
2178,c,33.906023902780994,33.906023902780994
2179,t,33.906023902780994,33.906023902780994
2180,c,33.906023902780994,33.906023902780994
2181,c,33.906023902780994,33.906023902780994
2182,t,33.906023902780994,33.906023902780994
2183,t,33.906023902780994,33.906023902780994
2184,t,33.906023902780994,33.906023902780994
2185,c,33.906023902780994,33.906023902780994
2186,c,33.906023902780994,33.906023902780994
2187,c,33.906023902780994,33.906023902780994
2188,t,33.906023902780994,33.906023902780994
2189,c,33.906023902780994,33.906023902780994
2190,t,33.906023902780994,33.906023902780994
2191,t,33.906023902780994,33.906023902780994
2192,t,33.906023902780994,33.906023902780994
2193,t,33.906023902780994,33.906023902780994
2194,c,33.906023902780994,33.906023902780994
2195,t,33.906023902780994,33.906023902780994
2196,t,33.906023902780994,33.906023902780994
2197,c,33.906023902780994,33.906023902780994
2198,t,33.906023902780994,33.906023902780994
2199,t,33.906023902780994,33.906023902780994
2200,c,33.906023902780994,33.906023902780994
2201,c,33.906023902780994,33.906023902780994
2202,c,33.906023902780994,33.906023902780994
2203,c,33.906023902780994,33.906023902780994
2204,c,33.906023902780994,33.906023902780994
2205,t,33.906023902780994,33.906023902780994
2206,t,33.906023902780994,33.906023902780994
2207,c,33.906023902780994,33.906023902780994
2208,c,33.906023902780994,33.906023902780994
2209,t,33.906023902780994,33.906023902780994
2210,c,33.906023902780994,33.906023902780994
2211,c,33.906023902780994,33.906023902780994
2212,c,33.906023902780994,33.906023902780994
2213,c,33.906023902780994,33.906023902780994
2214,t,33.906023902780994,33.906023902780994
2215,t,33.906023902780994,33.906023902780994
2216,c,33.906023902780994,33.906023902780994
2217,c,33.906023902780994,33.906023902780994
2218,t,33.906023902780994,33.906023902780994
2219,c,33.906023902780994,33.906023902780994
2220,c,33.906023902780994,33.906023902780994
2221,c,33.906023902780994,33.906023902780994
2222,t,33.906023902780994,33.906023902780994
2223,t,33.906023902780994,33.906023902780994
2224,t,33.906023902780994,33.906023902780994
2225,c,33.906023902780994,33.906023902780994
2226,c,33.906023902780994,33.906023902780994
2227,t,33.906023902780994,33.906023902780994
2228,c,33.906023902780994,33.906023902780994
2229,c,33.906023902780994,33.906023902780994
2230,c,33.906023902780994,33.906023902780994
2231,c,33.906023902780994,33.906023902780994
2232,c,33.906023902780994,33.906023902780994
2233,c,10.528460936591687,17.994999261703054
2234,t,33.906023902780994,33.906023902780994
2235,c,33.906023902780994,33.906023902780994
2236,c,33.906023902780994,33.906023902780994
2237,t,33.906023902780994,33.906023902780994
2238,t,33.906023902780994,33.906023902780994
2239,c,33.906023902780994,33.906023902780994
2240,c,33.906023902780994,33.906023902780994
2241,c,33.906023902780994,33.906023902780994
2242,c,33.906023902780994,33.906023902780994
2243,c,33.906023902780994,33.906023902780994
2244,c,33.906023902780994,33.906023902780994
2245,c,33.906023902780994,33.906023902780994
2246,c,33.906023902780994,33.906023902780994
2247,c,33.906023902780994,33.906023902780994
2248,t,33.906023902780994,33.906023902780994
2249,c,33.906023902780994,33.906023902780994
2250,t,33.906023902780994,33.906023902780994
2251,t,33.906023902780994,33.906023902780994
2252,t,33.906023902780994,33.906023902780994
2253,c,33.906023902780994,33.906023902780994
2254,t,33.906023902780994,33.906023902780994
2255,c,33.906023902780994,33.906023902780994
2256,c,33.906023902780994,33.906023902780994
2257,t,33.906023902780994,33.906023902780994
2258,t,33.906023902780994,33.906023902780994
2259,c,33.906023902780994,33.906023902780994
2260,t,33.906023902780994,33.906023902780994
2261,c,33.906023902780994,33.906023902780994
2262,c,33.906023902780994,33.906023902780994
2263,t,33.906023902780994,33.906023902780994
2264,c,33.906023902780994,33.906023902780994
2265,c,33.906023902780994,33.906023902780994
2266,c,33.906023902780994,33.906023902780994
2267,t,33.906023902780994,33.906023902780994
2268,c,33.906023902780994,33.906023902780994
2269,t,33.906023902780994,33.906023902780994
2270,t,33.906023902780994,33.906023902780994
2271,t,33.906023902780994,33.906023902780994
2272,t,33.906023902780994,33.906023902780994
2273,c,33.906023902780994,33.906023902780994
2274,c,33.906023902780994,33.906023902780994
2275,t,33.906023902780994,33.906023902780994
2276,c,33.906023902780994,33.906023902780994
2277,c,33.906023902780994,33.906023902780994
2278,na,0,8.256978228303984
2279,c,33.906023902780994,33.906023902780994
2280,c,33.906023902780994,33.906023902780994
2281,t,33.906023902780994,33.906023902780994
2282,c,33.906023902780994,33.906023902780994
2283,c,8.850895067035344,17.1430898870292
2284,c,33.906023902780994,33.906023902780994
2285,na,2.115389557875764,6.115379012584932
2286,t,33.906023902780994,33.906023902780994
2287,c,33.906023902780994,33.906023902780994
2288,c,33.906023902780994,33.906023902780994
2289,c,33.906023902780994,33.906023902780994
2290,t,33.906023902780994,33.906023902780994
2291,c,33.906023902780994,33.906023902780994
2292,c,33.906023902780994,33.906023902780994
2293,c,33.906023902780994,33.906023902780994
2294,t,33.906023902780994,33.906023902780994
2295,t,33.906023902780994,33.906023902780994
2296,t,33.906023902780994,33.906023902780994
2297,c,33.906023902780994,33.906023902780994
2298,t,33.906023902780994,33.906023902780994
2299,t,33.906023902780994,33.906023902780994
2300,c,33.906023902780994,33.906023902780994
2301,t,33.906023902780994,33.906023902780994
2302,c,33.906023902780994,33.906023902780994
2303,t,33.906023902780994,33.906023902780994
2304,c,33.906023902780994,33.906023902780994
2305,c,33.906023902780994,33.906023902780994
2306,c,33.906023902780994,33.906023902780994
2307,t,33.906023902780994,33.906023902780994
2308,c,33.906023902780994,33.906023902780994
2309,t,33.906023902780994,33.906023902780994
2310,t,33.906023902780994,33.906023902780994
2311,c,33.906023902780994,33.906023902780994
2312,t,33.906023902780994,33.906023902780994
2313,c,33.906023902780994,33.906023902780994
2314,c,33.906023902780994,33.906023902780994
2315,c,33.906023902780994,33.906023902780994
2316,na,-1,0
2317,t,33.906023902780994,33.906023902780994
2318,c,33.906023902780994,33.906023902780994
2319,t,33.906023902780994,33.906023902780994
2320,t,33.906023902780994,33.906023902780994
2321,t,33.906023902780994,33.906023902780994
2322,c,33.906023902780994,33.906023902780994
2323,t,33.906023902780994,33.906023902780994
2324,c,33.906023902780994,33.906023902780994
2325,c,33.906023902780994,33.906023902780994
2326,t,33.906023902780994,33.906023902780994
2327,t,33.906023902780994,33.906023902780994
2328,c,33.906023902780994,33.906023902780994
2329,t,33.906023902780994,33.906023902780994
2330,t,33.906023902780994,33.906023902780994
2331,c,33.906023902780994,33.906023902780994
2332,na,0.40437965163297723,1.616343917463775
2333,c,33.906023902780994,33.906023902780994
2334,t,33.906023902780994,33.906023902780994
2335,t,33.906023902780994,33.906023902780994
2336,c,33.906023902780994,33.906023902780994
2337,c,33.906023902780994,33.906023902780994
2338,c,33.906023902780994,33.906023902780994
2339,t,33.906023902780994,33.906023902780994
2340,c,33.906023902780994,33.906023902780994
2341,t,33.906023902780994,33.906023902780994
2342,c,33.906023902780994,33.906023902780994
2343,c,33.906023902780994,33.906023902780994
2344,t,33.906023902780994,33.906023902780994
2345,t,33.906023902780994,33.906023902780994
2346,t,33.906023902780994,33.906023902780994
2347,t,33.906023902780994,33.906023902780994
2348,c,33.906023902780994,33.906023902780994
2349,t,33.906023902780994,33.906023902780994
2350,t,33.906023902780994,33.906023902780994
2351,t,33.906023902780994,33.906023902780994
2352,c,33.906023902780994,33.906023902780994
2353,t,33.906023902780994,33.906023902780994
2354,c,33.906023902780994,33.906023902780994
2355,t,33.906023902780994,33.906023902780994
2356,t,33.906023902780994,33.906023902780994
2357,t,33.906023902780994,33.906023902780994
2358,t,33.906023902780994,33.906023902780994
2359,c,33.906023902780994,33.906023902780994
2360,c,33.906023902780994,33.906023902780994
2361,t,33.906023902780994,33.906023902780994
2362,na,7.876351338277044,13.04426650719356
2363,t,33.906023902780994,33.906023902780994
2364,c,33.906023902780994,33.906023902780994
2365,c,33.906023902780994,33.906023902780994
2366,c,33.906023902780994,33.906023902780994
2367,c,33.906023902780994,33.906023902780994
2368,c,33.906023902780994,33.906023902780994
2369,c,33.906023902780994,33.906023902780994
2370,c,33.906023902780994,33.906023902780994
2371,t,33.906023902780994,33.906023902780994
2372,t,33.906023902780994,33.906023902780994
2373,t,33.906023902780994,33.906023902780994
2374,c,33.906023902780994,33.906023902780994
2375,c,33.906023902780994,33.906023902780994
2376,c,33.906023902780994,33.906023902780994
2377,c,33.906023902780994,33.906023902780994
2378,c,33.906023902780994,33.906023902780994
2379,t,33.906023902780994,33.906023902780994
2380,t,33.906023902780994,33.906023902780994
2381,t,33.906023902780994,33.906023902780994
2382,t,33.906023902780994,33.906023902780994
2383,c,33.906023902780994,33.906023902780994
2384,c,33.906023902780994,33.906023902780994
2385,c,33.906023902780994,33.906023902780994
2386,t,33.906023902780994,33.906023902780994
2387,t,33.906023902780994,33.906023902780994
2388,c,33.906023902780994,33.906023902780994
2389,c,33.906023902780994,33.906023902780994
2390,t,33.906023902780994,33.906023902780994
2391,c,33.906023902780994,33.906023902780994
2392,c,33.906023902780994,33.906023902780994
2393,c,33.906023902780994,33.906023902780994
2394,c,33.906023902780994,33.906023902780994
2395,c,33.906023902780994,33.906023902780994
2396,c,33.906023902780994,33.906023902780994
2397,c,33.906023902780994,33.906023902780994
2398,c,33.906023902780994,33.906023902780994
2399,c,33.906023902780994,33.906023902780994
2400,c,33.906023902780994,33.906023902780994
2401,t,33.906023902780994,33.906023902780994
2402,c,33.906023902780994,33.906023902780994
2403,c,33.906023902780994,33.906023902780994
2404,c,2.2642065630468884,5.272411150473221
2405,c,33.906023902780994,33.906023902780994
2406,t,33.906023902780994,33.906023902780994
2407,t,33.906023902780994,33.906023902780994
2408,c,33.906023902780994,33.906023902780994
2409,c,33.906023902780994,33.906023902780994
2410,t,33.906023902780994,33.906023902780994
2411,na,0,12.911164621427565
2412,t,33.906023902780994,33.906023902780994
2413,c,33.906023902780994,33.906023902780994
2414,t,33.906023902780994,33.906023902780994
2415,t,33.906023902780994,33.906023902780994
2416,t,33.906023902780994,33.906023902780994
2417,t,33.906023902780994,33.906023902780994
2418,t,33.906023902780994,33.906023902780994
2419,t,33.906023902780994,33.906023902780994
2420,c,33.906023902780994,33.906023902780994
2421,c,33.906023902780994,33.906023902780994
2422,t,33.906023902780994,33.906023902780994
2423,t,33.906023902780994,33.906023902780994
2424,t,33.906023902780994,33.906023902780994
2425,c,33.906023902780994,33.906023902780994
2426,c,33.906023902780994,33.906023902780994
2427,t,33.906023902780994,33.906023902780994
2428,t,33.906023902780994,33.906023902780994
2429,t,33.906023902780994,33.906023902780994
2430,c,33.906023902780994,33.906023902780994
2431,c,33.906023902780994,33.906023902780994
2432,c,33.906023902780994,33.906023902780994
2433,c,33.906023902780994,33.906023902780994
2434,t,33.906023902780994,33.906023902780994
2435,c,33.906023902780994,33.906023902780994
2436,c,33.906023902780994,33.906023902780994
2437,t,33.906023902780994,33.906023902780994
2438,t,33.906023902780994,33.906023902780994
2439,c,33.906023902780994,33.906023902780994
2440,c,33.906023902780994,33.906023902780994
2441,t,33.906023902780994,33.906023902780994
2442,c,33.906023902780994,33.906023902780994
2443,c,33.906023902780994,33.906023902780994
2444,c,33.906023902780994,33.906023902780994
2445,t,33.906023902780994,33.906023902780994
2446,c,33.906023902780994,33.906023902780994
2447,t,33.906023902780994,33.906023902780994
2448,t,33.906023902780994,33.906023902780994
2449,t,33.906023902780994,33.906023902780994
2450,t,33.906023902780994,33.906023902780994
2451,t,33.906023902780994,33.906023902780994
2452,t,33.906023902780994,33.906023902780994
2453,t,33.906023902780994,33.906023902780994
2454,c,33.906023902780994,33.906023902780994
2455,c,33.906023902780994,33.906023902780994
2456,c,33.906023902780994,33.906023902780994
2457,t,33.906023902780994,33.906023902780994
2458,c,33.906023902780994,33.906023902780994
2459,c,33.906023902780994,33.906023902780994
2460,t,33.906023902780994,33.906023902780994
2461,t,33.906023902780994,33.906023902780994
2462,c,33.906023902780994,33.906023902780994
2463,c,33.906023902780994,33.906023902780994
2464,t,33.906023902780994,33.906023902780994
2465,t,33.906023902780994,33.906023902780994
2466,t,33.906023902780994,33.906023902780994
2467,c,33.906023902780994,33.906023902780994
2468,t,33.906023902780994,33.906023902780994
2469,t,33.906023902780994,33.906023902780994
2470,c,33.906023902780994,33.906023902780994
2471,t,33.906023902780994,33.906023902780994
2472,c,33.906023902780994,33.906023902780994
2473,t,33.906023902780994,33.906023902780994
2474,c,33.906023902780994,33.906023902780994
2475,c,33.906023902780994,33.906023902780994
2476,c,33.906023902780994,33.906023902780994
2477,t,33.906023902780994,33.906023902780994
2478,t,33.906023902780994,33.906023902780994
2479,c,33.906023902780994,33.906023902780994
2480,t,33.906023902780994,33.906023902780994
2481,t,33.906023902780994,33.906023902780994
2482,c,33.906023902780994,33.906023902780994
2483,t,33.906023902780994,33.906023902780994
2484,c,33.906023902780994,33.906023902780994
2485,t,33.906023902780994,33.906023902780994
2486,t,33.906023902780994,33.906023902780994
2487,c,33.906023902780994,33.906023902780994
2488,na,-1,0
2489,t,33.906023902780994,33.906023902780994
2490,t,33.906023902780994,33.906023902780994
2491,c,33.906023902780994,33.906023902780994
2492,t,33.906023902780994,33.906023902780994
2493,t,33.906023902780994,33.906023902780994
2494,c,33.906023902780994,33.906023902780994
2495,c,33.906023902780994,33.906023902780994
2496,c,33.906023902780994,33.906023902780994
2497,t,33.906023902780994,33.906023902780994
2498,t,33.906023902780994,33.906023902780994
2499,t,33.906023902780994,33.906023902780994
2500,c,33.906023902780994,33.906023902780994
2501,t,33.906023902780994,33.906023902780994
2502,c,33.906023902780994,33.906023902780994
2503,c,33.906023902780994,33.906023902780994
2504,t,33.906023902780994,33.906023902780994
2505,t,33.906023902780994,33.906023902780994
2506,c,33.906023902780994,33.906023902780994
2507,c,33.906023902780994,33.906023902780994
2508,c,33.906023902780994,33.906023902780994
2509,t,33.906023902780994,33.906023902780994
2510,c,33.906023902780994,33.906023902780994
2511,na,3.420349717552674,11.322089849696884
2512,t,33.906023902780994,33.906023902780994
2513,t,33.906023902780994,33.906023902780994
2514,c,33.906023902780994,33.906023902780994
2515,t,33.906023902780994,33.906023902780994
2516,c,33.906023902780994,33.906023902780994
2517,c,33.906023902780994,33.906023902780994
2518,t,33.906023902780994,33.906023902780994
2519,t,33.906023902780994,33.906023902780994
2520,t,33.906023902780994,33.906023902780994
2521,t,33.906023902780994,33.906023902780994
2522,t,33.906023902780994,33.906023902780994
2523,t,33.906023902780994,33.906023902780994
2524,t,33.906023902780994,33.906023902780994
2525,c,33.906023902780994,33.906023902780994
2526,t,33.906023902780994,33.906023902780994
2527,t,33.906023902780994,33.906023902780994
2528,c,33.906023902780994,33.906023902780994
2529,t,33.906023902780994,33.906023902780994
2530,c,33.906023902780994,33.906023902780994
2531,t,33.906023902780994,33.906023902780994
2532,c,33.906023902780994,33.906023902780994
2533,t,33.906023902780994,33.906023902780994
2534,t,33.906023902780994,33.906023902780994
2535,c,33.906023902780994,33.906023902780994
2536,c,33.906023902780994,33.906023902780994
2537,t,33.906023902780994,33.906023902780994
2538,t,33.906023902780994,33.906023902780994
2539,t,33.906023902780994,33.906023902780994
2540,c,33.906023902780994,33.906023902780994
2541,c,33.906023902780994,33.906023902780994
2542,c,33.906023902780994,33.906023902780994
2543,c,33.906023902780994,33.906023902780994
2544,t,33.906023902780994,33.906023902780994
2545,t,33.906023902780994,33.906023902780994
2546,c,33.906023902780994,33.906023902780994
2547,c,33.906023902780994,33.906023902780994
2548,t,33.906023902780994,33.906023902780994
2549,c,33.906023902780994,33.906023902780994
2550,c,33.906023902780994,33.906023902780994
2551,t,33.906023902780994,33.906023902780994
2552,t,33.906023902780994,33.906023902780994
2553,c,33.906023902780994,33.906023902780994
2554,c,33.906023902780994,33.906023902780994
2555,c,33.906023902780994,33.906023902780994
2556,c,33.906023902780994,33.906023902780994
2557,c,33.906023902780994,33.906023902780994
2558,t,33.906023902780994,33.906023902780994
2559,c,33.906023902780994,33.906023902780994
2560,c,33.906023902780994,33.906023902780994
2561,t,33.906023902780994,33.906023902780994
2562,c,33.906023902780994,33.906023902780994
2563,c,33.906023902780994,33.906023902780994
2564,c,33.906023902780994,33.906023902780994
2565,c,33.906023902780994,33.906023902780994
2566,t,33.906023902780994,33.906023902780994
2567,t,33.906023902780994,33.906023902780994
2568,t,33.906023902780994,33.906023902780994
2569,c,33.906023902780994,33.906023902780994
2570,c,33.906023902780994,33.906023902780994
2571,c,33.906023902780994,33.906023902780994
2572,c,33.906023902780994,33.906023902780994
2573,t,33.906023902780994,33.906023902780994
2574,c,33.906023902780994,33.906023902780994
2575,t,33.906023902780994,33.906023902780994
2576,c,33.906023902780994,33.906023902780994
2577,t,33.906023902780994,33.906023902780994
2578,t,33.906023902780994,33.906023902780994
2579,c,33.906023902780994,33.906023902780994
2580,t,33.906023902780994,33.906023902780994
2581,c,33.906023902780994,33.906023902780994
2582,c,33.906023902780994,33.906023902780994
2583,c,33.906023902780994,33.906023902780994
2584,t,33.906023902780994,33.906023902780994
2585,t,33.906023902780994,33.906023902780994
2586,c,33.906023902780994,33.906023902780994
2587,t,33.906023902780994,33.906023902780994
2588,t,33.906023902780994,33.906023902780994
2589,t,33.906023902780994,33.906023902780994
2590,c,33.906023902780994,33.906023902780994
2591,t,33.906023902780994,33.906023902780994
2592,c,33.906023902780994,33.906023902780994
2593,t,33.906023902780994,33.906023902780994
2594,c,33.906023902780994,33.906023902780994
2595,t,33.906023902780994,33.906023902780994
2596,t,33.906023902780994,33.906023902780994
2597,t,33.906023902780994,33.906023902780994
2598,c,33.906023902780994,33.906023902780994
2599,c,33.906023902780994,33.906023902780994
2600,t,33.906023902780994,33.906023902780994
2601,t,33.906023902780994,33.906023902780994
2602,t,33.906023902780994,33.906023902780994
2603,c,33.906023902780994,33.906023902780994
2604,c,33.906023902780994,33.906023902780994
2605,t,33.906023902780994,33.906023902780994
2606,c,33.906023902780994,33.906023902780994
2607,t,33.906023902780994,33.906023902780994
2608,c,33.906023902780994,33.906023902780994
2609,c,33.906023902780994,33.906023902780994
2610,c,33.906023902780994,33.906023902780994
2611,t,33.906023902780994,33.906023902780994
2612,c,33.906023902780994,33.906023902780994
2613,c,33.906023902780994,33.906023902780994
2614,c,33.906023902780994,33.906023902780994
2615,t,33.906023902780994,33.906023902780994
2616,c,33.906023902780994,33.906023902780994
2617,t,33.906023902780994,33.906023902780994
2618,c,33.906023902780994,33.906023902780994
2619,c,33.906023902780994,33.906023902780994
2620,t,33.906023902780994,33.906023902780994
2621,c,33.906023902780994,33.906023902780994
2622,c,33.906023902780994,33.906023902780994
2623,t,33.906023902780994,33.906023902780994
2624,t,33.906023902780994,33.906023902780994
2625,c,33.906023902780994,33.906023902780994
2626,c,33.906023902780994,33.906023902780994
2627,c,33.906023902780994,33.906023902780994
2628,t,33.906023902780994,33.906023902780994
2629,t,33.906023902780994,33.906023902780994
2630,t,33.906023902780994,33.906023902780994
2631,c,33.906023902780994,33.906023902780994
2632,c,33.906023902780994,33.906023902780994
2633,t,33.906023902780994,33.906023902780994
2634,c,33.906023902780994,33.906023902780994
2635,c,33.906023902780994,33.906023902780994
2636,c,33.906023902780994,33.906023902780994
2637,t,33.906023902780994,33.906023902780994
2638,c,33.906023902780994,33.906023902780994
2639,c,33.906023902780994,33.906023902780994
2640,c,33.906023902780994,33.906023902780994
2641,c,33.906023902780994,33.906023902780994
2642,c,33.906023902780994,33.906023902780994
2643,c,33.906023902780994,33.906023902780994
2644,c,33.906023902780994,33.906023902780994
2645,c,33.906023902780994,33.906023902780994
2646,t,33.906023902780994,33.906023902780994
2647,c,33.906023902780994,33.906023902780994
2648,t,33.906023902780994,33.906023902780994
2649,c,33.906023902780994,33.906023902780994
2650,c,33.906023902780994,33.906023902780994
2651,t,33.906023902780994,33.906023902780994
2652,c,33.906023902780994,33.906023902780994
2653,c,33.906023902780994,33.906023902780994
2654,c,33.906023902780994,33.906023902780994
2655,t,33.906023902780994,33.906023902780994
2656,t,33.906023902780994,33.906023902780994
2657,t,33.906023902780994,33.906023902780994
2658,c,33.906023902780994,33.906023902780994
2659,na,0,4.100708640323697
2660,c,33.906023902780994,33.906023902780994
2661,c,33.906023902780994,33.906023902780994
2662,c,33.906023902780994,33.906023902780994
2663,c,33.906023902780994,33.906023902780994
2664,c,33.906023902780994,33.906023902780994
2665,c,33.906023902780994,33.906023902780994
2666,t,33.906023902780994,33.906023902780994
2667,c,33.906023902780994,33.906023902780994
2668,t,33.906023902780994,33.906023902780994
2669,t,33.906023902780994,33.906023902780994
2670,t,33.906023902780994,33.906023902780994
2671,t,33.906023902780994,33.906023902780994
2672,t,33.906023902780994,33.906023902780994
2673,c,33.906023902780994,33.906023902780994
2674,t,33.906023902780994,33.906023902780994
2675,t,33.906023902780994,33.906023902780994
2676,t,33.906023902780994,33.906023902780994
2677,c,33.906023902780994,33.906023902780994
2678,t,33.906023902780994,33.906023902780994
2679,t,33.906023902780994,33.906023902780994
2680,t,33.906023902780994,33.906023902780994
2681,t,33.906023902780994,33.906023902780994
2682,c,33.906023902780994,33.906023902780994
2683,t,33.906023902780994,33.906023902780994
2684,c,33.906023902780994,33.906023902780994
2685,c,33.906023902780994,33.906023902780994
2686,c,33.906023902780994,33.906023902780994
2687,t,33.906023902780994,33.906023902780994
2688,t,33.906023902780994,33.906023902780994
2689,c,33.906023902780994,33.906023902780994
2690,t,33.906023902780994,33.906023902780994
2691,c,33.906023902780994,33.906023902780994
2692,c,33.906023902780994,33.906023902780994
2693,t,33.906023902780994,33.906023902780994
2694,t,33.906023902780994,33.906023902780994
2695,t,33.906023902780994,33.906023902780994
2696,t,33.906023902780994,33.906023902780994
2697,t,33.906023902780994,33.906023902780994
2698,t,33.906023902780994,33.906023902780994
2699,c,33.906023902780994,33.906023902780994
2700,t,33.906023902780994,33.906023902780994
2701,na,0,2.000393724746342
2702,t,33.906023902780994,33.906023902780994
2703,c,33.906023902780994,33.906023902780994
2704,c,33.906023902780994,33.906023902780994
2705,t,33.906023902780994,33.906023902780994
2706,c,33.906023902780994,33.906023902780994
2707,t,33.906023902780994,33.906023902780994
2708,c,33.906023902780994,33.906023902780994
2709,t,33.906023902780994,33.906023902780994
2710,t,33.906023902780994,33.906023902780994
2711,c,33.906023902780994,33.906023902780994
2712,c,33.906023902780994,33.906023902780994
2713,t,33.906023902780994,33.906023902780994
2714,c,33.906023902780994,33.906023902780994
2715,c,33.906023902780994,33.906023902780994
2716,t,33.906023902780994,33.906023902780994
2717,t,33.906023902780994,33.906023902780994
2718,t,33.906023902780994,33.906023902780994
2719,c,33.906023902780994,33.906023902780994
2720,c,33.906023902780994,33.906023902780994
2721,c,33.906023902780994,33.906023902780994
2722,c,33.906023902780994,33.906023902780994
2723,t,33.906023902780994,33.906023902780994
2724,t,33.906023902780994,33.906023902780994
2725,t,33.906023902780994,33.906023902780994
2726,c,33.906023902780994,33.906023902780994
2727,t,33.906023902780994,33.906023902780994
2728,c,33.906023902780994,33.906023902780994
2729,c,33.906023902780994,33.906023902780994
2730,t,33.906023902780994,33.906023902780994
2731,t,33.906023902780994,33.906023902780994
2732,t,33.906023902780994,33.906023902780994
2733,t,33.906023902780994,33.906023902780994
2734,c,33.906023902780994,33.906023902780994
2735,c,33.906023902780994,33.906023902780994
2736,t,33.906023902780994,33.906023902780994
2737,t,33.906023902780994,33.906023902780994
2738,c,33.906023902780994,33.906023902780994
2739,t,33.906023902780994,33.906023902780994
2740,t,33.906023902780994,33.906023902780994
2741,t,33.906023902780994,33.906023902780994
2742,t,33.906023902780994,33.906023902780994
2743,t,33.906023902780994,33.906023902780994
2744,t,33.906023902780994,33.906023902780994
2745,t,33.906023902780994,33.906023902780994
2746,t,33.906023902780994,33.906023902780994
2747,c,33.906023902780994,33.906023902780994
2748,c,33.906023902780994,33.906023902780994
2749,c,33.906023902780994,33.906023902780994
2750,c,33.906023902780994,33.906023902780994
2751,c,33.906023902780994,33.906023902780994
2752,t,33.906023902780994,33.906023902780994
2753,t,33.906023902780994,33.906023902780994
2754,c,33.906023902780994,33.906023902780994
2755,c,33.906023902780994,33.906023902780994
2756,t,33.906023902780994,33.906023902780994
2757,t,33.906023902780994,33.906023902780994
2758,c,33.906023902780994,33.906023902780994
2759,t,33.906023902780994,33.906023902780994
2760,t,33.906023902780994,33.906023902780994
2761,c,33.906023902780994,33.906023902780994
2762,t,33.906023902780994,33.906023902780994
2763,t,33.906023902780994,33.906023902780994
2764,c,33.906023902780994,33.906023902780994
2765,t,33.906023902780994,33.906023902780994
2766,c,33.906023902780994,33.906023902780994
2767,t,33.906023902780994,33.906023902780994
2768,t,33.906023902780994,33.906023902780994
2769,c,33.906023902780994,33.906023902780994
2770,t,33.906023902780994,33.906023902780994
2771,c,33.906023902780994,33.906023902780994
2772,c,33.906023902780994,33.906023902780994
2773,c,33.906023902780994,33.906023902780994
2774,c,33.906023902780994,33.906023902780994
2775,t,33.906023902780994,33.906023902780994
2776,c,33.906023902780994,33.906023902780994
2777,t,33.906023902780994,33.906023902780994
2778,c,33.906023902780994,33.906023902780994
2779,c,33.906023902780994,33.906023902780994
2780,t,33.906023902780994,33.906023902780994
2781,t,33.906023902780994,33.906023902780994
2782,c,33.906023902780994,33.906023902780994
2783,na,-1,0
2784,c,33.906023902780994,33.906023902780994
2785,t,33.906023902780994,33.906023902780994
2786,t,33.906023902780994,33.906023902780994
2787,t,33.906023902780994,33.906023902780994
2788,t,33.906023902780994,33.906023902780994
2789,c,33.906023902780994,33.906023902780994
2790,na,0,7.132570860809307
2791,c,33.906023902780994,33.906023902780994
2792,t,33.906023902780994,33.906023902780994
2793,t,33.906023902780994,33.906023902780994
2794,c,33.906023902780994,33.906023902780994
2795,c,33.906023902780994,33.906023902780994
2796,t,33.906023902780994,33.906023902780994
2797,t,33.906023902780994,33.906023902780994
2798,t,33.906023902780994,33.906023902780994
2799,t,33.906023902780994,33.906023902780994
2800,c,33.906023902780994,33.906023902780994
2801,c,33.906023902780994,33.906023902780994
2802,c,33.906023902780994,33.906023902780994
2803,t,33.906023902780994,33.906023902780994
2804,c,33.906023902780994,33.906023902780994
2805,t,33.906023902780994,33.906023902780994
2806,c,33.906023902780994,33.906023902780994
2807,t,33.906023902780994,33.906023902780994
2808,t,33.906023902780994,33.906023902780994
2809,c,33.906023902780994,33.906023902780994
2810,t,33.906023902780994,33.906023902780994
2811,c,33.906023902780994,33.906023902780994
2812,t,33.906023902780994,33.906023902780994
2813,c,20.945349473057842,29.193767320764206
2814,t,33.906023902780994,33.906023902780994
2815,t,33.906023902780994,33.906023902780994
2816,c,33.906023902780994,33.906023902780994
2817,t,33.906023902780994,33.906023902780994
2818,t,33.906023902780994,33.906023902780994
2819,t,33.906023902780994,33.906023902780994
2820,na,-1,0
2821,c,33.906023902780994,33.906023902780994
2822,t,33.906023902780994,33.906023902780994
2823,c,33.906023902780994,33.906023902780994
2824,c,33.906023902780994,33.906023902780994
2825,t,33.906023902780994,33.906023902780994
2826,c,33.906023902780994,33.906023902780994
2827,c,33.906023902780994,33.906023902780994
2828,t,33.906023902780994,33.906023902780994
2829,t,33.906023902780994,33.906023902780994
2830,c,33.906023902780994,33.906023902780994
2831,t,33.906023902780994,33.906023902780994
2832,t,33.906023902780994,33.906023902780994
2833,c,33.906023902780994,33.906023902780994
2834,t,33.906023902780994,33.906023902780994
2835,c,33.906023902780994,33.906023902780994
2836,c,33.906023902780994,33.906023902780994
2837,t,33.906023902780994,33.906023902780994
2838,t,33.906023902780994,33.906023902780994
2839,t,33.906023902780994,33.906023902780994
2840,t,33.906023902780994,33.906023902780994
2841,c,33.906023902780994,33.906023902780994
2842,t,33.906023902780994,33.906023902780994
2843,t,33.906023902780994,33.906023902780994
2844,c,33.906023902780994,33.906023902780994
2845,t,33.906023902780994,33.906023902780994
2846,t,33.906023902780994,33.906023902780994
2847,c,33.906023902780994,33.906023902780994
2848,t,33.906023902780994,33.906023902780994
2849,t,33.906023902780994,33.906023902780994
2850,c,33.906023902780994,33.906023902780994
2851,c,33.906023902780994,33.906023902780994
2852,t,33.906023902780994,33.906023902780994
2853,t,33.906023902780994,33.906023902780994
2854,t,33.906023902780994,33.906023902780994
2855,t,33.906023902780994,33.906023902780994
2856,t,33.906023902780994,33.906023902780994
2857,c,33.906023902780994,33.906023902780994
2858,t,33.906023902780994,33.906023902780994
2859,t,33.906023902780994,33.906023902780994
2860,t,33.906023902780994,33.906023902780994
2861,c,33.906023902780994,33.906023902780994
2862,t,33.906023902780994,33.906023902780994
2863,t,33.906023902780994,33.906023902780994
2864,t,33.906023902780994,33.906023902780994
2865,t,33.906023902780994,33.906023902780994
2866,c,33.906023902780994,33.906023902780994
2867,c,33.906023902780994,33.906023902780994
2868,t,33.906023902780994,33.906023902780994
2869,t,33.906023902780994,33.906023902780994
2870,c,33.906023902780994,33.906023902780994
2871,c,33.906023902780994,33.906023902780994
2872,t,33.906023902780994,33.906023902780994
2873,t,33.906023902780994,33.906023902780994
2874,t,33.906023902780994,33.906023902780994
2875,t,33.906023902780994,33.906023902780994
2876,t,33.906023902780994,33.906023902780994
2877,c,33.906023902780994,33.906023902780994
2878,c,33.906023902780994,33.906023902780994
2879,c,33.906023902780994,33.906023902780994
2880,c,33.906023902780994,33.906023902780994
2881,c,33.906023902780994,33.906023902780994
2882,t,33.906023902780994,33.906023902780994
2883,c,33.906023902780994,33.906023902780994
2884,t,33.906023902780994,33.906023902780994
2885,c,33.906023902780994,33.906023902780994
2886,t,33.906023902780994,33.906023902780994
2887,t,33.906023902780994,33.906023902780994
2888,t,33.906023902780994,33.906023902780994
2889,c,33.906023902780994,33.906023902780994
2890,t,33.906023902780994,33.906023902780994
2891,c,33.906023902780994,33.906023902780994
2892,t,33.906023902780994,33.906023902780994
2893,c,33.906023902780994,33.906023902780994
2894,c,33.906023902780994,33.906023902780994
2895,t,33.906023902780994,33.906023902780994
2896,t,33.906023902780994,33.906023902780994
2897,t,33.906023902780994,33.906023902780994
2898,c,33.906023902780994,33.906023902780994
2899,c,33.906023902780994,33.906023902780994
2900,c,33.906023902780994,33.906023902780994
2901,c,33.906023902780994,33.906023902780994
2902,c,33.906023902780994,33.906023902780994
2903,c,33.906023902780994,33.906023902780994
2904,t,33.906023902780994,33.906023902780994
2905,t,33.906023902780994,33.906023902780994
2906,c,33.906023902780994,33.906023902780994
2907,c,33.906023902780994,33.906023902780994
2908,t,33.906023902780994,33.906023902780994
2909,c,33.906023902780994,33.906023902780994
2910,t,33.906023902780994,33.906023902780994
2911,c,33.906023902780994,33.906023902780994
2912,c,33.906023902780994,33.906023902780994
2913,c,33.906023902780994,33.906023902780994
2914,c,33.906023902780994,33.906023902780994
2915,t,33.906023902780994,33.906023902780994
2916,c,33.906023902780994,33.906023902780994
2917,t,33.906023902780994,33.906023902780994
2918,t,33.906023902780994,33.906023902780994
2919,c,33.906023902780994,33.906023902780994
2920,c,33.906023902780994,33.906023902780994
2921,t,33.906023902780994,33.906023902780994
2922,t,33.906023902780994,33.906023902780994
2923,c,33.906023902780994,33.906023902780994
2924,c,33.906023902780994,33.906023902780994
2925,t,33.906023902780994,33.906023902780994
2926,t,33.906023902780994,33.906023902780994
2927,c,33.906023902780994,33.906023902780994
2928,t,33.906023902780994,33.906023902780994
2929,c,33.906023902780994,33.906023902780994
2930,c,33.906023902780994,33.906023902780994
2931,c,4.49701241426949,6.816682876867569
2932,t,33.906023902780994,33.906023902780994
2933,c,33.906023902780994,33.906023902780994
2934,c,33.906023902780994,33.906023902780994
2935,t,33.906023902780994,33.906023902780994
2936,c,33.906023902780994,33.906023902780994
2937,c,33.906023902780994,33.906023902780994
2938,c,33.906023902780994,33.906023902780994
2939,c,33.906023902780994,33.906023902780994
2940,c,33.906023902780994,33.906023902780994
2941,t,33.906023902780994,33.906023902780994
2942,t,33.906023902780994,33.906023902780994
2943,c,33.906023902780994,33.906023902780994
2944,t,33.906023902780994,33.906023902780994
2945,t,33.906023902780994,33.906023902780994
2946,c,33.906023902780994,33.906023902780994
2947,c,33.906023902780994,33.906023902780994
2948,c,33.906023902780994,33.906023902780994
2949,t,33.906023902780994,33.906023902780994
2950,c,33.906023902780994,33.906023902780994
2951,t,33.906023902780994,33.906023902780994
2952,t,33.906023902780994,33.906023902780994
2953,c,33.906023902780994,33.906023902780994
2954,c,33.906023902780994,33.906023902780994
2955,c,33.906023902780994,33.906023902780994
2956,t,33.906023902780994,33.906023902780994
2957,c,33.906023902780994,33.906023902780994
2958,t,33.906023902780994,33.906023902780994
2959,t,33.906023902780994,33.906023902780994
2960,c,33.906023902780994,33.906023902780994
2961,t,33.906023902780994,33.906023902780994
2962,c,33.906023902780994,33.906023902780994
2963,t,33.906023902780994,33.906023902780994
2964,c,33.906023902780994,33.906023902780994
2965,t,33.906023902780994,33.906023902780994
2966,c,33.906023902780994,33.906023902780994
2967,c,33.906023902780994,33.906023902780994
2968,t,33.906023902780994,33.906023902780994
2969,t,33.906023902780994,33.906023902780994
2970,t,33.906023902780994,33.906023902780994
2971,c,33.906023902780994,33.906023902780994
2972,c,33.906023902780994,33.906023902780994
2973,c,33.906023902780994,33.906023902780994
2974,t,33.906023902780994,33.906023902780994
2975,t,33.906023902780994,33.906023902780994
2976,t,33.906023902780994,33.906023902780994
2977,t,33.906023902780994,33.906023902780994
2978,c,33.906023902780994,33.906023902780994
2979,c,33.906023902780994,33.906023902780994
2980,t,33.906023902780994,33.906023902780994
2981,c,33.906023902780994,33.906023902780994
2982,c,33.906023902780994,33.906023902780994
2983,t,33.906023902780994,33.906023902780994
2984,c,33.906023902780994,33.906023902780994
2985,t,33.906023902780994,33.906023902780994
2986,c,33.906023902780994,33.906023902780994
2987,t,33.906023902780994,33.906023902780994
2988,c,33.906023902780994,33.906023902780994
2989,c,33.906023902780994,33.906023902780994
2990,c,33.906023902780994,33.906023902780994
2991,c,33.906023902780994,33.906023902780994
2992,t,33.906023902780994,33.906023902780994
2993,c,33.906023902780994,33.906023902780994
2994,c,33.906023902780994,33.906023902780994
2995,t,33.906023902780994,33.906023902780994
2996,t,33.906023902780994,33.906023902780994
2997,t,33.906023902780994,33.906023902780994
2998,t,33.906023902780994,33.906023902780994
2999,c,9.853600624571099,17.08216051805103
3000,c,33.906023902780994,33.906023902780994
3001,t,33.906023902780994,33.906023902780994
3002,c,33.906023902780994,33.906023902780994
3003,t,33.906023902780994,33.906023902780994
3004,t,33.906023902780994,33.906023902780994
3005,c,33.906023902780994,33.906023902780994
3006,t,33.906023902780994,33.906023902780994
3007,c,33.906023902780994,33.906023902780994
3008,c,33.906023902780994,33.906023902780994
3009,t,33.906023902780994,33.906023902780994
3010,t,33.906023902780994,33.906023902780994
3011,t,33.906023902780994,33.906023902780994
3012,t,33.906023902780994,33.906023902780994
3013,t,33.906023902780994,33.906023902780994
3014,t,33.906023902780994,33.906023902780994
3015,c,33.906023902780994,33.906023902780994
3016,t,33.906023902780994,33.906023902780994
3017,t,33.906023902780994,33.906023902780994
3018,c,33.906023902780994,33.906023902780994
3019,t,33.906023902780994,33.906023902780994
3020,t,33.906023902780994,33.906023902780994
3021,t,33.906023902780994,33.906023902780994
3022,t,33.906023902780994,33.906023902780994
3023,c,33.906023902780994,33.906023902780994
3024,t,33.906023902780994,33.906023902780994
3025,t,33.906023902780994,33.906023902780994
3026,t,33.906023902780994,33.906023902780994
3027,t,33.906023902780994,33.906023902780994
3028,t,33.906023902780994,33.906023902780994
3029,t,33.906023902780994,33.906023902780994
3030,c,33.906023902780994,33.906023902780994
3031,c,33.906023902780994,33.906023902780994
3032,t,33.906023902780994,33.906023902780994
3033,t,33.906023902780994,33.906023902780994
3034,c,33.906023902780994,33.906023902780994
3035,c,33.906023902780994,33.906023902780994
3036,c,33.906023902780994,33.906023902780994
3037,t,33.906023902780994,33.906023902780994
3038,t,33.906023902780994,33.906023902780994
3039,c,33.906023902780994,33.906023902780994
3040,t,33.906023902780994,33.906023902780994
3041,t,33.906023902780994,33.906023902780994
3042,c,33.906023902780994,33.906023902780994
3043,t,33.906023902780994,33.906023902780994
3044,c,33.906023902780994,33.906023902780994
3045,t,33.906023902780994,33.906023902780994
3046,t,33.906023902780994,33.906023902780994
3047,c,33.906023902780994,33.906023902780994
3048,c,33.906023902780994,33.906023902780994
3049,t,33.906023902780994,33.906023902780994
3050,c,33.906023902780994,33.906023902780994
3051,t,33.906023902780994,33.906023902780994
3052,t,33.906023902780994,33.906023902780994
3053,t,33.906023902780994,33.906023902780994
3054,c,33.906023902780994,33.906023902780994
3055,t,33.906023902780994,33.906023902780994
3056,t,33.906023902780994,33.906023902780994
3057,c,33.906023902780994,33.906023902780994
3058,c,33.906023902780994,33.906023902780994
3059,c,33.906023902780994,33.906023902780994
3060,t,33.906023902780994,33.906023902780994
3061,t,33.906023902780994,33.906023902780994
3062,c,33.906023902780994,33.906023902780994
3063,c,33.906023902780994,33.906023902780994
3064,t,33.906023902780994,33.906023902780994
3065,c,33.906023902780994,33.906023902780994
3066,t,33.906023902780994,33.906023902780994
3067,t,33.906023902780994,33.906023902780994
3068,t,33.906023902780994,33.906023902780994
3069,t,33.906023902780994,33.906023902780994
3070,t,33.906023902780994,33.906023902780994
3071,t,33.906023902780994,33.906023902780994
3072,c,33.906023902780994,33.906023902780994
3073,t,33.906023902780994,33.906023902780994
3074,t,33.906023902780994,33.906023902780994
3075,t,33.906023902780994,33.906023902780994
3076,c,33.906023902780994,33.906023902780994
3077,c,33.906023902780994,33.906023902780994
3078,c,33.906023902780994,33.906023902780994
3079,c,33.906023902780994,33.906023902780994
3080,t,33.906023902780994,33.906023902780994
3081,t,33.906023902780994,33.906023902780994
3082,t,33.906023902780994,33.906023902780994
3083,t,33.906023902780994,33.906023902780994
3084,c,33.906023902780994,33.906023902780994
3085,t,33.906023902780994,33.906023902780994
3086,c,33.906023902780994,33.906023902780994
3087,c,33.906023902780994,33.906023902780994
3088,t,33.906023902780994,33.906023902780994
3089,c,33.906023902780994,33.906023902780994
3090,t,33.906023902780994,33.906023902780994
3091,t,33.906023902780994,33.906023902780994
3092,c,33.906023902780994,33.906023902780994
3093,t,33.906023902780994,33.906023902780994
3094,t,33.906023902780994,33.906023902780994
3095,c,33.906023902780994,33.906023902780994
3096,c,33.906023902780994,33.906023902780994
3097,t,33.906023902780994,33.906023902780994
3098,t,33.906023902780994,33.906023902780994
3099,t,33.906023902780994,33.906023902780994
3100,c,33.906023902780994,33.906023902780994
3101,c,33.906023902780994,33.906023902780994
3102,c,2.259290380690846,16.269504821602695
3103,c,33.906023902780994,33.906023902780994
3104,c,33.906023902780994,33.906023902780994
3105,t,33.906023902780994,33.906023902780994
3106,c,33.906023902780994,33.906023902780994
3107,t,33.906023902780994,33.906023902780994
3108,t,33.906023902780994,33.906023902780994
3109,c,33.906023902780994,33.906023902780994
3110,t,33.906023902780994,33.906023902780994
3111,t,33.906023902780994,33.906023902780994
3112,t,33.906023902780994,33.906023902780994
3113,c,33.906023902780994,33.906023902780994
3114,c,33.906023902780994,33.906023902780994
3115,c,33.906023902780994,33.906023902780994
3116,c,33.906023902780994,33.906023902780994
3117,c,33.906023902780994,33.906023902780994
3118,c,33.906023902780994,33.906023902780994
3119,c,33.906023902780994,33.906023902780994
3120,t,33.906023902780994,33.906023902780994
3121,t,33.906023902780994,33.906023902780994
3122,t,33.906023902780994,33.906023902780994
3123,t,33.906023902780994,33.906023902780994
3124,t,33.906023902780994,33.906023902780994
3125,t,33.906023902780994,33.906023902780994
3126,t,33.906023902780994,33.906023902780994
3127,t,33.906023902780994,33.906023902780994
3128,c,33.906023902780994,33.906023902780994
3129,t,33.906023902780994,33.906023902780994
3130,c,33.906023902780994,33.906023902780994
3131,c,33.906023902780994,33.906023902780994
3132,t,33.906023902780994,33.906023902780994
3133,t,33.906023902780994,33.906023902780994
3134,c,33.906023902780994,33.906023902780994
3135,t,33.906023902780994,33.906023902780994
3136,t,33.906023902780994,33.906023902780994
3137,c,33.906023902780994,33.906023902780994
3138,t,33.906023902780994,33.906023902780994
3139,c,33.906023902780994,33.906023902780994
3140,t,33.906023902780994,33.906023902780994
3141,c,33.906023902780994,33.906023902780994
3142,c,33.906023902780994,33.906023902780994
3143,t,33.906023902780994,33.906023902780994
3144,c,33.906023902780994,33.906023902780994
3145,c,33.906023902780994,33.906023902780994
3146,c,33.906023902780994,33.906023902780994
3147,t,33.906023902780994,33.906023902780994
3148,t,33.906023902780994,33.906023902780994
3149,c,33.906023902780994,33.906023902780994
3150,na,7.642639166657578,14.547424040575928
3151,t,33.906023902780994,33.906023902780994
3152,c,33.906023902780994,33.906023902780994
3153,c,33.906023902780994,33.906023902780994
3154,c,33.906023902780994,33.906023902780994
3155,c,33.906023902780994,33.906023902780994
3156,t,33.906023902780994,33.906023902780994
3157,t,33.906023902780994,33.906023902780994
3158,c,33.906023902780994,33.906023902780994
3159,t,33.906023902780994,33.906023902780994
3160,t,33.906023902780994,33.906023902780994
3161,t,33.906023902780994,33.906023902780994
3162,t,33.906023902780994,33.906023902780994
3163,c,33.906023902780994,33.906023902780994
3164,c,33.906023902780994,33.906023902780994
3165,c,33.906023902780994,33.906023902780994
3166,t,33.906023902780994,33.906023902780994
3167,c,33.906023902780994,33.906023902780994
3168,t,33.906023902780994,33.906023902780994
3169,c,33.906023902780994,33.906023902780994
3170,c,33.906023902780994,33.906023902780994
3171,c,33.906023902780994,33.906023902780994
3172,c,33.906023902780994,33.906023902780994
3173,c,33.906023902780994,33.906023902780994
3174,t,33.906023902780994,33.906023902780994
3175,t,33.906023902780994,33.906023902780994
3176,t,33.906023902780994,33.906023902780994
3177,c,33.906023902780994,33.906023902780994
3178,c,33.906023902780994,33.906023902780994
3179,t,33.906023902780994,33.906023902780994
3180,c,33.906023902780994,33.906023902780994
3181,t,33.906023902780994,33.906023902780994
3182,c,33.906023902780994,33.906023902780994
3183,t,33.906023902780994,33.906023902780994
3184,t,33.906023902780994,33.906023902780994
3185,t,33.906023902780994,33.906023902780994
3186,c,33.906023902780994,33.906023902780994
3187,t,33.906023902780994,33.906023902780994
3188,c,33.906023902780994,33.906023902780994
3189,t,33.906023902780994,33.906023902780994
3190,c,33.906023902780994,33.906023902780994
3191,t,33.906023902780994,33.906023902780994
3192,c,33.906023902780994,33.906023902780994
3193,t,33.906023902780994,33.906023902780994
3194,t,33.906023902780994,33.906023902780994
3195,t,33.906023902780994,33.906023902780994
3196,t,33.906023902780994,33.906023902780994
3197,c,33.906023902780994,33.906023902780994
3198,c,33.906023902780994,33.906023902780994
3199,c,33.906023902780994,33.906023902780994
3200,c,33.906023902780994,33.906023902780994
3201,c,33.906023902780994,33.906023902780994
3202,t,33.906023902780994,33.906023902780994
3203,t,33.906023902780994,33.906023902780994
3204,t,33.906023902780994,33.906023902780994
3205,c,33.906023902780994,33.906023902780994
3206,t,33.906023902780994,33.906023902780994
3207,c,33.906023902780994,33.906023902780994
3208,t,33.906023902780994,33.906023902780994
3209,c,33.906023902780994,33.906023902780994
3210,t,33.906023902780994,33.906023902780994
3211,c,33.906023902780994,33.906023902780994
3212,c,33.906023902780994,33.906023902780994
3213,t,33.906023902780994,33.906023902780994
3214,c,33.906023902780994,33.906023902780994
3215,c,33.906023902780994,33.906023902780994
3216,t,33.906023902780994,33.906023902780994
3217,c,2.020135921224093,14.538346701149463
3218,c,33.906023902780994,33.906023902780994
3219,t,33.906023902780994,33.906023902780994
3220,c,33.906023902780994,33.906023902780994
3221,c,33.906023902780994,33.906023902780994
3222,t,33.906023902780994,33.906023902780994
3223,c,33.906023902780994,33.906023902780994
3224,c,33.906023902780994,33.906023902780994
3225,c,33.906023902780994,33.906023902780994
3226,c,33.906023902780994,33.906023902780994
3227,t,33.906023902780994,33.906023902780994
3228,t,33.906023902780994,33.906023902780994
3229,t,33.906023902780994,33.906023902780994
3230,c,33.906023902780994,33.906023902780994
3231,t,33.906023902780994,33.906023902780994
3232,t,33.906023902780994,33.906023902780994
3233,c,33.906023902780994,33.906023902780994
3234,c,33.906023902780994,33.906023902780994
3235,c,33.906023902780994,33.906023902780994
3236,c,33.906023902780994,33.906023902780994
3237,c,33.906023902780994,33.906023902780994
3238,c,33.906023902780994,33.906023902780994
3239,t,33.906023902780994,33.906023902780994
3240,t,33.906023902780994,33.906023902780994
3241,t,33.906023902780994,33.906023902780994
3242,c,33.906023902780994,33.906023902780994
3243,t,33.906023902780994,33.906023902780994
3244,t,33.906023902780994,33.906023902780994
3245,c,33.906023902780994,33.906023902780994
3246,c,33.906023902780994,33.906023902780994
3247,c,33.906023902780994,33.906023902780994
3248,t,33.906023902780994,33.906023902780994
3249,t,33.906023902780994,33.906023902780994
3250,t,33.906023902780994,33.906023902780994
3251,t,33.906023902780994,33.906023902780994
3252,c,33.906023902780994,33.906023902780994
3253,t,33.906023902780994,33.906023902780994
3254,t,33.906023902780994,33.906023902780994
3255,c,33.906023902780994,33.906023902780994
3256,c,33.906023902780994,33.906023902780994
3257,t,33.906023902780994,33.906023902780994
3258,t,33.906023902780994,33.906023902780994
3259,c,33.906023902780994,33.906023902780994
3260,c,33.906023902780994,33.906023902780994
3261,t,33.906023902780994,33.906023902780994
3262,t,33.906023902780994,33.906023902780994
3263,c,33.906023902780994,33.906023902780994
3264,t,33.906023902780994,33.906023902780994
3265,t,33.906023902780994,33.906023902780994
3266,c,33.906023902780994,33.906023902780994
3267,c,33.906023902780994,33.906023902780994
3268,t,33.906023902780994,33.906023902780994
3269,t,33.906023902780994,33.906023902780994
3270,t,33.906023902780994,33.906023902780994
3271,c,33.906023902780994,33.906023902780994
3272,t,33.906023902780994,33.906023902780994
3273,t,33.906023902780994,33.906023902780994
3274,c,33.906023902780994,33.906023902780994
3275,c,33.906023902780994,33.906023902780994
3276,c,33.906023902780994,33.906023902780994
3277,c,33.906023902780994,33.906023902780994
3278,t,33.906023902780994,33.906023902780994
3279,t,33.906023902780994,33.906023902780994
3280,t,33.906023902780994,33.906023902780994
3281,c,33.906023902780994,33.906023902780994
3282,c,33.906023902780994,33.906023902780994
3283,c,33.906023902780994,33.906023902780994
3284,t,33.906023902780994,33.906023902780994
3285,t,33.906023902780994,33.906023902780994
3286,t,33.906023902780994,33.906023902780994
3287,t,33.906023902780994,33.906023902780994
3288,c,33.906023902780994,33.906023902780994
3289,t,33.906023902780994,33.906023902780994
3290,c,33.906023902780994,33.906023902780994
3291,c,33.906023902780994,33.906023902780994
3292,c,33.906023902780994,33.906023902780994
3293,c,33.906023902780994,33.906023902780994
3294,c,33.906023902780994,33.906023902780994
3295,c,33.906023902780994,33.906023902780994
3296,c,33.906023902780994,33.906023902780994
3297,c,33.906023902780994,33.906023902780994
3298,c,33.906023902780994,33.906023902780994
3299,c,33.906023902780994,33.906023902780994
3300,t,33.906023902780994,33.906023902780994
3301,c,33.906023902780994,33.906023902780994
3302,t,33.906023902780994,33.906023902780994
3303,c,33.906023902780994,33.906023902780994
3304,t,33.906023902780994,33.906023902780994
3305,t,33.906023902780994,33.906023902780994
3306,c,33.906023902780994,33.906023902780994
3307,t,33.906023902780994,33.906023902780994
3308,t,33.906023902780994,33.906023902780994
3309,c,33.906023902780994,33.906023902780994
3310,c,33.906023902780994,33.906023902780994
3311,t,33.906023902780994,33.906023902780994
3312,t,33.906023902780994,33.906023902780994
3313,t,33.906023902780994,33.906023902780994
3314,t,33.906023902780994,33.906023902780994
3315,c,33.906023902780994,33.906023902780994
3316,t,33.906023902780994,33.906023902780994
3317,c,33.906023902780994,33.906023902780994
3318,t,33.906023902780994,33.906023902780994
3319,c,33.906023902780994,33.906023902780994
3320,na,8.008048421639815,15.698406802991604
3321,t,33.906023902780994,33.906023902780994
3322,t,33.906023902780994,33.906023902780994
3323,c,33.906023902780994,33.906023902780994
3324,c,33.906023902780994,33.906023902780994
3325,c,33.906023902780994,33.906023902780994
3326,t,33.906023902780994,33.906023902780994
3327,t,33.906023902780994,33.906023902780994
3328,c,33.906023902780994,33.906023902780994
3329,c,33.906023902780994,33.906023902780994
3330,c,33.906023902780994,33.906023902780994
3331,t,33.906023902780994,33.906023902780994
3332,c,33.906023902780994,33.906023902780994
3333,t,33.906023902780994,33.906023902780994
3334,t,33.906023902780994,33.906023902780994
3335,t,33.906023902780994,33.906023902780994
3336,t,33.906023902780994,33.906023902780994
3337,c,33.906023902780994,33.906023902780994
3338,t,33.906023902780994,33.906023902780994
3339,c,33.906023902780994,33.906023902780994
3340,c,33.906023902780994,33.906023902780994
3341,c,33.906023902780994,33.906023902780994
3342,c,33.906023902780994,33.906023902780994
3343,c,33.906023902780994,33.906023902780994
3344,t,33.906023902780994,33.906023902780994
3345,c,33.906023902780994,33.906023902780994
3346,c,33.906023902780994,33.906023902780994
3347,t,33.906023902780994,33.906023902780994
3348,t,33.906023902780994,33.906023902780994
3349,c,33.906023902780994,33.906023902780994
3350,c,33.906023902780994,33.906023902780994
3351,t,33.906023902780994,33.906023902780994
3352,c,33.906023902780994,33.906023902780994
3353,t,33.906023902780994,33.906023902780994
3354,c,33.906023902780994,33.906023902780994
3355,t,33.906023902780994,33.906023902780994
3356,t,33.906023902780994,33.906023902780994
3357,t,33.906023902780994,33.906023902780994
3358,t,33.906023902780994,33.906023902780994
3359,c,33.906023902780994,33.906023902780994
3360,c,33.906023902780994,33.906023902780994
3361,c,33.906023902780994,33.906023902780994
3362,c,33.906023902780994,33.906023902780994
3363,c,33.906023902780994,33.906023902780994
3364,c,33.906023902780994,33.906023902780994
3365,c,33.906023902780994,33.906023902780994
3366,c,33.906023902780994,33.906023902780994
3367,c,33.906023902780994,33.906023902780994
3368,t,33.906023902780994,33.906023902780994
3369,t,33.906023902780994,33.906023902780994
3370,t,33.906023902780994,33.906023902780994
3371,c,33.906023902780994,33.906023902780994
3372,t,33.906023902780994,33.906023902780994
3373,t,33.906023902780994,33.906023902780994
3374,t,33.906023902780994,33.906023902780994
3375,c,33.906023902780994,33.906023902780994
3376,t,33.906023902780994,33.906023902780994
3377,c,33.906023902780994,33.906023902780994
3378,t,33.906023902780994,33.906023902780994
3379,t,33.906023902780994,33.906023902780994
3380,c,33.906023902780994,33.906023902780994
3381,c,33.906023902780994,33.906023902780994
3382,t,33.906023902780994,33.906023902780994
3383,c,33.906023902780994,33.906023902780994
3384,t,33.906023902780994,33.906023902780994
3385,t,33.906023902780994,33.906023902780994
3386,c,33.906023902780994,33.906023902780994
3387,t,33.906023902780994,33.906023902780994
3388,t,33.906023902780994,33.906023902780994
3389,c,33.906023902780994,33.906023902780994
3390,c,33.906023902780994,33.906023902780994
3391,c,33.906023902780994,33.906023902780994
3392,t,33.906023902780994,33.906023902780994
3393,t,33.906023902780994,33.906023902780994
3394,c,33.906023902780994,33.906023902780994
3395,c,33.906023902780994,33.906023902780994
3396,c,33.906023902780994,33.906023902780994
3397,c,33.906023902780994,33.906023902780994
3398,t,33.906023902780994,33.906023902780994
3399,c,33.906023902780994,33.906023902780994
3400,t,33.906023902780994,33.906023902780994
3401,t,33.906023902780994,33.906023902780994
3402,c,33.906023902780994,33.906023902780994
3403,c,33.906023902780994,33.906023902780994
3404,na,1.0742145735454036,6.783070066156907
3405,c,33.906023902780994,33.906023902780994
3406,c,33.906023902780994,33.906023902780994
3407,t,33.906023902780994,33.906023902780994
3408,c,33.906023902780994,33.906023902780994
3409,c,33.906023902780994,33.906023902780994
3410,c,33.906023902780994,33.906023902780994
3411,c,33.906023902780994,33.906023902780994
3412,c,33.906023902780994,33.906023902780994
3413,t,33.906023902780994,33.906023902780994
3414,t,33.906023902780994,33.906023902780994
3415,c,33.906023902780994,33.906023902780994
3416,c,33.906023902780994,33.906023902780994
3417,t,33.906023902780994,33.906023902780994
3418,t,33.906023902780994,33.906023902780994
3419,t,33.906023902780994,33.906023902780994
3420,t,33.906023902780994,33.906023902780994
3421,c,33.906023902780994,33.906023902780994
3422,c,33.906023902780994,33.906023902780994
3423,t,33.906023902780994,33.906023902780994
3424,c,33.906023902780994,33.906023902780994
3425,c,33.906023902780994,33.906023902780994
3426,t,33.906023902780994,33.906023902780994
3427,c,33.906023902780994,33.906023902780994
3428,t,33.906023902780994,33.906023902780994
3429,c,33.906023902780994,33.906023902780994
3430,c,33.906023902780994,33.906023902780994
3431,c,33.906023902780994,33.906023902780994
3432,c,33.906023902780994,33.906023902780994
3433,t,33.906023902780994,33.906023902780994
3434,c,33.906023902780994,33.906023902780994
3435,t,33.906023902780994,33.906023902780994
3436,t,33.906023902780994,33.906023902780994
3437,t,33.906023902780994,33.906023902780994
3438,t,33.906023902780994,33.906023902780994
3439,c,33.906023902780994,33.906023902780994
3440,c,33.906023902780994,33.906023902780994
3441,t,33.906023902780994,33.906023902780994
3442,c,33.906023902780994,33.906023902780994
3443,t,33.906023902780994,33.906023902780994
3444,t,33.906023902780994,33.906023902780994
3445,c,33.906023902780994,33.906023902780994
3446,t,33.906023902780994,33.906023902780994
3447,t,33.906023902780994,33.906023902780994
3448,c,33.906023902780994,33.906023902780994
3449,c,33.906023902780994,33.906023902780994
3450,t,33.906023902780994,33.906023902780994
3451,c,33.906023902780994,33.906023902780994
3452,t,33.906023902780994,33.906023902780994
3453,c,33.906023902780994,33.906023902780994
3454,t,33.906023902780994,33.906023902780994
3455,t,33.906023902780994,33.906023902780994
3456,t,33.906023902780994,33.906023902780994
3457,c,33.906023902780994,33.906023902780994
3458,t,33.906023902780994,33.906023902780994
3459,c,33.906023902780994,33.906023902780994
3460,c,33.906023902780994,33.906023902780994
3461,c,33.906023902780994,33.906023902780994
3462,c,33.906023902780994,33.906023902780994
3463,t,33.906023902780994,33.906023902780994
3464,c,33.906023902780994,33.906023902780994
3465,t,33.906023902780994,33.906023902780994
3466,t,33.906023902780994,33.906023902780994
3467,t,33.906023902780994,33.906023902780994
3468,c,33.906023902780994,33.906023902780994
3469,t,33.906023902780994,33.906023902780994
3470,c,33.906023902780994,33.906023902780994
3471,c,33.906023902780994,33.906023902780994
3472,c,33.906023902780994,33.906023902780994
3473,t,33.906023902780994,33.906023902780994
3474,t,33.906023902780994,33.906023902780994
3475,t,33.906023902780994,33.906023902780994
3476,c,33.906023902780994,33.906023902780994
3477,t,33.906023902780994,33.906023902780994
3478,c,33.906023902780994,33.906023902780994
3479,t,33.906023902780994,33.906023902780994
3480,c,33.906023902780994,33.906023902780994
3481,c,33.906023902780994,33.906023902780994
3482,t,33.906023902780994,33.906023902780994
3483,t,33.906023902780994,33.906023902780994
3484,t,33.906023902780994,33.906023902780994
3485,t,33.906023902780994,33.906023902780994
3486,t,33.906023902780994,33.906023902780994
3487,c,33.906023902780994,33.906023902780994
3488,t,33.906023902780994,33.906023902780994
3489,c,33.906023902780994,33.906023902780994
3490,t,33.906023902780994,33.906023902780994
3491,c,33.906023902780994,33.906023902780994
3492,t,33.906023902780994,33.906023902780994
3493,t,33.906023902780994,33.906023902780994
3494,t,33.906023902780994,33.906023902780994
3495,t,33.906023902780994,33.906023902780994
3496,c,8.291350958483756,15.003600050999172
3497,c,33.906023902780994,33.906023902780994
3498,c,33.906023902780994,33.906023902780994
3499,t,33.906023902780994,33.906023902780994
3500,c,33.906023902780994,33.906023902780994
3501,t,33.906023902780994,33.906023902780994
3502,t,33.906023902780994,33.906023902780994
3503,t,33.906023902780994,33.906023902780994
3504,t,33.906023902780994,33.906023902780994
3505,c,33.906023902780994,33.906023902780994
3506,t,33.906023902780994,33.906023902780994
3507,c,33.906023902780994,33.906023902780994
3508,t,33.906023902780994,33.906023902780994
3509,t,33.906023902780994,33.906023902780994
3510,c,33.906023902780994,33.906023902780994
3511,t,33.906023902780994,33.906023902780994
3512,t,33.906023902780994,33.906023902780994
3513,t,33.906023902780994,33.906023902780994
3514,c,33.906023902780994,33.906023902780994
3515,c,33.906023902780994,33.906023902780994
3516,t,33.906023902780994,33.906023902780994
3517,c,33.906023902780994,33.906023902780994
3518,c,33.906023902780994,33.906023902780994
3519,c,33.906023902780994,33.906023902780994
3520,t,33.906023902780994,33.906023902780994
3521,t,33.906023902780994,33.906023902780994
3522,t,33.906023902780994,33.906023902780994
3523,t,33.906023902780994,33.906023902780994
3524,c,33.906023902780994,33.906023902780994
3525,c,33.906023902780994,33.906023902780994
3526,c,33.906023902780994,33.906023902780994
3527,t,33.906023902780994,33.906023902780994
3528,t,33.906023902780994,33.906023902780994
3529,t,33.906023902780994,33.906023902780994
3530,c,33.906023902780994,33.906023902780994
3531,c,33.906023902780994,33.906023902780994
3532,t,33.906023902780994,33.906023902780994
3533,t,33.906023902780994,33.906023902780994
3534,t,33.906023902780994,33.906023902780994
3535,t,33.906023902780994,33.906023902780994
3536,c,33.906023902780994,33.906023902780994
3537,c,33.906023902780994,33.906023902780994
3538,c,33.906023902780994,33.906023902780994
3539,c,33.906023902780994,33.906023902780994
3540,t,33.906023902780994,33.906023902780994
3541,t,33.906023902780994,33.906023902780994
3542,c,33.906023902780994,33.906023902780994
3543,t,33.906023902780994,33.906023902780994
3544,c,33.906023902780994,33.906023902780994
3545,t,33.906023902780994,33.906023902780994
3546,t,33.906023902780994,33.906023902780994
3547,c,33.906023902780994,33.906023902780994
3548,c,33.906023902780994,33.906023902780994
3549,c,33.906023902780994,33.906023902780994
3550,t,33.906023902780994,33.906023902780994
3551,c,33.906023902780994,33.906023902780994
3552,t,33.906023902780994,33.906023902780994
3553,t,33.906023902780994,33.906023902780994
3554,c,33.906023902780994,33.906023902780994
3555,t,33.906023902780994,33.906023902780994
3556,c,33.906023902780994,33.906023902780994
3557,c,33.906023902780994,33.906023902780994
3558,c,33.906023902780994,33.906023902780994
3559,t,33.906023902780994,33.906023902780994
3560,c,33.906023902780994,33.906023902780994
3561,c,33.906023902780994,33.906023902780994
3562,t,33.906023902780994,33.906023902780994
3563,t,33.906023902780994,33.906023902780994
3564,t,33.906023902780994,33.906023902780994
3565,c,33.906023902780994,33.906023902780994
3566,t,33.906023902780994,33.906023902780994
3567,t,33.906023902780994,33.906023902780994
3568,t,33.906023902780994,33.906023902780994
3569,na,7.0814724020841915,13.691830196960991
3570,t,33.906023902780994,33.906023902780994
3571,t,33.906023902780994,33.906023902780994
3572,t,33.906023902780994,33.906023902780994
3573,t,33.906023902780994,33.906023902780994
3574,c,33.906023902780994,33.906023902780994
3575,t,33.906023902780994,33.906023902780994
3576,t,33.906023902780994,33.906023902780994
3577,t,33.906023902780994,33.906023902780994
3578,t,33.906023902780994,33.906023902780994
3579,t,33.906023902780994,33.906023902780994
3580,c,33.906023902780994,33.906023902780994
3581,t,33.906023902780994,33.906023902780994
3582,c,33.906023902780994,33.906023902780994
3583,c,33.906023902780994,33.906023902780994
3584,c,33.906023902780994,33.906023902780994
3585,t,33.906023902780994,33.906023902780994
3586,t,33.906023902780994,33.906023902780994
3587,t,33.906023902780994,33.906023902780994
3588,t,33.906023902780994,33.906023902780994
3589,c,33.906023902780994,33.906023902780994
3590,t,33.906023902780994,33.906023902780994
3591,t,33.906023902780994,33.906023902780994
3592,t,33.906023902780994,33.906023902780994
3593,t,33.906023902780994,33.906023902780994
3594,c,33.906023902780994,33.906023902780994
3595,t,33.906023902780994,33.906023902780994
3596,t,33.906023902780994,33.906023902780994
3597,t,33.906023902780994,33.906023902780994
3598,t,33.906023902780994,33.906023902780994
3599,c,33.906023902780994,33.906023902780994
3600,t,33.906023902780994,33.906023902780994
3601,t,33.906023902780994,33.906023902780994
3602,t,33.906023902780994,33.906023902780994
3603,c,33.906023902780994,33.906023902780994
3604,t,33.906023902780994,33.906023902780994
3605,t,33.906023902780994,33.906023902780994
3606,t,33.906023902780994,33.906023902780994
3607,t,33.906023902780994,33.906023902780994
3608,t,33.906023902780994,33.906023902780994
3609,na,9.930256594533382,11.480606315744314
3610,c,33.906023902780994,33.906023902780994
3611,c,33.906023902780994,33.906023902780994
3612,c,33.906023902780994,33.906023902780994
3613,c,33.906023902780994,33.906023902780994
3614,c,33.906023902780994,33.906023902780994
3615,t,33.906023902780994,33.906023902780994
3616,c,33.906023902780994,33.906023902780994
3617,c,3.2318044239738573,4.659640970081795
3618,t,33.906023902780994,33.906023902780994
3619,t,33.906023902780994,33.906023902780994
3620,t,33.906023902780994,33.906023902780994
3621,c,33.906023902780994,33.906023902780994
3622,c,33.906023902780994,33.906023902780994
3623,t,33.906023902780994,33.906023902780994
3624,t,33.906023902780994,33.906023902780994
3625,c,33.906023902780994,33.906023902780994
3626,t,33.906023902780994,33.906023902780994
3627,t,33.906023902780994,33.906023902780994
3628,t,33.906023902780994,33.906023902780994
3629,c,33.906023902780994,33.906023902780994
3630,t,33.906023902780994,33.906023902780994
3631,c,33.906023902780994,33.906023902780994
3632,c,33.906023902780994,33.906023902780994
3633,c,33.906023902780994,33.906023902780994
3634,c,33.906023902780994,33.906023902780994
3635,c,33.906023902780994,33.906023902780994
3636,t,33.906023902780994,33.906023902780994
3637,c,33.906023902780994,33.906023902780994
3638,t,33.906023902780994,33.906023902780994
3639,t,33.906023902780994,33.906023902780994
3640,t,33.906023902780994,33.906023902780994
3641,c,33.906023902780994,33.906023902780994
3642,t,33.906023902780994,33.906023902780994
3643,t,33.906023902780994,33.906023902780994
3644,c,33.906023902780994,33.906023902780994
3645,t,33.906023902780994,33.906023902780994
3646,t,33.906023902780994,33.906023902780994
3647,t,33.906023902780994,33.906023902780994
3648,t,33.906023902780994,33.906023902780994
3649,t,33.906023902780994,33.906023902780994
3650,t,33.906023902780994,33.906023902780994
3651,t,33.906023902780994,33.906023902780994
3652,t,33.906023902780994,33.906023902780994
3653,c,33.906023902780994,33.906023902780994
3654,t,33.906023902780994,33.906023902780994
3655,c,33.906023902780994,33.906023902780994
3656,c,33.906023902780994,33.906023902780994
3657,c,33.906023902780994,33.906023902780994
3658,t,33.906023902780994,33.906023902780994
3659,c,33.906023902780994,33.906023902780994
3660,t,33.906023902780994,33.906023902780994
3661,t,33.906023902780994,33.906023902780994
3662,c,33.906023902780994,33.906023902780994
3663,c,33.906023902780994,33.906023902780994
3664,c,33.906023902780994,33.906023902780994
3665,c,33.906023902780994,33.906023902780994
3666,t,33.906023902780994,33.906023902780994
3667,t,33.906023902780994,33.906023902780994
3668,t,33.906023902780994,33.906023902780994
3669,t,33.906023902780994,33.906023902780994
3670,c,33.906023902780994,33.906023902780994
3671,c,33.906023902780994,33.906023902780994
3672,c,33.906023902780994,33.906023902780994
3673,t,33.906023902780994,33.906023902780994
3674,c,33.906023902780994,33.906023902780994
3675,t,33.906023902780994,33.906023902780994
3676,t,33.906023902780994,33.906023902780994
3677,t,33.906023902780994,33.906023902780994
3678,c,33.906023902780994,33.906023902780994
3679,t,33.906023902780994,33.906023902780994
3680,t,33.906023902780994,33.906023902780994
3681,c,33.906023902780994,33.906023902780994
3682,t,33.906023902780994,33.906023902780994
3683,t,33.906023902780994,33.906023902780994
3684,t,33.906023902780994,33.906023902780994
3685,c,33.906023902780994,33.906023902780994
3686,c,33.906023902780994,33.906023902780994
3687,t,33.906023902780994,33.906023902780994
3688,t,33.906023902780994,33.906023902780994
3689,t,33.906023902780994,33.906023902780994
3690,t,33.906023902780994,33.906023902780994
3691,t,33.906023902780994,33.906023902780994
3692,t,33.906023902780994,33.906023902780994
3693,t,33.906023902780994,33.906023902780994
3694,t,33.906023902780994,33.906023902780994
3695,c,33.906023902780994,33.906023902780994
3696,t,33.906023902780994,33.906023902780994
3697,c,33.906023902780994,33.906023902780994
3698,c,33.906023902780994,33.906023902780994
3699,c,33.906023902780994,33.906023902780994
3700,c,33.906023902780994,33.906023902780994
3701,t,33.906023902780994,33.906023902780994
3702,c,33.906023902780994,33.906023902780994
3703,c,33.906023902780994,33.906023902780994
3704,c,33.906023902780994,33.906023902780994
3705,t,33.906023902780994,33.906023902780994
3706,c,33.906023902780994,33.906023902780994
3707,c,33.906023902780994,33.906023902780994
3708,t,33.906023902780994,33.906023902780994
3709,t,33.906023902780994,33.906023902780994
3710,c,33.906023902780994,33.906023902780994
3711,t,33.906023902780994,33.906023902780994
3712,t,33.906023902780994,33.906023902780994
3713,t,33.906023902780994,33.906023902780994
3714,c,33.906023902780994,33.906023902780994
3715,t,33.906023902780994,33.906023902780994
3716,t,33.906023902780994,33.906023902780994
3717,c,33.906023902780994,33.906023902780994
3718,t,33.906023902780994,33.906023902780994
3719,t,33.906023902780994,33.906023902780994
3720,t,33.906023902780994,33.906023902780994
3721,c,33.906023902780994,33.906023902780994
3722,c,33.906023902780994,33.906023902780994
3723,t,33.906023902780994,33.906023902780994
3724,t,33.906023902780994,33.906023902780994
3725,c,33.906023902780994,33.906023902780994
3726,t,33.906023902780994,33.906023902780994
3727,c,33.906023902780994,33.906023902780994
3728,t,33.906023902780994,33.906023902780994
3729,c,33.906023902780994,33.906023902780994
3730,c,33.906023902780994,33.906023902780994
3731,c,33.906023902780994,33.906023902780994
3732,c,33.906023902780994,33.906023902780994
3733,c,33.906023902780994,33.906023902780994
3734,c,33.906023902780994,33.906023902780994
3735,c,33.906023902780994,33.906023902780994
3736,c,33.906023902780994,33.906023902780994
3737,c,33.906023902780994,33.906023902780994
3738,c,33.906023902780994,33.906023902780994
3739,t,33.906023902780994,33.906023902780994
3740,c,33.906023902780994,33.906023902780994
3741,t,33.906023902780994,33.906023902780994
3742,c,33.906023902780994,33.906023902780994
3743,t,33.906023902780994,33.906023902780994
3744,c,33.906023902780994,33.906023902780994
3745,c,33.906023902780994,33.906023902780994
3746,c,33.906023902780994,33.906023902780994
3747,c,33.906023902780994,33.906023902780994
3748,t,33.906023902780994,33.906023902780994
3749,t,33.906023902780994,33.906023902780994
3750,t,33.906023902780994,33.906023902780994
3751,c,33.906023902780994,33.906023902780994
3752,c,33.906023902780994,33.906023902780994
3753,t,33.906023902780994,33.906023902780994
3754,c,33.906023902780994,33.906023902780994
3755,t,33.906023902780994,33.906023902780994
3756,t,33.906023902780994,33.906023902780994
3757,t,33.906023902780994,33.906023902780994
3758,t,33.906023902780994,33.906023902780994
3759,c,33.906023902780994,33.906023902780994
3760,c,33.906023902780994,33.906023902780994
3761,t,33.906023902780994,33.906023902780994
3762,t,33.906023902780994,33.906023902780994
3763,c,33.906023902780994,33.906023902780994
3764,c,33.906023902780994,33.906023902780994
3765,c,33.906023902780994,33.906023902780994
3766,c,33.906023902780994,33.906023902780994
3767,t,33.906023902780994,33.906023902780994
3768,c,33.906023902780994,33.906023902780994
3769,c,33.906023902780994,33.906023902780994
3770,c,33.906023902780994,33.906023902780994
3771,t,33.906023902780994,33.906023902780994
3772,c,33.906023902780994,33.906023902780994
3773,t,33.906023902780994,33.906023902780994
3774,t,33.906023902780994,33.906023902780994
3775,c,33.906023902780994,33.906023902780994
3776,c,33.906023902780994,33.906023902780994
3777,c,33.906023902780994,33.906023902780994
3778,t,33.906023902780994,33.906023902780994
3779,c,33.906023902780994,33.906023902780994
3780,c,33.906023902780994,33.906023902780994
3781,c,33.906023902780994,33.906023902780994
3782,t,33.906023902780994,33.906023902780994
3783,c,33.906023902780994,33.906023902780994
3784,c,33.906023902780994,33.906023902780994
3785,c,33.906023902780994,33.906023902780994
3786,t,33.906023902780994,33.906023902780994
3787,t,33.906023902780994,33.906023902780994
3788,t,33.906023902780994,33.906023902780994
3789,c,33.906023902780994,33.906023902780994
3790,t,33.906023902780994,33.906023902780994
3791,c,33.906023902780994,33.906023902780994
3792,t,33.906023902780994,33.906023902780994
3793,t,33.906023902780994,33.906023902780994
3794,c,33.906023902780994,33.906023902780994
3795,c,33.906023902780994,33.906023902780994
3796,t,33.906023902780994,33.906023902780994
3797,c,33.906023902780994,33.906023902780994
3798,t,33.906023902780994,33.906023902780994
3799,c,33.906023902780994,33.906023902780994
3800,c,33.906023902780994,33.906023902780994
3801,t,33.906023902780994,33.906023902780994
3802,c,33.906023902780994,33.906023902780994
3803,c,33.906023902780994,33.906023902780994
3804,t,33.906023902780994,33.906023902780994
3805,c,33.906023902780994,33.906023902780994
3806,t,33.906023902780994,33.906023902780994
3807,c,33.906023902780994,33.906023902780994
3808,c,33.906023902780994,33.906023902780994
3809,t,33.906023902780994,33.906023902780994
3810,c,33.906023902780994,33.906023902780994
3811,c,33.906023902780994,33.906023902780994
3812,c,33.906023902780994,33.906023902780994
3813,t,33.906023902780994,33.906023902780994
3814,t,33.906023902780994,33.906023902780994
3815,t,33.906023902780994,33.906023902780994
3816,c,33.906023902780994,33.906023902780994
3817,t,33.906023902780994,33.906023902780994
3818,c,14.271889783644454,21.89304233026098
3819,c,33.906023902780994,33.906023902780994
3820,t,33.906023902780994,33.906023902780994
3821,t,33.906023902780994,33.906023902780994
3822,t,33.906023902780994,33.906023902780994
3823,t,33.906023902780994,33.906023902780994
3824,t,33.906023902780994,33.906023902780994
3825,t,33.906023902780994,33.906023902780994
3826,c,33.906023902780994,33.906023902780994
3827,c,33.906023902780994,33.906023902780994
3828,t,33.906023902780994,33.906023902780994
3829,c,33.906023902780994,33.906023902780994
3830,t,33.906023902780994,33.906023902780994
3831,c,33.906023902780994,33.906023902780994
3832,c,33.906023902780994,33.906023902780994
3833,c,33.906023902780994,33.906023902780994
3834,c,33.906023902780994,33.906023902780994
3835,t,33.906023902780994,33.906023902780994
3836,c,33.906023902780994,33.906023902780994
3837,t,33.906023902780994,33.906023902780994
3838,t,33.906023902780994,33.906023902780994
3839,c,33.906023902780994,33.906023902780994
3840,c,33.906023902780994,33.906023902780994
3841,t,33.906023902780994,33.906023902780994
3842,t,33.906023902780994,33.906023902780994
3843,c,33.906023902780994,33.906023902780994
3844,t,33.906023902780994,33.906023902780994
3845,t,33.906023902780994,33.906023902780994
3846,c,33.906023902780994,33.906023902780994
3847,t,33.906023902780994,33.906023902780994
3848,t,33.906023902780994,33.906023902780994
3849,c,33.906023902780994,33.906023902780994
3850,t,33.906023902780994,33.906023902780994
3851,t,33.906023902780994,33.906023902780994
3852,t,33.906023902780994,33.906023902780994
3853,t,33.906023902780994,33.906023902780994
3854,t,33.906023902780994,33.906023902780994
3855,c,33.906023902780994,33.906023902780994
3856,t,33.906023902780994,33.906023902780994
3857,t,33.906023902780994,33.906023902780994
3858,c,33.906023902780994,33.906023902780994
3859,t,33.906023902780994,33.906023902780994
3860,c,33.906023902780994,33.906023902780994
3861,c,33.906023902780994,33.906023902780994
3862,c,33.906023902780994,33.906023902780994
3863,c,33.906023902780994,33.906023902780994
3864,t,33.906023902780994,33.906023902780994
3865,c,33.906023902780994,33.906023902780994
3866,c,33.906023902780994,33.906023902780994
3867,t,33.906023902780994,33.906023902780994
3868,t,33.906023902780994,33.906023902780994
3869,c,33.906023902780994,33.906023902780994
3870,t,33.906023902780994,33.906023902780994
3871,t,33.906023902780994,33.906023902780994
3872,c,33.906023902780994,33.906023902780994
3873,c,33.906023902780994,33.906023902780994
3874,t,33.906023902780994,33.906023902780994
3875,c,33.906023902780994,33.906023902780994
3876,t,33.906023902780994,33.906023902780994
3877,t,33.906023902780994,33.906023902780994
3878,t,33.906023902780994,33.906023902780994
3879,t,33.906023902780994,33.906023902780994
3880,t,33.906023902780994,33.906023902780994
3881,c,33.906023902780994,33.906023902780994
3882,t,33.906023902780994,33.906023902780994
3883,t,33.906023902780994,33.906023902780994
3884,t,33.906023902780994,33.906023902780994
3885,t,33.906023902780994,33.906023902780994
3886,c,33.906023902780994,33.906023902780994
3887,c,33.906023902780994,33.906023902780994
3888,c,33.906023902780994,33.906023902780994
3889,c,33.906023902780994,33.906023902780994
3890,c,33.906023902780994,33.906023902780994
3891,c,33.906023902780994,33.906023902780994
3892,na,0,2.3786039248873507
3893,c,33.906023902780994,33.906023902780994
3894,c,33.906023902780994,33.906023902780994
3895,c,33.906023902780994,33.906023902780994
3896,t,33.906023902780994,33.906023902780994
3897,c,33.906023902780994,33.906023902780994
3898,c,33.906023902780994,33.906023902780994
3899,c,33.906023902780994,33.906023902780994
3900,t,33.906023902780994,33.906023902780994
3901,c,33.906023902780994,33.906023902780994
3902,t,33.906023902780994,33.906023902780994
3903,c,33.906023902780994,33.906023902780994
3904,c,33.906023902780994,33.906023902780994
3905,t,33.906023902780994,33.906023902780994
3906,c,33.906023902780994,33.906023902780994
3907,t,33.906023902780994,33.906023902780994
3908,t,33.906023902780994,33.906023902780994
3909,c,33.906023902780994,33.906023902780994
3910,t,33.906023902780994,33.906023902780994
3911,c,33.906023902780994,33.906023902780994
3912,t,33.906023902780994,33.906023902780994
3913,t,33.906023902780994,33.906023902780994
3914,t,33.906023902780994,33.906023902780994
3915,t,33.906023902780994,33.906023902780994
3916,c,33.906023902780994,33.906023902780994
3917,c,33.906023902780994,33.906023902780994
3918,t,33.906023902780994,33.906023902780994
3919,t,33.906023902780994,33.906023902780994
3920,t,33.906023902780994,33.906023902780994
3921,t,33.906023902780994,33.906023902780994
3922,c,33.906023902780994,33.906023902780994
3923,t,33.906023902780994,33.906023902780994
3924,t,33.906023902780994,33.906023902780994
3925,t,33.906023902780994,33.906023902780994
3926,c,33.906023902780994,33.906023902780994
3927,c,33.906023902780994,33.906023902780994
3928,c,33.906023902780994,33.906023902780994
3929,t,33.906023902780994,33.906023902780994
3930,t,33.906023902780994,33.906023902780994
3931,t,33.906023902780994,33.906023902780994
3932,t,33.906023902780994,33.906023902780994
3933,c,33.906023902780994,33.906023902780994
3934,c,33.906023902780994,33.906023902780994
3935,t,33.906023902780994,33.906023902780994
3936,t,33.906023902780994,33.906023902780994
3937,t,33.906023902780994,33.906023902780994
3938,c,33.906023902780994,33.906023902780994
3939,c,33.906023902780994,33.906023902780994
3940,t,33.906023902780994,33.906023902780994
3941,t,33.906023902780994,33.906023902780994
3942,t,33.906023902780994,33.906023902780994
3943,c,33.906023902780994,33.906023902780994
3944,c,33.906023902780994,33.906023902780994
3945,c,33.906023902780994,33.906023902780994
3946,c,33.906023902780994,33.906023902780994
3947,t,33.906023902780994,33.906023902780994
3948,c,33.906023902780994,33.906023902780994
3949,c,33.906023902780994,33.906023902780994
3950,t,33.906023902780994,33.906023902780994
3951,t,33.906023902780994,33.906023902780994
3952,t,33.906023902780994,33.906023902780994
3953,t,33.906023902780994,33.906023902780994
3954,c,33.906023902780994,33.906023902780994
3955,t,33.906023902780994,33.906023902780994
3956,t,33.906023902780994,33.906023902780994
3957,c,33.906023902780994,33.906023902780994
3958,c,33.906023902780994,33.906023902780994
3959,c,33.906023902780994,33.906023902780994
3960,t,33.906023902780994,33.906023902780994
3961,t,33.906023902780994,33.906023902780994
3962,t,33.906023902780994,33.906023902780994
3963,c,33.906023902780994,33.906023902780994
3964,t,33.906023902780994,33.906023902780994
3965,c,33.906023902780994,33.906023902780994
3966,c,33.906023902780994,33.906023902780994
3967,c,33.906023902780994,33.906023902780994
3968,c,33.906023902780994,33.906023902780994
3969,t,33.906023902780994,33.906023902780994
3970,t,33.906023902780994,33.906023902780994
3971,c,33.906023902780994,33.906023902780994
3972,c,33.906023902780994,33.906023902780994
3973,t,33.906023902780994,33.906023902780994
3974,c,33.906023902780994,33.906023902780994
3975,c,33.906023902780994,33.906023902780994
3976,t,33.906023902780994,33.906023902780994
3977,c,33.906023902780994,33.906023902780994
3978,t,33.906023902780994,33.906023902780994
3979,c,33.906023902780994,33.906023902780994
3980,c,33.906023902780994,33.906023902780994
3981,c,33.906023902780994,33.906023902780994
3982,t,33.906023902780994,33.906023902780994
3983,c,33.906023902780994,33.906023902780994
3984,t,33.906023902780994,33.906023902780994
3985,t,33.906023902780994,33.906023902780994
3986,c,33.906023902780994,33.906023902780994
3987,c,33.906023902780994,33.906023902780994
3988,t,33.906023902780994,33.906023902780994
3989,c,33.906023902780994,33.906023902780994
3990,t,33.906023902780994,33.906023902780994
3991,t,33.906023902780994,33.906023902780994
3992,c,33.906023902780994,33.906023902780994
3993,t,33.906023902780994,33.906023902780994
3994,c,33.906023902780994,33.906023902780994
3995,t,33.906023902780994,33.906023902780994
3996,c,33.906023902780994,33.906023902780994
3997,c,33.906023902780994,33.906023902780994
3998,c,33.906023902780994,33.906023902780994
3999,t,33.906023902780994,33.906023902780994
4000,c,33.906023902780994,33.906023902780994
4001,t,33.906023902780994,33.906023902780994
4002,c,33.906023902780994,33.906023902780994
4003,c,33.906023902780994,33.906023902780994
4004,t,33.906023902780994,33.906023902780994
4005,c,33.906023902780994,33.906023902780994
4006,t,33.906023902780994,33.906023902780994
4007,t,33.906023902780994,33.906023902780994
4008,c,33.906023902780994,33.906023902780994
4009,c,33.906023902780994,33.906023902780994
4010,c,33.906023902780994,33.906023902780994
4011,c,33.906023902780994,33.906023902780994
4012,c,33.906023902780994,33.906023902780994
4013,t,33.906023902780994,33.906023902780994
4014,c,33.906023902780994,33.906023902780994
4015,t,33.906023902780994,33.906023902780994
4016,t,33.906023902780994,33.906023902780994
4017,t,33.906023902780994,33.906023902780994
4018,t,33.906023902780994,33.906023902780994
4019,t,33.906023902780994,33.906023902780994
4020,t,33.906023902780994,33.906023902780994
4021,t,33.906023902780994,33.906023902780994
4022,c,33.906023902780994,33.906023902780994
4023,c,33.906023902780994,33.906023902780994
4024,t,33.906023902780994,33.906023902780994
4025,c,33.906023902780994,33.906023902780994
4026,c,33.906023902780994,33.906023902780994
4027,c,33.906023902780994,33.906023902780994
4028,c,33.906023902780994,33.906023902780994
4029,t,33.906023902780994,33.906023902780994
4030,t,33.906023902780994,33.906023902780994
4031,c,33.906023902780994,33.906023902780994
4032,c,33.906023902780994,33.906023902780994
4033,t,33.906023902780994,33.906023902780994
4034,t,33.906023902780994,33.906023902780994
4035,c,33.906023902780994,33.906023902780994
4036,c,33.906023902780994,33.906023902780994
4037,c,33.906023902780994,33.906023902780994
4038,t,33.906023902780994,33.906023902780994
4039,t,33.906023902780994,33.906023902780994
4040,c,33.906023902780994,33.906023902780994
4041,c,33.906023902780994,33.906023902780994
4042,t,33.906023902780994,33.906023902780994
4043,c,33.906023902780994,33.906023902780994
4044,c,33.906023902780994,33.906023902780994
4045,t,33.906023902780994,33.906023902780994
4046,t,33.906023902780994,33.906023902780994
4047,c,33.906023902780994,33.906023902780994
4048,c,33.906023902780994,33.906023902780994
4049,c,33.906023902780994,33.906023902780994
4050,c,33.906023902780994,33.906023902780994
4051,c,33.906023902780994,33.906023902780994
4052,c,33.906023902780994,33.906023902780994
4053,t,33.906023902780994,33.906023902780994
4054,c,33.906023902780994,33.906023902780994
4055,c,33.906023902780994,33.906023902780994
4056,t,33.906023902780994,33.906023902780994
4057,c,33.906023902780994,33.906023902780994
4058,t,33.906023902780994,33.906023902780994
4059,t,33.906023902780994,33.906023902780994
4060,t,33.906023902780994,33.906023902780994
4061,t,33.906023902780994,33.906023902780994
4062,t,33.906023902780994,33.906023902780994
4063,c,33.906023902780994,33.906023902780994
4064,t,33.906023902780994,33.906023902780994
4065,t,33.906023902780994,33.906023902780994
4066,t,33.906023902780994,33.906023902780994
4067,c,33.906023902780994,33.906023902780994
4068,t,33.906023902780994,33.906023902780994
4069,t,33.906023902780994,33.906023902780994
4070,c,33.906023902780994,33.906023902780994
4071,t,33.906023902780994,33.906023902780994
4072,t,33.906023902780994,33.906023902780994
4073,t,33.906023902780994,33.906023902780994
4074,c,33.906023902780994,33.906023902780994
4075,t,33.906023902780994,33.906023902780994
4076,t,33.906023902780994,33.906023902780994
4077,c,33.906023902780994,33.906023902780994
4078,t,33.906023902780994,33.906023902780994
4079,t,33.906023902780994,33.906023902780994
4080,c,33.906023902780994,33.906023902780994
4081,c,33.906023902780994,33.906023902780994
4082,c,33.906023902780994,33.906023902780994
4083,t,33.906023902780994,33.906023902780994
4084,c,33.906023902780994,33.906023902780994
4085,t,33.906023902780994,33.906023902780994
4086,t,33.906023902780994,33.906023902780994
4087,c,33.906023902780994,33.906023902780994
4088,t,33.906023902780994,33.906023902780994
4089,t,33.906023902780994,33.906023902780994
4090,t,33.906023902780994,33.906023902780994
4091,c,33.906023902780994,33.906023902780994
4092,t,33.906023902780994,33.906023902780994
4093,c,33.906023902780994,33.906023902780994
4094,t,33.906023902780994,33.906023902780994
4095,t,33.906023902780994,33.906023902780994
4096,c,33.906023902780994,33.906023902780994
4097,t,33.906023902780994,33.906023902780994
4098,c,33.906023902780994,33.906023902780994
4099,c,33.906023902780994,33.906023902780994
4100,c,33.906023902780994,33.906023902780994
4101,t,33.906023902780994,33.906023902780994
4102,t,33.906023902780994,33.906023902780994
4103,t,33.906023902780994,33.906023902780994
4104,c,33.906023902780994,33.906023902780994
4105,c,33.906023902780994,33.906023902780994
4106,t,33.906023902780994,33.906023902780994
4107,t,33.906023902780994,33.906023902780994
4108,t,33.906023902780994,33.906023902780994
4109,c,33.906023902780994,33.906023902780994
4110,c,33.906023902780994,33.906023902780994
4111,c,33.906023902780994,33.906023902780994
4112,c,33.906023902780994,33.906023902780994
4113,t,33.906023902780994,33.906023902780994
4114,c,33.906023902780994,33.906023902780994
4115,c,33.906023902780994,33.906023902780994
4116,c,33.906023902780994,33.906023902780994
4117,t,33.906023902780994,33.906023902780994
4118,t,33.906023902780994,33.906023902780994
4119,t,33.906023902780994,33.906023902780994
4120,c,33.906023902780994,33.906023902780994
4121,c,33.906023902780994,33.906023902780994
4122,c,33.906023902780994,33.906023902780994
4123,t,33.906023902780994,33.906023902780994
4124,t,33.906023902780994,33.906023902780994
4125,c,33.906023902780994,33.906023902780994
4126,t,33.906023902780994,33.906023902780994
4127,t,33.906023902780994,33.906023902780994
4128,t,33.906023902780994,33.906023902780994
4129,c,33.906023902780994,33.906023902780994
4130,t,33.906023902780994,33.906023902780994
4131,t,33.906023902780994,33.906023902780994
4132,t,33.906023902780994,33.906023902780994
4133,c,33.906023902780994,33.906023902780994
4134,t,33.906023902780994,33.906023902780994
4135,c,33.906023902780994,33.906023902780994
4136,t,33.906023902780994,33.906023902780994
4137,c,33.906023902780994,33.906023902780994
4138,c,33.906023902780994,33.906023902780994
4139,t,33.906023902780994,33.906023902780994
4140,t,33.906023902780994,33.906023902780994
4141,t,33.906023902780994,33.906023902780994
4142,c,33.906023902780994,33.906023902780994
4143,c,33.906023902780994,33.906023902780994
4144,c,33.906023902780994,33.906023902780994
4145,c,33.906023902780994,33.906023902780994
4146,c,33.906023902780994,33.906023902780994
4147,t,33.906023902780994,33.906023902780994
4148,c,33.906023902780994,33.906023902780994
4149,t,33.906023902780994,33.906023902780994
4150,t,33.906023902780994,33.906023902780994
4151,t,33.906023902780994,33.906023902780994
4152,c,33.906023902780994,33.906023902780994
4153,c,33.906023902780994,33.906023902780994
4154,c,33.906023902780994,33.906023902780994
4155,t,33.906023902780994,33.906023902780994
4156,t,33.906023902780994,33.906023902780994
4157,t,33.906023902780994,33.906023902780994
4158,c,33.906023902780994,33.906023902780994
4159,na,11.559719362730998,14.978771172214717
4160,c,33.906023902780994,33.906023902780994
4161,t,33.906023902780994,33.906023902780994
4162,t,33.906023902780994,33.906023902780994
4163,t,33.906023902780994,33.906023902780994
4164,c,33.906023902780994,33.906023902780994
4165,c,33.906023902780994,33.906023902780994
4166,c,33.906023902780994,33.906023902780994
4167,t,33.906023902780994,33.906023902780994
4168,c,33.906023902780994,33.906023902780994
4169,c,33.906023902780994,33.906023902780994
4170,c,33.906023902780994,33.906023902780994
4171,na,0,4.426077459829385
4172,t,33.906023902780994,33.906023902780994
4173,c,33.906023902780994,33.906023902780994
4174,c,33.906023902780994,33.906023902780994
4175,t,33.906023902780994,33.906023902780994
4176,c,33.906023902780994,33.906023902780994
4177,c,33.906023902780994,33.906023902780994
4178,t,33.906023902780994,33.906023902780994
4179,c,33.906023902780994,33.906023902780994
4180,c,33.906023902780994,33.906023902780994
4181,c,33.906023902780994,33.906023902780994
4182,c,33.906023902780994,33.906023902780994
4183,t,33.906023902780994,33.906023902780994
4184,t,33.906023902780994,33.906023902780994
4185,t,33.906023902780994,33.906023902780994
4186,t,33.906023902780994,33.906023902780994
4187,c,33.906023902780994,33.906023902780994
4188,c,33.906023902780994,33.906023902780994
4189,c,33.906023902780994,33.906023902780994
4190,c,33.906023902780994,33.906023902780994
4191,t,33.906023902780994,33.906023902780994
4192,c,33.906023902780994,33.906023902780994
4193,t,33.906023902780994,33.906023902780994
4194,c,33.906023902780994,33.906023902780994
4195,t,33.906023902780994,33.906023902780994
4196,c,33.906023902780994,33.906023902780994
4197,c,33.906023902780994,33.906023902780994
4198,c,33.906023902780994,33.906023902780994
4199,c,33.906023902780994,33.906023902780994
4200,c,33.906023902780994,33.906023902780994
4201,c,33.906023902780994,33.906023902780994
4202,t,33.906023902780994,33.906023902780994
4203,c,33.906023902780994,33.906023902780994
4204,c,33.906023902780994,33.906023902780994
4205,t,33.906023902780994,33.906023902780994
4206,c,33.906023902780994,33.906023902780994
4207,c,33.906023902780994,33.906023902780994
4208,t,33.906023902780994,33.906023902780994
4209,t,33.906023902780994,33.906023902780994
4210,t,33.906023902780994,33.906023902780994
4211,t,33.906023902780994,33.906023902780994
4212,t,33.906023902780994,33.906023902780994
4213,t,33.906023902780994,33.906023902780994
4214,c,33.906023902780994,33.906023902780994
4215,c,33.906023902780994,33.906023902780994
4216,t,33.906023902780994,33.906023902780994
4217,t,33.906023902780994,33.906023902780994
4218,t,33.906023902780994,33.906023902780994
4219,t,33.906023902780994,33.906023902780994
4220,c,33.906023902780994,33.906023902780994
4221,c,33.906023902780994,33.906023902780994
4222,c,33.906023902780994,33.906023902780994
4223,t,33.906023902780994,33.906023902780994
4224,c,33.906023902780994,33.906023902780994
4225,t,33.906023902780994,33.906023902780994
4226,t,33.906023902780994,33.906023902780994
4227,na,0,0.20652019803305435
4228,t,33.906023902780994,33.906023902780994
4229,c,33.906023902780994,33.906023902780994
4230,c,33.906023902780994,33.906023902780994
4231,c,33.906023902780994,33.906023902780994
4232,c,33.906023902780994,33.906023902780994
4233,c,33.906023902780994,33.906023902780994
4234,c,33.906023902780994,33.906023902780994
4235,t,33.906023902780994,33.906023902780994
4236,t,33.906023902780994,33.906023902780994
4237,c,33.906023902780994,33.906023902780994
4238,t,33.906023902780994,33.906023902780994
4239,t,33.906023902780994,33.906023902780994
4240,t,33.906023902780994,33.906023902780994
4241,c,33.906023902780994,33.906023902780994
4242,c,33.906023902780994,33.906023902780994
4243,c,33.906023902780994,33.906023902780994
4244,c,33.906023902780994,33.906023902780994
4245,na,-1,0
4246,c,33.906023902780994,33.906023902780994
4247,t,33.906023902780994,33.906023902780994
4248,c,33.906023902780994,33.906023902780994
4249,c,33.906023902780994,33.906023902780994
4250,c,33.906023902780994,33.906023902780994
4251,c,33.906023902780994,33.906023902780994
4252,t,33.906023902780994,33.906023902780994
4253,c,33.906023902780994,33.906023902780994
4254,t,33.906023902780994,33.906023902780994
4255,t,33.906023902780994,33.906023902780994
4256,c,33.906023902780994,33.906023902780994
4257,na,-1,0
4258,c,33.906023902780994,33.906023902780994
4259,t,33.906023902780994,33.906023902780994
4260,c,33.906023902780994,33.906023902780994
4261,c,33.906023902780994,33.906023902780994
4262,t,33.906023902780994,33.906023902780994
4263,t,33.906023902780994,33.906023902780994
4264,c,33.906023902780994,33.906023902780994
4265,t,33.906023902780994,33.906023902780994
4266,t,33.906023902780994,33.906023902780994
4267,c,33.906023902780994,33.906023902780994
4268,c,33.906023902780994,33.906023902780994
4269,c,33.906023902780994,33.906023902780994
4270,c,33.906023902780994,33.906023902780994
4271,c,33.906023902780994,33.906023902780994
4272,t,33.906023902780994,33.906023902780994
4273,t,33.906023902780994,33.906023902780994
4274,t,33.906023902780994,33.906023902780994
4275,c,33.906023902780994,33.906023902780994
4276,c,33.906023902780994,33.906023902780994
4277,c,33.906023902780994,33.906023902780994
4278,t,33.906023902780994,33.906023902780994
4279,c,33.906023902780994,33.906023902780994
4280,t,33.906023902780994,33.906023902780994
4281,t,33.906023902780994,33.906023902780994
4282,c,33.906023902780994,33.906023902780994
4283,c,33.906023902780994,33.906023902780994
4284,c,33.906023902780994,33.906023902780994
4285,t,33.906023902780994,33.906023902780994
4286,t,33.906023902780994,33.906023902780994
4287,t,33.906023902780994,33.906023902780994
4288,t,33.906023902780994,33.906023902780994
4289,c,33.906023902780994,33.906023902780994
4290,c,33.906023902780994,33.906023902780994
4291,c,33.906023902780994,33.906023902780994
4292,t,33.906023902780994,33.906023902780994
4293,t,33.906023902780994,33.906023902780994
4294,c,33.906023902780994,33.906023902780994
4295,t,33.906023902780994,33.906023902780994
4296,c,33.906023902780994,33.906023902780994
4297,c,33.906023902780994,33.906023902780994
4298,t,33.906023902780994,33.906023902780994
4299,t,33.906023902780994,33.906023902780994
4300,c,33.906023902780994,33.906023902780994
4301,t,33.906023902780994,33.906023902780994
4302,c,33.906023902780994,33.906023902780994
4303,c,33.906023902780994,33.906023902780994
4304,c,33.906023902780994,33.906023902780994
4305,t,33.906023902780994,33.906023902780994
4306,c,33.906023902780994,33.906023902780994
4307,t,33.906023902780994,33.906023902780994
4308,c,33.906023902780994,33.906023902780994
4309,t,33.906023902780994,33.906023902780994
4310,c,33.906023902780994,33.906023902780994
4311,t,33.906023902780994,33.906023902780994
4312,c,33.906023902780994,33.906023902780994
4313,c,33.906023902780994,33.906023902780994
4314,c,33.906023902780994,33.906023902780994
4315,c,33.906023902780994,33.906023902780994
4316,c,33.906023902780994,33.906023902780994
4317,t,33.906023902780994,33.906023902780994
4318,c,33.906023902780994,33.906023902780994
4319,t,33.906023902780994,33.906023902780994
4320,t,33.906023902780994,33.906023902780994
4321,t,33.906023902780994,33.906023902780994
4322,c,33.906023902780994,33.906023902780994
4323,t,33.906023902780994,33.906023902780994
4324,c,33.906023902780994,33.906023902780994
4325,t,33.906023902780994,33.906023902780994
4326,c,33.906023902780994,33.906023902780994
4327,c,33.906023902780994,33.906023902780994
4328,c,33.906023902780994,33.906023902780994
4329,c,33.906023902780994,33.906023902780994
4330,na,0,1.8418865577020935
4331,c,33.906023902780994,33.906023902780994
4332,c,33.906023902780994,33.906023902780994
4333,c,33.906023902780994,33.906023902780994
4334,c,33.906023902780994,33.906023902780994
4335,c,33.906023902780994,33.906023902780994
4336,c,33.906023902780994,33.906023902780994
4337,c,33.906023902780994,33.906023902780994
4338,t,33.906023902780994,33.906023902780994
4339,c,33.906023902780994,33.906023902780994
4340,t,33.906023902780994,33.906023902780994
4341,na,0.056809018591035494,4.362798383200129
4342,t,33.906023902780994,33.906023902780994
4343,c,33.906023902780994,33.906023902780994
4344,c,33.906023902780994,33.906023902780994
4345,c,33.906023902780994,33.906023902780994
4346,c,33.906023902780994,33.906023902780994
4347,c,33.906023902780994,33.906023902780994
4348,t,33.906023902780994,33.906023902780994
4349,c,33.906023902780994,33.906023902780994
4350,c,33.906023902780994,33.906023902780994
4351,c,33.906023902780994,33.906023902780994
4352,t,33.906023902780994,33.906023902780994
4353,c,33.906023902780994,33.906023902780994
4354,c,33.906023902780994,33.906023902780994
4355,t,33.906023902780994,33.906023902780994
4356,c,33.906023902780994,33.906023902780994
4357,c,33.906023902780994,33.906023902780994
4358,t,33.906023902780994,33.906023902780994
4359,c,33.906023902780994,33.906023902780994
4360,c,33.906023902780994,33.906023902780994
4361,c,33.906023902780994,33.906023902780994
4362,c,33.906023902780994,33.906023902780994
4363,t,33.906023902780994,33.906023902780994
4364,c,33.906023902780994,33.906023902780994
4365,t,33.906023902780994,33.906023902780994
4366,c,33.906023902780994,33.906023902780994
4367,c,33.906023902780994,33.906023902780994
4368,t,33.906023902780994,33.906023902780994
4369,c,33.906023902780994,33.906023902780994
4370,t,33.906023902780994,33.906023902780994
4371,c,33.906023902780994,33.906023902780994
4372,t,33.906023902780994,33.906023902780994
4373,c,33.906023902780994,33.906023902780994
4374,t,33.906023902780994,33.906023902780994
4375,t,33.906023902780994,33.906023902780994
4376,t,33.906023902780994,33.906023902780994
4377,t,33.906023902780994,33.906023902780994
4378,t,33.906023902780994,33.906023902780994
4379,t,33.906023902780994,33.906023902780994
4380,t,33.906023902780994,33.906023902780994
4381,t,33.906023902780994,33.906023902780994
4382,t,33.906023902780994,33.906023902780994
4383,c,33.906023902780994,33.906023902780994
4384,t,33.906023902780994,33.906023902780994
4385,c,33.906023902780994,33.906023902780994
4386,t,33.906023902780994,33.906023902780994
4387,t,33.906023902780994,33.906023902780994
4388,c,33.906023902780994,33.906023902780994
4389,c,33.906023902780994,33.906023902780994
4390,c,33.906023902780994,33.906023902780994
4391,t,33.906023902780994,33.906023902780994
4392,t,33.906023902780994,33.906023902780994
4393,t,33.906023902780994,33.906023902780994
4394,c,33.906023902780994,33.906023902780994
4395,t,33.906023902780994,33.906023902780994
4396,t,33.906023902780994,33.906023902780994
4397,t,33.906023902780994,33.906023902780994
4398,t,33.906023902780994,33.906023902780994
4399,t,33.906023902780994,33.906023902780994
4400,t,33.906023902780994,33.906023902780994
4401,c,33.906023902780994,33.906023902780994
4402,c,33.906023902780994,33.906023902780994
4403,t,33.906023902780994,33.906023902780994
4404,t,33.906023902780994,33.906023902780994
4405,c,33.906023902780994,33.906023902780994
4406,t,33.906023902780994,33.906023902780994
4407,t,33.906023902780994,33.906023902780994
4408,c,33.906023902780994,33.906023902780994
4409,c,33.906023902780994,33.906023902780994
4410,c,33.906023902780994,33.906023902780994
4411,t,33.906023902780994,33.906023902780994
4412,c,14.286928988136879,16.949177523219475
4413,t,33.906023902780994,33.906023902780994
4414,t,33.906023902780994,33.906023902780994
4415,c,33.906023902780994,33.906023902780994
4416,t,33.906023902780994,33.906023902780994
4417,c,33.906023902780994,33.906023902780994
4418,c,33.906023902780994,33.906023902780994
4419,c,33.906023902780994,33.906023902780994
4420,c,33.906023902780994,33.906023902780994
4421,t,33.906023902780994,33.906023902780994
4422,c,33.906023902780994,33.906023902780994
4423,t,33.906023902780994,33.906023902780994
4424,t,33.906023902780994,33.906023902780994
4425,c,33.906023902780994,33.906023902780994
4426,t,33.906023902780994,33.906023902780994
4427,t,33.906023902780994,33.906023902780994
4428,t,33.906023902780994,33.906023902780994
4429,t,33.906023902780994,33.906023902780994
4430,c,33.906023902780994,33.906023902780994
4431,t,33.906023902780994,33.906023902780994
4432,c,33.906023902780994,33.906023902780994
4433,t,33.906023902780994,33.906023902780994
4434,c,33.906023902780994,33.906023902780994
4435,t,33.906023902780994,33.906023902780994
4436,t,33.906023902780994,33.906023902780994
4437,c,33.906023902780994,33.906023902780994
4438,t,33.906023902780994,33.906023902780994
4439,t,33.906023902780994,33.906023902780994
4440,t,33.906023902780994,33.906023902780994
4441,t,33.906023902780994,33.906023902780994
4442,t,33.906023902780994,33.906023902780994
4443,t,33.906023902780994,33.906023902780994
4444,c,33.906023902780994,33.906023902780994
4445,c,33.906023902780994,33.906023902780994
4446,t,33.906023902780994,33.906023902780994
4447,t,33.906023902780994,33.906023902780994
4448,t,33.906023902780994,33.906023902780994
4449,c,33.906023902780994,33.906023902780994
4450,t,33.906023902780994,33.906023902780994
4451,c,33.906023902780994,33.906023902780994
4452,c,33.906023902780994,33.906023902780994
4453,t,33.906023902780994,33.906023902780994
4454,t,33.906023902780994,33.906023902780994
4455,t,33.906023902780994,33.906023902780994
4456,c,33.906023902780994,33.906023902780994
4457,c,33.906023902780994,33.906023902780994
4458,c,33.906023902780994,33.906023902780994
4459,c,33.906023902780994,33.906023902780994
4460,t,33.906023902780994,33.906023902780994
4461,t,33.906023902780994,33.906023902780994
4462,c,33.906023902780994,33.906023902780994
4463,c,33.906023902780994,33.906023902780994
4464,t,33.906023902780994,33.906023902780994
4465,t,33.906023902780994,33.906023902780994
4466,t,33.906023902780994,33.906023902780994
4467,t,33.906023902780994,33.906023902780994
4468,t,33.906023902780994,33.906023902780994
4469,c,33.906023902780994,33.906023902780994
4470,c,33.906023902780994,33.906023902780994
4471,t,33.906023902780994,33.906023902780994
4472,c,33.906023902780994,33.906023902780994
4473,c,33.906023902780994,33.906023902780994
4474,t,33.906023902780994,33.906023902780994
4475,t,33.906023902780994,33.906023902780994
4476,c,33.906023902780994,33.906023902780994
4477,t,33.906023902780994,33.906023902780994
4478,t,33.906023902780994,33.906023902780994
4479,t,33.906023902780994,33.906023902780994
4480,c,33.906023902780994,33.906023902780994
4481,t,33.906023902780994,33.906023902780994
4482,c,33.906023902780994,33.906023902780994
4483,c,33.906023902780994,33.906023902780994
4484,c,33.906023902780994,33.906023902780994
4485,t,33.906023902780994,33.906023902780994
4486,t,33.906023902780994,33.906023902780994
4487,na,7.252909113095244,16.869519516923805
4488,c,33.906023902780994,33.906023902780994
4489,c,33.906023902780994,33.906023902780994
4490,t,33.906023902780994,33.906023902780994
4491,c,33.906023902780994,33.906023902780994
4492,c,33.906023902780994,33.906023902780994
4493,c,33.906023902780994,33.906023902780994
4494,c,33.906023902780994,33.906023902780994
4495,t,33.906023902780994,33.906023902780994
4496,c,33.906023902780994,33.906023902780994
4497,c,33.906023902780994,33.906023902780994
4498,c,33.906023902780994,33.906023902780994
4499,t,33.906023902780994,33.906023902780994
4500,c,33.906023902780994,33.906023902780994
4501,t,33.906023902780994,33.906023902780994
4502,t,33.906023902780994,33.906023902780994
4503,t,33.906023902780994,33.906023902780994
4504,t,33.906023902780994,33.906023902780994
4505,c,33.906023902780994,33.906023902780994
4506,na,-1,0
4507,c,33.906023902780994,33.906023902780994
4508,c,33.906023902780994,33.906023902780994
4509,t,33.906023902780994,33.906023902780994
4510,na,0,5.5029844711388245
4511,c,33.906023902780994,33.906023902780994
4512,t,33.906023902780994,33.906023902780994
4513,t,33.906023902780994,33.906023902780994
4514,c,33.906023902780994,33.906023902780994
4515,c,33.906023902780994,33.906023902780994
4516,t,33.906023902780994,33.906023902780994
4517,t,33.906023902780994,33.906023902780994
4518,t,33.906023902780994,33.906023902780994
4519,c,33.906023902780994,33.906023902780994
4520,c,33.906023902780994,33.906023902780994
4521,c,33.906023902780994,33.906023902780994
4522,c,33.906023902780994,33.906023902780994
4523,t,33.906023902780994,33.906023902780994
4524,c,33.906023902780994,33.906023902780994
4525,c,33.906023902780994,33.906023902780994
4526,t,33.906023902780994,33.906023902780994
4527,c,33.906023902780994,33.906023902780994
4528,c,33.906023902780994,33.906023902780994
4529,c,33.906023902780994,33.906023902780994
4530,t,33.906023902780994,33.906023902780994
4531,c,33.906023902780994,33.906023902780994
4532,t,33.906023902780994,33.906023902780994
4533,c,33.906023902780994,33.906023902780994
4534,c,33.906023902780994,33.906023902780994
4535,t,33.906023902780994,33.906023902780994
4536,t,33.906023902780994,33.906023902780994
4537,t,33.906023902780994,33.906023902780994
4538,t,33.906023902780994,33.906023902780994
4539,c,33.906023902780994,33.906023902780994
4540,c,33.906023902780994,33.906023902780994
4541,c,33.906023902780994,33.906023902780994
4542,t,33.906023902780994,33.906023902780994
4543,t,33.906023902780994,33.906023902780994
4544,c,33.906023902780994,33.906023902780994
4545,c,33.906023902780994,33.906023902780994
4546,c,33.906023902780994,33.906023902780994
4547,c,33.906023902780994,33.906023902780994
4548,t,33.906023902780994,33.906023902780994
4549,t,33.906023902780994,33.906023902780994
4550,t,33.906023902780994,33.906023902780994
4551,c,33.906023902780994,33.906023902780994
4552,t,33.906023902780994,33.906023902780994
4553,c,33.906023902780994,33.906023902780994
4554,t,33.906023902780994,33.906023902780994
4555,t,33.906023902780994,33.906023902780994
4556,t,33.906023902780994,33.906023902780994
4557,t,33.906023902780994,33.906023902780994
4558,c,33.906023902780994,33.906023902780994
4559,t,33.906023902780994,33.906023902780994
4560,c,33.906023902780994,33.906023902780994
4561,c,33.906023902780994,33.906023902780994
4562,c,33.906023902780994,33.906023902780994
4563,na,3.3463791920362187,6.174061223874113
4564,t,33.906023902780994,33.906023902780994
4565,c,33.906023902780994,33.906023902780994
4566,c,33.906023902780994,33.906023902780994
4567,t,33.906023902780994,33.906023902780994
4568,t,33.906023902780994,33.906023902780994
4569,t,33.906023902780994,33.906023902780994
4570,t,33.906023902780994,33.906023902780994
4571,c,33.906023902780994,33.906023902780994
4572,c,33.906023902780994,33.906023902780994
4573,t,33.906023902780994,33.906023902780994
4574,t,33.906023902780994,33.906023902780994
4575,c,33.906023902780994,33.906023902780994
4576,t,33.906023902780994,33.906023902780994
4577,c,33.906023902780994,33.906023902780994
4578,c,33.906023902780994,33.906023902780994
4579,c,33.906023902780994,33.906023902780994
4580,c,33.906023902780994,33.906023902780994
4581,t,33.906023902780994,33.906023902780994
4582,t,33.906023902780994,33.906023902780994
4583,t,33.906023902780994,33.906023902780994
4584,t,33.906023902780994,33.906023902780994
4585,c,33.906023902780994,33.906023902780994
4586,na,0,5.486203852494058
4587,t,33.906023902780994,33.906023902780994
4588,c,33.906023902780994,33.906023902780994
4589,c,33.906023902780994,33.906023902780994
4590,c,33.906023902780994,33.906023902780994
4591,t,33.906023902780994,33.906023902780994
4592,t,33.906023902780994,33.906023902780994
4593,t,33.906023902780994,33.906023902780994
4594,c,33.906023902780994,33.906023902780994
4595,c,33.906023902780994,33.906023902780994
4596,c,33.906023902780994,33.906023902780994
4597,t,33.906023902780994,33.906023902780994
4598,c,33.906023902780994,33.906023902780994
4599,t,33.906023902780994,33.906023902780994
4600,c,33.906023902780994,33.906023902780994
4601,t,33.906023902780994,33.906023902780994
4602,t,33.906023902780994,33.906023902780994
4603,c,33.906023902780994,33.906023902780994
4604,t,33.906023902780994,33.906023902780994
4605,c,33.906023902780994,33.906023902780994
4606,t,33.906023902780994,33.906023902780994
4607,t,33.906023902780994,33.906023902780994
4608,c,33.906023902780994,33.906023902780994
4609,t,33.906023902780994,33.906023902780994
4610,c,33.906023902780994,33.906023902780994
4611,t,33.906023902780994,33.906023902780994
4612,t,33.906023902780994,33.906023902780994
4613,t,33.906023902780994,33.906023902780994
4614,t,33.906023902780994,33.906023902780994
4615,t,33.906023902780994,33.906023902780994
4616,t,33.906023902780994,33.906023902780994
4617,c,33.906023902780994,33.906023902780994
4618,c,33.906023902780994,33.906023902780994
4619,c,33.906023902780994,33.906023902780994
4620,t,33.906023902780994,33.906023902780994
4621,c,33.906023902780994,33.906023902780994
4622,t,33.906023902780994,33.906023902780994
4623,t,33.906023902780994,33.906023902780994
4624,c,33.906023902780994,33.906023902780994
4625,c,33.906023902780994,33.906023902780994
4626,c,33.906023902780994,33.906023902780994
4627,c,33.906023902780994,33.906023902780994
4628,c,33.906023902780994,33.906023902780994
4629,t,33.906023902780994,33.906023902780994
4630,c,33.906023902780994,33.906023902780994
4631,c,33.906023902780994,33.906023902780994
4632,t,33.906023902780994,33.906023902780994
4633,t,33.906023902780994,33.906023902780994
4634,t,33.906023902780994,33.906023902780994
4635,t,33.906023902780994,33.906023902780994
4636,c,33.906023902780994,33.906023902780994
4637,t,33.906023902780994,33.906023902780994
4638,t,33.906023902780994,33.906023902780994
4639,c,33.906023902780994,33.906023902780994
4640,c,33.906023902780994,33.906023902780994
4641,c,33.906023902780994,33.906023902780994
4642,t,33.906023902780994,33.906023902780994
4643,t,33.906023902780994,33.906023902780994
4644,t,33.906023902780994,33.906023902780994
4645,t,33.906023902780994,33.906023902780994
4646,c,33.906023902780994,33.906023902780994
4647,c,33.906023902780994,33.906023902780994
4648,c,33.906023902780994,33.906023902780994
4649,t,33.906023902780994,33.906023902780994
4650,t,33.906023902780994,33.906023902780994
4651,c,33.906023902780994,33.906023902780994
4652,t,33.906023902780994,33.906023902780994
4653,c,33.906023902780994,33.906023902780994
4654,t,33.906023902780994,33.906023902780994
4655,c,33.906023902780994,33.906023902780994
4656,c,33.906023902780994,33.906023902780994
4657,c,33.906023902780994,33.906023902780994
4658,c,33.906023902780994,33.906023902780994
4659,c,33.906023902780994,33.906023902780994
4660,c,33.906023902780994,33.906023902780994
4661,t,33.906023902780994,33.906023902780994
4662,t,33.906023902780994,33.906023902780994
4663,t,33.906023902780994,33.906023902780994
4664,t,33.906023902780994,33.906023902780994
4665,t,33.906023902780994,33.906023902780994
4666,t,33.906023902780994,33.906023902780994
4667,c,33.906023902780994,33.906023902780994
4668,c,33.906023902780994,33.906023902780994
4669,c,33.906023902780994,33.906023902780994
4670,c,33.906023902780994,33.906023902780994
4671,t,33.906023902780994,33.906023902780994
4672,c,33.906023902780994,33.906023902780994
4673,t,33.906023902780994,33.906023902780994
4674,t,33.906023902780994,33.906023902780994
4675,c,33.906023902780994,33.906023902780994
4676,c,33.906023902780994,33.906023902780994
4677,t,33.906023902780994,33.906023902780994
4678,t,33.906023902780994,33.906023902780994
4679,c,33.906023902780994,33.906023902780994
4680,t,33.906023902780994,33.906023902780994
4681,t,33.906023902780994,33.906023902780994
4682,c,33.906023902780994,33.906023902780994
4683,c,33.906023902780994,33.906023902780994
4684,t,33.906023902780994,33.906023902780994
4685,t,33.906023902780994,33.906023902780994
4686,c,33.906023902780994,33.906023902780994
4687,t,33.906023902780994,33.906023902780994
4688,t,33.906023902780994,33.906023902780994
4689,t,33.906023902780994,33.906023902780994
4690,c,33.906023902780994,33.906023902780994
4691,t,33.906023902780994,33.906023902780994
4692,t,33.906023902780994,33.906023902780994
4693,t,33.906023902780994,33.906023902780994
4694,c,33.906023902780994,33.906023902780994
4695,t,33.906023902780994,33.906023902780994
4696,t,33.906023902780994,33.906023902780994
4697,c,33.906023902780994,33.906023902780994
4698,c,33.906023902780994,33.906023902780994
4699,t,33.906023902780994,33.906023902780994
4700,c,33.906023902780994,33.906023902780994
4701,t,33.906023902780994,33.906023902780994
4702,t,33.906023902780994,33.906023902780994
4703,t,33.906023902780994,33.906023902780994
4704,t,33.906023902780994,33.906023902780994
4705,t,33.906023902780994,33.906023902780994
4706,c,33.906023902780994,33.906023902780994
4707,t,33.906023902780994,33.906023902780994
4708,c,33.906023902780994,33.906023902780994
4709,t,33.906023902780994,33.906023902780994
4710,c,33.906023902780994,33.906023902780994
4711,c,33.906023902780994,33.906023902780994
4712,c,33.906023902780994,33.906023902780994
4713,t,33.906023902780994,33.906023902780994
4714,t,33.906023902780994,33.906023902780994
4715,t,33.906023902780994,33.906023902780994
4716,c,33.906023902780994,33.906023902780994
4717,t,33.906023902780994,33.906023902780994
4718,t,33.906023902780994,33.906023902780994
4719,t,33.906023902780994,33.906023902780994
4720,c,33.906023902780994,33.906023902780994
4721,c,33.906023902780994,33.906023902780994
4722,c,33.906023902780994,33.906023902780994
4723,t,33.906023902780994,33.906023902780994
4724,c,33.906023902780994,33.906023902780994
4725,t,33.906023902780994,33.906023902780994
4726,c,33.906023902780994,33.906023902780994
4727,c,33.906023902780994,33.906023902780994
4728,c,33.906023902780994,33.906023902780994
4729,t,33.906023902780994,33.906023902780994
4730,t,33.906023902780994,33.906023902780994
4731,t,33.906023902780994,33.906023902780994
4732,c,33.906023902780994,33.906023902780994
4733,c,33.906023902780994,33.906023902780994
4734,t,33.906023902780994,33.906023902780994
4735,t,33.906023902780994,33.906023902780994
4736,t,33.906023902780994,33.906023902780994
4737,c,33.906023902780994,33.906023902780994
4738,c,33.906023902780994,33.906023902780994
4739,t,33.906023902780994,33.906023902780994
4740,c,33.906023902780994,33.906023902780994
4741,t,33.906023902780994,33.906023902780994
4742,t,33.906023902780994,33.906023902780994
4743,t,33.906023902780994,33.906023902780994
4744,t,33.906023902780994,33.906023902780994
4745,t,33.906023902780994,33.906023902780994
4746,c,33.906023902780994,33.906023902780994
4747,t,33.906023902780994,33.906023902780994
4748,c,33.906023902780994,33.906023902780994
4749,t,33.906023902780994,33.906023902780994
4750,t,33.906023902780994,33.906023902780994
4751,t,33.906023902780994,33.906023902780994
4752,t,33.906023902780994,33.906023902780994
4753,t,33.906023902780994,33.906023902780994
4754,c,33.906023902780994,33.906023902780994
4755,t,33.906023902780994,33.906023902780994
4756,t,33.906023902780994,33.906023902780994
4757,t,33.906023902780994,33.906023902780994
4758,c,33.906023902780994,33.906023902780994
4759,c,33.906023902780994,33.906023902780994
4760,c,33.906023902780994,33.906023902780994
4761,t,33.906023902780994,33.906023902780994
4762,c,33.906023902780994,33.906023902780994
4763,c,33.906023902780994,33.906023902780994
4764,c,33.906023902780994,33.906023902780994
4765,t,33.906023902780994,33.906023902780994
4766,t,33.906023902780994,33.906023902780994
4767,c,33.906023902780994,33.906023902780994
4768,c,33.906023902780994,33.906023902780994
4769,t,33.906023902780994,33.906023902780994
4770,c,33.906023902780994,33.906023902780994
4771,t,33.906023902780994,33.906023902780994
4772,c,33.906023902780994,33.906023902780994
4773,t,33.906023902780994,33.906023902780994
4774,t,33.906023902780994,33.906023902780994
4775,c,33.906023902780994,33.906023902780994
4776,c,33.906023902780994,33.906023902780994
4777,t,33.906023902780994,33.906023902780994
4778,t,33.906023902780994,33.906023902780994
4779,c,33.906023902780994,33.906023902780994
4780,c,33.906023902780994,33.906023902780994
4781,t,33.906023902780994,33.906023902780994
4782,c,33.906023902780994,33.906023902780994
4783,t,33.906023902780994,33.906023902780994
4784,t,33.906023902780994,33.906023902780994
4785,c,33.906023902780994,33.906023902780994
4786,c,33.906023902780994,33.906023902780994
4787,c,33.906023902780994,33.906023902780994
4788,c,33.906023902780994,33.906023902780994
4789,c,33.906023902780994,33.906023902780994
4790,t,33.906023902780994,33.906023902780994
4791,t,33.906023902780994,33.906023902780994
4792,c,33.906023902780994,33.906023902780994
4793,c,33.906023902780994,33.906023902780994
4794,t,33.906023902780994,33.906023902780994
4795,t,33.906023902780994,33.906023902780994
4796,t,33.906023902780994,33.906023902780994
4797,c,33.906023902780994,33.906023902780994
4798,c,33.906023902780994,33.906023902780994
4799,t,33.906023902780994,33.906023902780994
4800,c,33.906023902780994,33.906023902780994
4801,t,33.906023902780994,33.906023902780994
4802,c,33.906023902780994,33.906023902780994
4803,c,33.906023902780994,33.906023902780994
4804,c,33.906023902780994,33.906023902780994
4805,t,33.906023902780994,33.906023902780994
4806,t,33.906023902780994,33.906023902780994
4807,c,33.906023902780994,33.906023902780994
4808,c,33.906023902780994,33.906023902780994
4809,c,33.906023902780994,33.906023902780994
4810,t,33.906023902780994,33.906023902780994
4811,t,33.906023902780994,33.906023902780994
4812,t,33.906023902780994,33.906023902780994
4813,c,33.906023902780994,33.906023902780994
4814,t,33.906023902780994,33.906023902780994
4815,c,33.906023902780994,33.906023902780994
4816,t,33.906023902780994,33.906023902780994
4817,t,33.906023902780994,33.906023902780994
4818,c,33.906023902780994,33.906023902780994
4819,c,33.906023902780994,33.906023902780994
4820,t,33.906023902780994,33.906023902780994
4821,t,33.906023902780994,33.906023902780994
4822,c,33.906023902780994,33.906023902780994
4823,c,33.906023902780994,33.906023902780994
4824,c,33.906023902780994,33.906023902780994
4825,c,33.906023902780994,33.906023902780994
4826,t,33.906023902780994,33.906023902780994
4827,t,33.906023902780994,33.906023902780994
4828,t,33.906023902780994,33.906023902780994
4829,c,33.906023902780994,33.906023902780994
4830,c,33.906023902780994,33.906023902780994
4831,c,33.906023902780994,33.906023902780994
4832,c,33.906023902780994,33.906023902780994
4833,t,33.906023902780994,33.906023902780994
4834,t,33.906023902780994,33.906023902780994
4835,c,33.906023902780994,33.906023902780994
4836,t,33.906023902780994,33.906023902780994
4837,t,33.906023902780994,33.906023902780994
4838,t,33.906023902780994,33.906023902780994
4839,t,33.906023902780994,33.906023902780994
4840,t,33.906023902780994,33.906023902780994
4841,c,33.906023902780994,33.906023902780994
4842,c,33.906023902780994,33.906023902780994
4843,t,33.906023902780994,33.906023902780994
4844,c,33.906023902780994,33.906023902780994
4845,t,33.906023902780994,33.906023902780994
4846,c,33.906023902780994,33.906023902780994
4847,c,33.906023902780994,33.906023902780994
4848,c,33.906023902780994,33.906023902780994
4849,t,33.906023902780994,33.906023902780994
4850,c,33.906023902780994,33.906023902780994
4851,c,33.906023902780994,33.906023902780994
4852,c,33.906023902780994,33.906023902780994
4853,c,33.906023902780994,33.906023902780994
4854,na,0,6.075181929353908
4855,t,33.906023902780994,33.906023902780994
4856,c,33.906023902780994,33.906023902780994
4857,na,-1,0
4858,t,33.906023902780994,33.906023902780994
4859,c,33.906023902780994,33.906023902780994
4860,c,33.906023902780994,33.906023902780994
4861,t,33.906023902780994,33.906023902780994
4862,c,33.906023902780994,33.906023902780994
4863,t,33.906023902780994,33.906023902780994
4864,c,33.906023902780994,33.906023902780994
4865,t,33.906023902780994,33.906023902780994
4866,t,33.906023902780994,33.906023902780994
4867,c,33.906023902780994,33.906023902780994
4868,t,33.906023902780994,33.906023902780994
4869,t,33.906023902780994,33.906023902780994
4870,c,33.906023902780994,33.906023902780994
4871,c,33.906023902780994,33.906023902780994
4872,c,33.906023902780994,33.906023902780994
4873,t,33.906023902780994,33.906023902780994
4874,c,33.906023902780994,33.906023902780994
4875,c,33.906023902780994,33.906023902780994
4876,c,33.906023902780994,33.906023902780994
4877,c,33.906023902780994,33.906023902780994
4878,c,33.906023902780994,33.906023902780994
4879,c,33.906023902780994,33.906023902780994
4880,c,33.906023902780994,33.906023902780994
4881,c,33.906023902780994,33.906023902780994
4882,t,33.906023902780994,33.906023902780994
4883,t,33.906023902780994,33.906023902780994
4884,c,33.906023902780994,33.906023902780994
4885,t,33.906023902780994,33.906023902780994
4886,c,33.906023902780994,33.906023902780994
4887,t,33.906023902780994,33.906023902780994
4888,t,33.906023902780994,33.906023902780994
4889,t,33.906023902780994,33.906023902780994
4890,c,33.906023902780994,33.906023902780994
4891,t,33.906023902780994,33.906023902780994
4892,t,33.906023902780994,33.906023902780994
4893,t,33.906023902780994,33.906023902780994
4894,t,33.906023902780994,33.906023902780994
4895,c,33.906023902780994,33.906023902780994
4896,t,33.906023902780994,33.906023902780994
4897,t,33.906023902780994,33.906023902780994
4898,c,33.906023902780994,33.906023902780994
4899,t,33.906023902780994,33.906023902780994
4900,c,33.906023902780994,33.906023902780994
4901,t,33.906023902780994,33.906023902780994
4902,t,33.906023902780994,33.906023902780994
4903,c,33.906023902780994,33.906023902780994
4904,c,33.906023902780994,33.906023902780994
4905,t,33.906023902780994,33.906023902780994
4906,t,33.906023902780994,33.906023902780994
4907,c,33.906023902780994,33.906023902780994
4908,c,33.906023902780994,33.906023902780994
4909,t,33.906023902780994,33.906023902780994
4910,t,33.906023902780994,33.906023902780994
4911,c,33.906023902780994,33.906023902780994
4912,c,33.906023902780994,33.906023902780994
4913,t,33.906023902780994,33.906023902780994
4914,c,33.906023902780994,33.906023902780994
4915,t,33.906023902780994,33.906023902780994
4916,t,33.906023902780994,33.906023902780994
4917,c,33.906023902780994,33.906023902780994
4918,t,33.906023902780994,33.906023902780994
4919,t,33.906023902780994,33.906023902780994
4920,t,33.906023902780994,33.906023902780994
4921,t,33.906023902780994,33.906023902780994
4922,t,33.906023902780994,33.906023902780994
4923,c,33.906023902780994,33.906023902780994
4924,c,33.906023902780994,33.906023902780994
4925,t,33.906023902780994,33.906023902780994
4926,c,33.906023902780994,33.906023902780994
4927,c,33.906023902780994,33.906023902780994
4928,t,33.906023902780994,33.906023902780994
4929,c,33.906023902780994,33.906023902780994
4930,c,33.906023902780994,33.906023902780994
4931,c,33.906023902780994,33.906023902780994
4932,c,33.906023902780994,33.906023902780994
4933,c,33.906023902780994,33.906023902780994
4934,c,33.906023902780994,33.906023902780994
4935,c,33.906023902780994,33.906023902780994
4936,t,33.906023902780994,33.906023902780994
4937,c,33.906023902780994,33.906023902780994
4938,c,33.906023902780994,33.906023902780994
4939,t,33.906023902780994,33.906023902780994
4940,c,33.906023902780994,33.906023902780994
4941,t,33.906023902780994,33.906023902780994
4942,c,33.906023902780994,33.906023902780994
4943,t,33.906023902780994,33.906023902780994
4944,t,33.906023902780994,33.906023902780994
4945,t,33.906023902780994,33.906023902780994
4946,t,33.906023902780994,33.906023902780994
4947,c,33.906023902780994,33.906023902780994
4948,c,33.906023902780994,33.906023902780994
4949,t,33.906023902780994,33.906023902780994
4950,c,33.906023902780994,33.906023902780994
4951,t,33.906023902780994,33.906023902780994
4952,c,33.906023902780994,33.906023902780994
4953,c,33.906023902780994,33.906023902780994
4954,t,33.906023902780994,33.906023902780994
4955,t,33.906023902780994,33.906023902780994
4956,c,33.906023902780994,33.906023902780994
4957,c,33.906023902780994,33.906023902780994
4958,c,33.906023902780994,33.906023902780994
4959,t,33.906023902780994,33.906023902780994
4960,t,33.906023902780994,33.906023902780994
4961,t,33.906023902780994,33.906023902780994
4962,t,33.906023902780994,33.906023902780994
4963,t,33.906023902780994,33.906023902780994
4964,c,33.906023902780994,33.906023902780994
4965,c,33.906023902780994,33.906023902780994
4966,t,33.906023902780994,33.906023902780994
4967,c,33.906023902780994,33.906023902780994
4968,t,33.906023902780994,33.906023902780994
4969,t,33.906023902780994,33.906023902780994
4970,c,33.906023902780994,33.906023902780994
4971,t,33.906023902780994,33.906023902780994
4972,t,33.906023902780994,33.906023902780994
4973,c,33.906023902780994,33.906023902780994
4974,t,33.906023902780994,33.906023902780994
4975,na,-1,0
4976,t,33.906023902780994,33.906023902780994
4977,t,33.906023902780994,33.906023902780994
4978,c,33.906023902780994,33.906023902780994
4979,c,33.906023902780994,33.906023902780994
4980,t,33.906023902780994,33.906023902780994
4981,t,33.906023902780994,33.906023902780994
4982,c,33.906023902780994,33.906023902780994
4983,c,33.906023902780994,33.906023902780994
4984,t,33.906023902780994,33.906023902780994
4985,c,33.906023902780994,33.906023902780994
4986,c,33.906023902780994,33.906023902780994
4987,c,33.906023902780994,33.906023902780994
4988,c,33.906023902780994,33.906023902780994
4989,t,33.906023902780994,33.906023902780994
4990,c,33.906023902780994,33.906023902780994
4991,t,33.906023902780994,33.906023902780994
4992,t,33.906023902780994,33.906023902780994
4993,t,33.906023902780994,33.906023902780994
4994,c,33.906023902780994,33.906023902780994
4995,c,33.906023902780994,33.906023902780994
4996,t,33.906023902780994,33.906023902780994
4997,c,33.906023902780994,33.906023902780994
4998,c,33.906023902780994,33.906023902780994
4999,t,33.906023902780994,33.906023902780994
5000,c,33.906023902780994,33.906023902780994
5001,c,33.906023902780994,33.906023902780994
5002,t,33.906023902780994,33.906023902780994
5003,t,33.906023902780994,33.906023902780994
5004,c,33.906023902780994,33.906023902780994
5005,c,33.906023902780994,33.906023902780994
5006,t,33.906023902780994,33.906023902780994
5007,c,33.906023902780994,33.906023902780994
5008,t,33.906023902780994,33.906023902780994
5009,t,33.906023902780994,33.906023902780994
5010,c,33.906023902780994,33.906023902780994
5011,t,33.906023902780994,33.906023902780994
5012,c,33.906023902780994,33.906023902780994
5013,t,33.906023902780994,33.906023902780994
5014,t,33.906023902780994,33.906023902780994
5015,c,33.906023902780994,33.906023902780994
5016,c,33.906023902780994,33.906023902780994
5017,c,33.906023902780994,33.906023902780994
5018,t,33.906023902780994,33.906023902780994
5019,c,33.906023902780994,33.906023902780994
5020,c,33.906023902780994,33.906023902780994
5021,t,33.906023902780994,33.906023902780994
5022,t,33.906023902780994,33.906023902780994
5023,t,33.906023902780994,33.906023902780994
5024,t,33.906023902780994,33.906023902780994
5025,c,33.906023902780994,33.906023902780994
5026,t,33.906023902780994,33.906023902780994
5027,c,33.906023902780994,33.906023902780994
5028,c,33.906023902780994,33.906023902780994
5029,c,33.906023902780994,33.906023902780994
5030,t,33.906023902780994,33.906023902780994
5031,c,33.906023902780994,33.906023902780994
5032,c,33.906023902780994,33.906023902780994
5033,t,33.906023902780994,33.906023902780994
5034,t,33.906023902780994,33.906023902780994
5035,t,33.906023902780994,33.906023902780994
5036,t,33.906023902780994,33.906023902780994
5037,c,33.906023902780994,33.906023902780994
5038,c,33.906023902780994,33.906023902780994
5039,c,33.906023902780994,33.906023902780994
5040,c,33.906023902780994,33.906023902780994
5041,c,33.906023902780994,33.906023902780994
5042,t,33.906023902780994,33.906023902780994
5043,c,33.906023902780994,33.906023902780994
5044,t,33.906023902780994,33.906023902780994
5045,t,33.906023902780994,33.906023902780994
5046,c,33.906023902780994,33.906023902780994
5047,t,33.906023902780994,33.906023902780994
5048,c,33.906023902780994,33.906023902780994
5049,t,33.906023902780994,33.906023902780994
5050,c,33.906023902780994,33.906023902780994
5051,t,33.906023902780994,33.906023902780994
5052,c,33.906023902780994,33.906023902780994
5053,t,33.906023902780994,33.906023902780994
5054,c,33.906023902780994,33.906023902780994
5055,t,33.906023902780994,33.906023902780994
5056,t,33.906023902780994,33.906023902780994
5057,t,33.906023902780994,33.906023902780994
5058,t,33.906023902780994,33.906023902780994
5059,t,33.906023902780994,33.906023902780994
5060,t,33.906023902780994,33.906023902780994
5061,t,33.906023902780994,33.906023902780994
5062,t,33.906023902780994,33.906023902780994
5063,t,33.906023902780994,33.906023902780994
5064,c,33.906023902780994,33.906023902780994
5065,t,33.906023902780994,33.906023902780994
5066,t,33.906023902780994,33.906023902780994
5067,t,33.906023902780994,33.906023902780994
5068,t,33.906023902780994,33.906023902780994
5069,t,33.906023902780994,33.906023902780994
5070,c,33.906023902780994,33.906023902780994
5071,c,33.906023902780994,33.906023902780994
5072,c,33.906023902780994,33.906023902780994
5073,c,33.906023902780994,33.906023902780994
5074,c,33.906023902780994,33.906023902780994
5075,t,33.906023902780994,33.906023902780994
5076,c,33.906023902780994,33.906023902780994
5077,t,33.906023902780994,33.906023902780994
5078,c,33.906023902780994,33.906023902780994
5079,c,33.906023902780994,33.906023902780994
5080,c,33.906023902780994,33.906023902780994
5081,t,33.906023902780994,33.906023902780994
5082,c,33.906023902780994,33.906023902780994
5083,t,33.906023902780994,33.906023902780994
5084,t,33.906023902780994,33.906023902780994
5085,t,33.906023902780994,33.906023902780994
5086,c,33.906023902780994,33.906023902780994
5087,t,33.906023902780994,33.906023902780994
5088,t,33.906023902780994,33.906023902780994
5089,t,33.906023902780994,33.906023902780994
5090,t,33.906023902780994,33.906023902780994
5091,c,33.906023902780994,33.906023902780994
5092,t,33.906023902780994,33.906023902780994
5093,t,33.906023902780994,33.906023902780994
5094,t,33.906023902780994,33.906023902780994
5095,c,33.906023902780994,33.906023902780994
5096,t,33.906023902780994,33.906023902780994
5097,t,33.906023902780994,33.906023902780994
5098,c,33.906023902780994,33.906023902780994
5099,t,33.906023902780994,33.906023902780994
5100,c,33.906023902780994,33.906023902780994
5101,t,33.906023902780994,33.906023902780994
5102,c,33.906023902780994,33.906023902780994
5103,t,33.906023902780994,33.906023902780994
5104,t,33.906023902780994,33.906023902780994
5105,t,33.906023902780994,33.906023902780994
5106,t,33.906023902780994,33.906023902780994
5107,c,33.906023902780994,33.906023902780994
5108,t,33.906023902780994,33.906023902780994
5109,t,33.906023902780994,33.906023902780994
5110,c,33.906023902780994,33.906023902780994
5111,t,33.906023902780994,33.906023902780994
5112,t,33.906023902780994,33.906023902780994
5113,t,33.906023902780994,33.906023902780994
5114,t,33.906023902780994,33.906023902780994
5115,c,33.906023902780994,33.906023902780994
5116,t,33.906023902780994,33.906023902780994
5117,t,33.906023902780994,33.906023902780994
5118,t,33.906023902780994,33.906023902780994
5119,t,33.906023902780994,33.906023902780994
5120,c,33.906023902780994,33.906023902780994
5121,c,33.906023902780994,33.906023902780994
5122,c,33.906023902780994,33.906023902780994
5123,t,33.906023902780994,33.906023902780994
5124,t,33.906023902780994,33.906023902780994
5125,c,33.906023902780994,33.906023902780994
5126,c,33.906023902780994,33.906023902780994
5127,c,33.906023902780994,33.906023902780994
5128,t,33.906023902780994,33.906023902780994
5129,t,33.906023902780994,33.906023902780994
5130,t,33.906023902780994,33.906023902780994
5131,t,33.906023902780994,33.906023902780994
5132,c,33.906023902780994,33.906023902780994
5133,t,33.906023902780994,33.906023902780994
5134,t,33.906023902780994,33.906023902780994
5135,t,33.906023902780994,33.906023902780994
5136,t,33.906023902780994,33.906023902780994
5137,c,33.906023902780994,33.906023902780994
5138,t,33.906023902780994,33.906023902780994
5139,t,33.906023902780994,33.906023902780994
5140,t,33.906023902780994,33.906023902780994
5141,c,33.906023902780994,33.906023902780994
5142,c,33.906023902780994,33.906023902780994
5143,t,33.906023902780994,33.906023902780994
5144,c,33.906023902780994,33.906023902780994
5145,c,33.906023902780994,33.906023902780994
5146,c,33.906023902780994,33.906023902780994
5147,c,33.906023902780994,33.906023902780994
5148,t,33.906023902780994,33.906023902780994
5149,t,33.906023902780994,33.906023902780994
5150,t,33.906023902780994,33.906023902780994
5151,t,33.906023902780994,33.906023902780994
5152,t,33.906023902780994,33.906023902780994
5153,c,33.906023902780994,33.906023902780994
5154,t,33.906023902780994,33.906023902780994
5155,c,33.906023902780994,33.906023902780994
5156,c,33.906023902780994,33.906023902780994
5157,t,33.906023902780994,33.906023902780994
5158,c,33.906023902780994,33.906023902780994
5159,t,33.906023902780994,33.906023902780994
5160,c,33.906023902780994,33.906023902780994
5161,t,33.906023902780994,33.906023902780994
5162,t,33.906023902780994,33.906023902780994
5163,c,33.906023902780994,33.906023902780994
5164,t,33.906023902780994,33.906023902780994
5165,c,33.906023902780994,33.906023902780994
5166,t,33.906023902780994,33.906023902780994
5167,t,33.906023902780994,33.906023902780994
5168,t,33.906023902780994,33.906023902780994
5169,t,33.906023902780994,33.906023902780994
5170,c,33.906023902780994,33.906023902780994
5171,c,33.906023902780994,33.906023902780994
5172,t,33.906023902780994,33.906023902780994
5173,c,33.906023902780994,33.906023902780994
5174,c,33.906023902780994,33.906023902780994
5175,t,33.906023902780994,33.906023902780994
5176,c,33.906023902780994,33.906023902780994
5177,t,33.906023902780994,33.906023902780994
5178,t,33.906023902780994,33.906023902780994
5179,t,33.906023902780994,33.906023902780994
5180,c,33.906023902780994,33.906023902780994
5181,t,33.906023902780994,33.906023902780994
5182,t,33.906023902780994,33.906023902780994
5183,t,33.906023902780994,33.906023902780994
5184,c,33.906023902780994,33.906023902780994
5185,c,33.906023902780994,33.906023902780994
5186,c,33.906023902780994,33.906023902780994
5187,c,33.906023902780994,33.906023902780994
5188,c,33.906023902780994,33.906023902780994
5189,c,33.906023902780994,33.906023902780994
5190,t,33.906023902780994,33.906023902780994
5191,c,33.906023902780994,33.906023902780994
5192,c,33.906023902780994,33.906023902780994
5193,c,33.906023902780994,33.906023902780994
5194,t,33.906023902780994,33.906023902780994
5195,c,33.906023902780994,33.906023902780994
5196,c,33.906023902780994,33.906023902780994
5197,t,33.906023902780994,33.906023902780994
5198,t,33.906023902780994,33.906023902780994
5199,t,33.906023902780994,33.906023902780994
5200,t,33.906023902780994,33.906023902780994
5201,t,33.906023902780994,33.906023902780994
5202,c,33.906023902780994,33.906023902780994
5203,t,33.906023902780994,33.906023902780994
5204,t,33.906023902780994,33.906023902780994
5205,c,33.906023902780994,33.906023902780994
5206,t,33.906023902780994,33.906023902780994
5207,t,33.906023902780994,33.906023902780994
5208,c,33.906023902780994,33.906023902780994
5209,t,33.906023902780994,33.906023902780994
5210,t,33.906023902780994,33.906023902780994
5211,t,33.906023902780994,33.906023902780994
5212,c,33.906023902780994,33.906023902780994
5213,t,33.906023902780994,33.906023902780994
5214,c,33.906023902780994,33.906023902780994
5215,t,33.906023902780994,33.906023902780994
5216,c,33.906023902780994,33.906023902780994
5217,t,33.906023902780994,33.906023902780994
5218,c,33.906023902780994,33.906023902780994
5219,c,33.906023902780994,33.906023902780994
5220,c,33.906023902780994,33.906023902780994
5221,t,33.906023902780994,33.906023902780994
5222,c,33.906023902780994,33.906023902780994
5223,c,33.906023902780994,33.906023902780994
5224,t,33.906023902780994,33.906023902780994
5225,c,33.906023902780994,33.906023902780994
5226,t,33.906023902780994,33.906023902780994
5227,t,33.906023902780994,33.906023902780994
5228,t,33.906023902780994,33.906023902780994
5229,c,33.906023902780994,33.906023902780994
5230,t,33.906023902780994,33.906023902780994
5231,c,33.906023902780994,33.906023902780994
5232,t,33.906023902780994,33.906023902780994
5233,c,33.906023902780994,33.906023902780994
5234,t,33.906023902780994,33.906023902780994
5235,t,33.906023902780994,33.906023902780994
5236,c,33.906023902780994,33.906023902780994
5237,c,33.906023902780994,33.906023902780994
5238,t,33.906023902780994,33.906023902780994
5239,c,33.906023902780994,33.906023902780994
5240,c,33.906023902780994,33.906023902780994
5241,t,33.906023902780994,33.906023902780994
5242,t,33.906023902780994,33.906023902780994
5243,t,33.906023902780994,33.906023902780994
5244,t,33.906023902780994,33.906023902780994
5245,na,16.032034749148753,16.166982341905584
5246,c,33.906023902780994,33.906023902780994
5247,c,33.906023902780994,33.906023902780994
5248,t,33.906023902780994,33.906023902780994
5249,t,33.906023902780994,33.906023902780994
5250,t,33.906023902780994,33.906023902780994
5251,t,33.906023902780994,33.906023902780994
5252,c,33.906023902780994,33.906023902780994
5253,c,33.906023902780994,33.906023902780994
5254,t,33.906023902780994,33.906023902780994
5255,t,33.906023902780994,33.906023902780994
5256,t,33.906023902780994,33.906023902780994
5257,t,33.906023902780994,33.906023902780994
5258,t,33.906023902780994,33.906023902780994
5259,t,33.906023902780994,33.906023902780994
5260,c,33.906023902780994,33.906023902780994
5261,c,33.906023902780994,33.906023902780994
5262,c,33.906023902780994,33.906023902780994
5263,t,33.906023902780994,33.906023902780994
5264,t,33.906023902780994,33.906023902780994
5265,c,33.906023902780994,33.906023902780994
5266,t,33.906023902780994,33.906023902780994
5267,t,33.906023902780994,33.906023902780994
5268,t,33.906023902780994,33.906023902780994
5269,c,33.906023902780994,33.906023902780994
5270,t,33.906023902780994,33.906023902780994
5271,t,33.906023902780994,33.906023902780994
5272,c,33.906023902780994,33.906023902780994
5273,t,33.906023902780994,33.906023902780994
5274,t,33.906023902780994,33.906023902780994
5275,c,33.906023902780994,33.906023902780994
5276,c,33.906023902780994,33.906023902780994
5277,t,33.906023902780994,33.906023902780994
5278,t,33.906023902780994,33.906023902780994
5279,c,33.906023902780994,33.906023902780994
5280,c,33.906023902780994,33.906023902780994
5281,c,33.906023902780994,33.906023902780994
5282,c,33.906023902780994,33.906023902780994
5283,c,33.906023902780994,33.906023902780994
5284,t,33.906023902780994,33.906023902780994
5285,c,33.906023902780994,33.906023902780994
5286,t,33.906023902780994,33.906023902780994
5287,t,33.906023902780994,33.906023902780994
5288,t,33.906023902780994,33.906023902780994
5289,t,33.906023902780994,33.906023902780994
5290,c,33.906023902780994,33.906023902780994
5291,c,33.906023902780994,33.906023902780994
5292,c,33.906023902780994,33.906023902780994
5293,c,33.906023902780994,33.906023902780994
5294,c,33.906023902780994,33.906023902780994
5295,c,33.906023902780994,33.906023902780994
5296,c,33.906023902780994,33.906023902780994
5297,t,33.906023902780994,33.906023902780994
5298,c,33.906023902780994,33.906023902780994
5299,c,33.906023902780994,33.906023902780994
5300,t,33.906023902780994,33.906023902780994
5301,c,33.906023902780994,33.906023902780994
5302,t,33.906023902780994,33.906023902780994
5303,c,33.906023902780994,33.906023902780994
5304,t,33.906023902780994,33.906023902780994
5305,c,33.906023902780994,33.906023902780994
5306,c,33.906023902780994,33.906023902780994
5307,c,33.906023902780994,33.906023902780994
5308,t,33.906023902780994,33.906023902780994
5309,t,33.906023902780994,33.906023902780994
5310,t,33.906023902780994,33.906023902780994
5311,c,33.906023902780994,33.906023902780994
5312,c,33.906023902780994,33.906023902780994
5313,t,33.906023902780994,33.906023902780994
5314,t,33.906023902780994,33.906023902780994
5315,c,33.906023902780994,33.906023902780994
5316,na,11.846112359584847,16.452688785057244
5317,t,33.906023902780994,33.906023902780994
5318,t,33.906023902780994,33.906023902780994
5319,c,33.906023902780994,33.906023902780994
5320,c,33.906023902780994,33.906023902780994
5321,c,33.906023902780994,33.906023902780994
5322,c,33.906023902780994,33.906023902780994
5323,c,33.906023902780994,33.906023902780994
5324,c,33.906023902780994,33.906023902780994
5325,c,33.906023902780994,33.906023902780994
5326,c,33.906023902780994,33.906023902780994
5327,t,33.906023902780994,33.906023902780994
5328,t,33.906023902780994,33.906023902780994
5329,t,33.906023902780994,33.906023902780994
5330,t,33.906023902780994,33.906023902780994
5331,c,33.906023902780994,33.906023902780994
5332,c,33.906023902780994,33.906023902780994
5333,c,33.906023902780994,33.906023902780994
5334,t,33.906023902780994,33.906023902780994
5335,t,33.906023902780994,33.906023902780994
5336,t,33.906023902780994,33.906023902780994
5337,c,33.906023902780994,33.906023902780994
5338,c,33.906023902780994,33.906023902780994
5339,c,33.906023902780994,33.906023902780994
5340,t,33.906023902780994,33.906023902780994
5341,c,33.906023902780994,33.906023902780994
5342,c,33.906023902780994,33.906023902780994
5343,c,33.906023902780994,33.906023902780994
5344,c,33.906023902780994,33.906023902780994
5345,c,33.906023902780994,33.906023902780994
5346,t,33.906023902780994,33.906023902780994
5347,c,33.906023902780994,33.906023902780994
5348,t,33.906023902780994,33.906023902780994
5349,t,33.906023902780994,33.906023902780994
5350,c,33.906023902780994,33.906023902780994
5351,c,33.906023902780994,33.906023902780994
5352,c,33.906023902780994,33.906023902780994
5353,c,33.906023902780994,33.906023902780994
5354,c,33.906023902780994,33.906023902780994
5355,c,33.906023902780994,33.906023902780994
5356,c,33.906023902780994,33.906023902780994
5357,t,33.906023902780994,33.906023902780994
5358,c,33.906023902780994,33.906023902780994
5359,c,33.906023902780994,33.906023902780994
5360,c,33.906023902780994,33.906023902780994
5361,c,33.906023902780994,33.906023902780994
5362,t,33.906023902780994,33.906023902780994
5363,t,33.906023902780994,33.906023902780994
5364,t,33.906023902780994,33.906023902780994
5365,c,33.906023902780994,33.906023902780994
5366,c,33.906023902780994,33.906023902780994
5367,t,33.906023902780994,33.906023902780994
5368,t,33.906023902780994,33.906023902780994
5369,c,33.906023902780994,33.906023902780994
5370,t,33.906023902780994,33.906023902780994
5371,t,33.906023902780994,33.906023902780994
5372,c,33.906023902780994,33.906023902780994
5373,t,33.906023902780994,33.906023902780994
5374,t,33.906023902780994,33.906023902780994
5375,t,33.906023902780994,33.906023902780994
5376,t,33.906023902780994,33.906023902780994
5377,c,33.906023902780994,33.906023902780994
5378,t,33.906023902780994,33.906023902780994
5379,c,33.906023902780994,33.906023902780994
5380,c,33.906023902780994,33.906023902780994
5381,t,33.906023902780994,33.906023902780994
5382,c,33.906023902780994,33.906023902780994
5383,t,33.906023902780994,33.906023902780994
5384,c,33.906023902780994,33.906023902780994
5385,c,33.906023902780994,33.906023902780994
5386,t,33.906023902780994,33.906023902780994
5387,t,33.906023902780994,33.906023902780994
5388,t,33.906023902780994,33.906023902780994
5389,t,33.906023902780994,33.906023902780994
5390,c,33.906023902780994,33.906023902780994
5391,t,33.906023902780994,33.906023902780994
5392,t,33.906023902780994,33.906023902780994
5393,c,33.906023902780994,33.906023902780994
5394,t,33.906023902780994,33.906023902780994
5395,c,33.906023902780994,33.906023902780994
5396,t,33.906023902780994,33.906023902780994
5397,c,33.906023902780994,33.906023902780994
5398,t,33.906023902780994,33.906023902780994
5399,t,33.906023902780994,33.906023902780994
5400,t,33.906023902780994,33.906023902780994
5401,t,33.906023902780994,33.906023902780994
5402,c,33.906023902780994,33.906023902780994
5403,t,33.906023902780994,33.906023902780994
5404,t,33.906023902780994,33.906023902780994
5405,c,33.906023902780994,33.906023902780994
5406,c,33.906023902780994,33.906023902780994
5407,c,33.906023902780994,33.906023902780994
5408,c,33.906023902780994,33.906023902780994
5409,c,33.906023902780994,33.906023902780994
5410,t,33.906023902780994,33.906023902780994
5411,t,33.906023902780994,33.906023902780994
5412,t,33.906023902780994,33.906023902780994
5413,c,33.906023902780994,33.906023902780994
5414,c,33.906023902780994,33.906023902780994
5415,t,33.906023902780994,33.906023902780994
5416,t,33.906023902780994,33.906023902780994
5417,c,33.906023902780994,33.906023902780994
5418,c,33.906023902780994,33.906023902780994
5419,t,33.906023902780994,33.906023902780994
5420,c,33.906023902780994,33.906023902780994
5421,c,33.906023902780994,33.906023902780994
5422,t,33.906023902780994,33.906023902780994
5423,t,33.906023902780994,33.906023902780994
5424,c,33.906023902780994,33.906023902780994
5425,t,33.906023902780994,33.906023902780994
5426,c,33.906023902780994,33.906023902780994
5427,c,33.906023902780994,33.906023902780994
5428,c,33.906023902780994,33.906023902780994
5429,t,33.906023902780994,33.906023902780994
5430,c,33.906023902780994,33.906023902780994
5431,c,33.906023902780994,33.906023902780994
5432,c,33.906023902780994,33.906023902780994
5433,t,33.906023902780994,33.906023902780994
5434,c,33.906023902780994,33.906023902780994
5435,c,33.906023902780994,33.906023902780994
5436,t,33.906023902780994,33.906023902780994
5437,t,33.906023902780994,33.906023902780994
5438,t,33.906023902780994,33.906023902780994
5439,c,33.906023902780994,33.906023902780994
5440,t,33.906023902780994,33.906023902780994
5441,c,33.906023902780994,33.906023902780994
5442,c,33.906023902780994,33.906023902780994
5443,c,33.906023902780994,33.906023902780994
5444,t,33.906023902780994,33.906023902780994
5445,c,33.906023902780994,33.906023902780994
5446,t,33.906023902780994,33.906023902780994
5447,t,33.906023902780994,33.906023902780994
5448,t,33.906023902780994,33.906023902780994
5449,c,33.906023902780994,33.906023902780994
5450,c,33.906023902780994,33.906023902780994
5451,t,33.906023902780994,33.906023902780994
5452,c,33.906023902780994,33.906023902780994
5453,t,33.906023902780994,33.906023902780994
5454,c,33.906023902780994,33.906023902780994
5455,c,33.906023902780994,33.906023902780994
5456,c,33.906023902780994,33.906023902780994
5457,t,33.906023902780994,33.906023902780994
5458,c,33.906023902780994,33.906023902780994
5459,na,0,4.914931652493487
5460,c,33.906023902780994,33.906023902780994
5461,c,33.906023902780994,33.906023902780994
5462,t,33.906023902780994,33.906023902780994
5463,t,33.906023902780994,33.906023902780994
5464,c,8.882008852363166,15.892657230851151
5465,t,33.906023902780994,33.906023902780994
5466,t,33.906023902780994,33.906023902780994
5467,c,33.906023902780994,33.906023902780994
5468,c,33.906023902780994,33.906023902780994
5469,c,33.906023902780994,33.906023902780994
5470,c,33.906023902780994,33.906023902780994
5471,t,33.906023902780994,33.906023902780994
5472,t,33.906023902780994,33.906023902780994
5473,t,33.906023902780994,33.906023902780994
5474,t,33.906023902780994,33.906023902780994
5475,t,33.906023902780994,33.906023902780994
5476,c,33.906023902780994,33.906023902780994
5477,t,33.906023902780994,33.906023902780994
5478,t,33.906023902780994,33.906023902780994
5479,c,33.906023902780994,33.906023902780994
5480,c,33.906023902780994,33.906023902780994
5481,t,33.906023902780994,33.906023902780994
5482,c,33.906023902780994,33.906023902780994
5483,c,33.906023902780994,33.906023902780994
5484,t,33.906023902780994,33.906023902780994
5485,t,33.906023902780994,33.906023902780994
5486,c,33.906023902780994,33.906023902780994
5487,c,33.906023902780994,33.906023902780994
5488,t,33.906023902780994,33.906023902780994
5489,t,33.906023902780994,33.906023902780994
5490,t,33.906023902780994,33.906023902780994
5491,c,33.906023902780994,33.906023902780994
5492,t,33.906023902780994,33.906023902780994
5493,c,33.906023902780994,33.906023902780994
5494,c,33.906023902780994,33.906023902780994
5495,c,33.906023902780994,33.906023902780994
5496,t,33.906023902780994,33.906023902780994
5497,c,33.906023902780994,33.906023902780994
5498,t,33.906023902780994,33.906023902780994
5499,t,33.906023902780994,33.906023902780994
5500,c,33.906023902780994,33.906023902780994
5501,t,33.906023902780994,33.906023902780994
5502,t,33.906023902780994,33.906023902780994
5503,c,33.906023902780994,33.906023902780994
5504,t,33.906023902780994,33.906023902780994
5505,t,33.906023902780994,33.906023902780994
5506,t,33.906023902780994,33.906023902780994
5507,t,33.906023902780994,33.906023902780994
5508,c,33.906023902780994,33.906023902780994
5509,t,33.906023902780994,33.906023902780994
5510,c,33.906023902780994,33.906023902780994
5511,t,33.906023902780994,33.906023902780994
5512,t,33.906023902780994,33.906023902780994
5513,t,33.906023902780994,33.906023902780994
5514,t,33.906023902780994,33.906023902780994
5515,c,33.906023902780994,33.906023902780994
5516,c,33.906023902780994,33.906023902780994
5517,c,33.906023902780994,33.906023902780994
5518,t,33.906023902780994,33.906023902780994
5519,c,11.406768968607638,12.656026068101253
5520,t,33.906023902780994,33.906023902780994
5521,t,33.906023902780994,33.906023902780994
5522,t,33.906023902780994,33.906023902780994
5523,t,33.906023902780994,33.906023902780994
5524,t,33.906023902780994,33.906023902780994
5525,c,33.906023902780994,33.906023902780994
5526,t,33.906023902780994,33.906023902780994
5527,c,33.906023902780994,33.906023902780994
5528,t,33.906023902780994,33.906023902780994
5529,c,33.906023902780994,33.906023902780994
5530,t,33.906023902780994,33.906023902780994
5531,t,33.906023902780994,33.906023902780994
5532,t,33.906023902780994,33.906023902780994
5533,c,33.906023902780994,33.906023902780994
5534,c,33.906023902780994,33.906023902780994
5535,t,33.906023902780994,33.906023902780994
5536,c,33.906023902780994,33.906023902780994
5537,c,33.906023902780994,33.906023902780994
5538,t,33.906023902780994,33.906023902780994
5539,c,33.906023902780994,33.906023902780994
5540,t,33.906023902780994,33.906023902780994
5541,c,33.906023902780994,33.906023902780994
5542,t,33.906023902780994,33.906023902780994
5543,t,33.906023902780994,33.906023902780994
5544,c,33.906023902780994,33.906023902780994
5545,c,33.906023902780994,33.906023902780994
5546,t,33.906023902780994,33.906023902780994
5547,c,33.906023902780994,33.906023902780994
5548,t,33.906023902780994,33.906023902780994
5549,c,33.906023902780994,33.906023902780994
5550,t,33.906023902780994,33.906023902780994
5551,t,33.906023902780994,33.906023902780994
5552,t,33.906023902780994,33.906023902780994
5553,t,33.906023902780994,33.906023902780994
5554,c,33.906023902780994,33.906023902780994
5555,c,33.906023902780994,33.906023902780994
5556,t,33.906023902780994,33.906023902780994
5557,c,33.906023902780994,33.906023902780994
5558,c,33.906023902780994,33.906023902780994
5559,t,33.906023902780994,33.906023902780994
5560,t,33.906023902780994,33.906023902780994
5561,t,33.906023902780994,33.906023902780994
5562,c,33.906023902780994,33.906023902780994
5563,t,33.906023902780994,33.906023902780994
5564,t,33.906023902780994,33.906023902780994
5565,t,33.906023902780994,33.906023902780994
5566,t,33.906023902780994,33.906023902780994
5567,t,33.906023902780994,33.906023902780994
5568,t,33.906023902780994,33.906023902780994
5569,c,33.906023902780994,33.906023902780994
5570,c,33.906023902780994,33.906023902780994
5571,c,33.906023902780994,33.906023902780994
5572,c,33.906023902780994,33.906023902780994
5573,c,33.906023902780994,33.906023902780994
5574,t,33.906023902780994,33.906023902780994
5575,c,33.906023902780994,33.906023902780994
5576,c,33.906023902780994,33.906023902780994
5577,c,33.906023902780994,33.906023902780994
5578,t,33.906023902780994,33.906023902780994
5579,c,33.906023902780994,33.906023902780994
5580,c,33.906023902780994,33.906023902780994
5581,c,33.906023902780994,33.906023902780994
5582,c,33.906023902780994,33.906023902780994
5583,c,33.906023902780994,33.906023902780994
5584,c,33.906023902780994,33.906023902780994
5585,c,33.906023902780994,33.906023902780994
5586,c,33.906023902780994,33.906023902780994
5587,c,33.906023902780994,33.906023902780994
5588,c,33.906023902780994,33.906023902780994
5589,t,33.906023902780994,33.906023902780994
5590,t,33.906023902780994,33.906023902780994
5591,c,33.906023902780994,33.906023902780994
5592,t,33.906023902780994,33.906023902780994
5593,t,33.906023902780994,33.906023902780994
5594,c,33.906023902780994,33.906023902780994
5595,t,33.906023902780994,33.906023902780994
5596,c,33.906023902780994,33.906023902780994
5597,c,33.906023902780994,33.906023902780994
5598,c,33.906023902780994,33.906023902780994
5599,c,33.906023902780994,33.906023902780994
5600,c,33.906023902780994,33.906023902780994
5601,c,33.906023902780994,33.906023902780994
5602,c,33.906023902780994,33.906023902780994
5603,t,33.906023902780994,33.906023902780994
5604,t,33.906023902780994,33.906023902780994
5605,c,33.906023902780994,33.906023902780994
5606,t,33.906023902780994,33.906023902780994
5607,c,33.906023902780994,33.906023902780994
5608,c,33.906023902780994,33.906023902780994
5609,t,33.906023902780994,33.906023902780994
5610,c,33.906023902780994,33.906023902780994
5611,c,33.906023902780994,33.906023902780994
5612,c,33.906023902780994,33.906023902780994
5613,t,33.906023902780994,33.906023902780994
5614,t,33.906023902780994,33.906023902780994
5615,c,33.906023902780994,33.906023902780994
5616,t,33.906023902780994,33.906023902780994
5617,c,33.906023902780994,33.906023902780994
5618,c,33.906023902780994,33.906023902780994
5619,c,33.906023902780994,33.906023902780994
5620,c,33.906023902780994,33.906023902780994
5621,c,33.906023902780994,33.906023902780994
5622,t,33.906023902780994,33.906023902780994
5623,c,33.906023902780994,33.906023902780994
5624,c,33.906023902780994,33.906023902780994
5625,t,33.906023902780994,33.906023902780994
5626,t,33.906023902780994,33.906023902780994
5627,t,33.906023902780994,33.906023902780994
5628,t,33.906023902780994,33.906023902780994
5629,c,33.906023902780994,33.906023902780994
5630,t,33.906023902780994,33.906023902780994
5631,t,33.906023902780994,33.906023902780994
5632,t,33.906023902780994,33.906023902780994
5633,c,33.906023902780994,33.906023902780994
5634,t,33.906023902780994,33.906023902780994
5635,c,33.906023902780994,33.906023902780994
5636,t,33.906023902780994,33.906023902780994
5637,t,33.906023902780994,33.906023902780994
5638,na,3.0137266839424273,4.049301508689476
5639,c,33.906023902780994,33.906023902780994
5640,t,33.906023902780994,33.906023902780994
5641,t,33.906023902780994,33.906023902780994
5642,c,33.906023902780994,33.906023902780994
5643,c,33.906023902780994,33.906023902780994
5644,c,33.906023902780994,33.906023902780994
5645,t,33.906023902780994,33.906023902780994
5646,t,33.906023902780994,33.906023902780994
5647,t,33.906023902780994,33.906023902780994
5648,t,33.906023902780994,33.906023902780994
5649,c,33.906023902780994,33.906023902780994
5650,t,33.906023902780994,33.906023902780994
5651,c,33.906023902780994,33.906023902780994
5652,c,33.906023902780994,33.906023902780994
5653,t,33.906023902780994,33.906023902780994
5654,c,33.906023902780994,33.906023902780994
5655,t,33.906023902780994,33.906023902780994
5656,c,33.906023902780994,33.906023902780994
5657,c,33.906023902780994,33.906023902780994
5658,c,33.906023902780994,33.906023902780994
5659,t,33.906023902780994,33.906023902780994
5660,c,33.906023902780994,33.906023902780994
5661,t,33.906023902780994,33.906023902780994
5662,t,33.906023902780994,33.906023902780994
5663,t,33.906023902780994,33.906023902780994
5664,c,33.906023902780994,33.906023902780994
5665,t,33.906023902780994,33.906023902780994
5666,c,33.906023902780994,33.906023902780994
5667,t,33.906023902780994,33.906023902780994
5668,t,33.906023902780994,33.906023902780994
5669,c,33.906023902780994,33.906023902780994
5670,t,33.906023902780994,33.906023902780994
5671,c,33.906023902780994,33.906023902780994
5672,t,33.906023902780994,33.906023902780994
5673,t,33.906023902780994,33.906023902780994
5674,t,33.906023902780994,33.906023902780994
5675,t,33.906023902780994,33.906023902780994
5676,c,33.906023902780994,33.906023902780994
5677,c,33.906023902780994,33.906023902780994
5678,c,5.336318539962969,10.562356700666282
5679,c,33.906023902780994,33.906023902780994
5680,c,33.906023902780994,33.906023902780994
5681,c,4.784440380310002,9.45419059581706
5682,c,33.906023902780994,33.906023902780994
5683,t,33.906023902780994,33.906023902780994
5684,t,33.906023902780994,33.906023902780994
5685,t,33.906023902780994,33.906023902780994
5686,t,33.906023902780994,33.906023902780994
5687,t,33.906023902780994,33.906023902780994
5688,c,33.906023902780994,33.906023902780994
5689,c,33.906023902780994,33.906023902780994
5690,t,33.906023902780994,33.906023902780994
5691,t,33.906023902780994,33.906023902780994
5692,t,33.906023902780994,33.906023902780994
5693,t,33.906023902780994,33.906023902780994
5694,c,33.906023902780994,33.906023902780994
5695,c,33.906023902780994,33.906023902780994
5696,t,33.906023902780994,33.906023902780994
5697,t,33.906023902780994,33.906023902780994
5698,t,33.906023902780994,33.906023902780994
5699,t,33.906023902780994,33.906023902780994
5700,c,33.906023902780994,33.906023902780994
5701,t,33.906023902780994,33.906023902780994
5702,c,33.906023902780994,33.906023902780994
5703,c,33.906023902780994,33.906023902780994
5704,c,33.906023902780994,33.906023902780994
5705,c,33.906023902780994,33.906023902780994
5706,t,33.906023902780994,33.906023902780994
5707,t,33.906023902780994,33.906023902780994
5708,c,33.906023902780994,33.906023902780994
5709,t,33.906023902780994,33.906023902780994
5710,t,33.906023902780994,33.906023902780994
5711,t,33.906023902780994,33.906023902780994
5712,c,33.906023902780994,33.906023902780994
5713,t,33.906023902780994,33.906023902780994
5714,t,33.906023902780994,33.906023902780994
5715,c,33.906023902780994,33.906023902780994
5716,t,33.906023902780994,33.906023902780994
5717,t,33.906023902780994,33.906023902780994
5718,t,33.906023902780994,33.906023902780994
5719,t,33.906023902780994,33.906023902780994
5720,t,33.906023902780994,33.906023902780994
5721,c,33.906023902780994,33.906023902780994
5722,c,33.906023902780994,33.906023902780994
5723,c,33.906023902780994,33.906023902780994
5724,c,33.906023902780994,33.906023902780994
5725,t,33.906023902780994,33.906023902780994
5726,na,0,9.139475046343975
5727,c,33.906023902780994,33.906023902780994
5728,c,33.906023902780994,33.906023902780994
5729,t,33.906023902780994,33.906023902780994
5730,t,33.906023902780994,33.906023902780994
5731,t,33.906023902780994,33.906023902780994
5732,c,33.906023902780994,33.906023902780994
5733,c,33.906023902780994,33.906023902780994
5734,c,33.906023902780994,33.906023902780994
5735,t,33.906023902780994,33.906023902780994
5736,c,33.906023902780994,33.906023902780994
5737,t,33.906023902780994,33.906023902780994
5738,c,33.906023902780994,33.906023902780994
5739,c,33.906023902780994,33.906023902780994
5740,c,33.906023902780994,33.906023902780994
5741,c,33.906023902780994,33.906023902780994
5742,c,33.906023902780994,33.906023902780994
5743,t,33.906023902780994,33.906023902780994
5744,c,33.906023902780994,33.906023902780994
5745,t,33.906023902780994,33.906023902780994
5746,c,33.906023902780994,33.906023902780994
5747,t,33.906023902780994,33.906023902780994
5748,t,33.906023902780994,33.906023902780994
5749,t,33.906023902780994,33.906023902780994
5750,c,33.906023902780994,33.906023902780994
5751,c,33.906023902780994,33.906023902780994
5752,t,33.906023902780994,33.906023902780994
5753,t,33.906023902780994,33.906023902780994
5754,t,33.906023902780994,33.906023902780994
5755,c,33.906023902780994,33.906023902780994
5756,t,33.906023902780994,33.906023902780994
5757,c,33.906023902780994,33.906023902780994
5758,t,33.906023902780994,33.906023902780994
5759,c,33.906023902780994,33.906023902780994
5760,c,33.906023902780994,33.906023902780994
5761,c,33.906023902780994,33.906023902780994
5762,t,33.906023902780994,33.906023902780994
5763,t,33.906023902780994,33.906023902780994
5764,t,33.906023902780994,33.906023902780994
5765,t,33.906023902780994,33.906023902780994
5766,t,33.906023902780994,33.906023902780994
5767,c,33.906023902780994,33.906023902780994
5768,t,33.906023902780994,33.906023902780994
5769,t,33.906023902780994,33.906023902780994
5770,t,33.906023902780994,33.906023902780994
5771,t,33.906023902780994,33.906023902780994
5772,c,33.906023902780994,33.906023902780994
5773,c,33.906023902780994,33.906023902780994
5774,c,33.906023902780994,33.906023902780994
5775,t,33.906023902780994,33.906023902780994
5776,c,33.906023902780994,33.906023902780994
5777,c,33.906023902780994,33.906023902780994
5778,c,33.906023902780994,33.906023902780994
5779,c,33.906023902780994,33.906023902780994
5780,t,33.906023902780994,33.906023902780994
5781,t,33.906023902780994,33.906023902780994
5782,c,33.906023902780994,33.906023902780994
5783,c,33.906023902780994,33.906023902780994
5784,t,33.906023902780994,33.906023902780994
5785,t,33.906023902780994,33.906023902780994
5786,c,33.906023902780994,33.906023902780994
5787,c,33.906023902780994,33.906023902780994
5788,c,33.906023902780994,33.906023902780994
5789,c,33.906023902780994,33.906023902780994
5790,c,33.906023902780994,33.906023902780994
5791,t,33.906023902780994,33.906023902780994
5792,c,33.906023902780994,33.906023902780994
5793,t,33.906023902780994,33.906023902780994
5794,t,33.906023902780994,33.906023902780994
5795,c,33.906023902780994,33.906023902780994
5796,t,33.906023902780994,33.906023902780994
5797,c,33.906023902780994,33.906023902780994
5798,c,33.906023902780994,33.906023902780994
5799,t,33.906023902780994,33.906023902780994
5800,c,33.906023902780994,33.906023902780994
5801,t,33.906023902780994,33.906023902780994
5802,t,33.906023902780994,33.906023902780994
5803,c,33.906023902780994,33.906023902780994
5804,c,33.906023902780994,33.906023902780994
5805,t,33.906023902780994,33.906023902780994
5806,c,33.906023902780994,33.906023902780994
5807,c,33.906023902780994,33.906023902780994
5808,c,33.906023902780994,33.906023902780994
5809,c,33.906023902780994,33.906023902780994
5810,c,33.906023902780994,33.906023902780994
5811,c,33.906023902780994,33.906023902780994
5812,c,33.906023902780994,33.906023902780994
5813,t,33.906023902780994,33.906023902780994
5814,t,33.906023902780994,33.906023902780994
5815,t,33.906023902780994,33.906023902780994
5816,c,33.906023902780994,33.906023902780994
5817,t,33.906023902780994,33.906023902780994
5818,c,33.906023902780994,33.906023902780994
5819,t,33.906023902780994,33.906023902780994
5820,c,33.906023902780994,33.906023902780994
5821,c,33.906023902780994,33.906023902780994
5822,c,33.906023902780994,33.906023902780994
5823,t,33.906023902780994,33.906023902780994
5824,c,33.906023902780994,33.906023902780994
5825,t,33.906023902780994,33.906023902780994
5826,t,33.906023902780994,33.906023902780994
5827,c,33.906023902780994,33.906023902780994
5828,c,33.906023902780994,33.906023902780994
5829,c,33.906023902780994,33.906023902780994
5830,t,33.906023902780994,33.906023902780994
5831,t,33.906023902780994,33.906023902780994
5832,t,33.906023902780994,33.906023902780994
5833,t,33.906023902780994,33.906023902780994
5834,c,33.906023902780994,33.906023902780994
5835,c,33.906023902780994,33.906023902780994
5836,c,33.906023902780994,33.906023902780994
5837,c,33.906023902780994,33.906023902780994
5838,c,33.906023902780994,33.906023902780994
5839,t,33.906023902780994,33.906023902780994
5840,t,33.906023902780994,33.906023902780994
5841,t,33.906023902780994,33.906023902780994
5842,t,33.906023902780994,33.906023902780994
5843,t,33.906023902780994,33.906023902780994
5844,c,33.906023902780994,33.906023902780994
5845,na,0,4.976527065671615
5846,t,33.906023902780994,33.906023902780994
5847,t,33.906023902780994,33.906023902780994
5848,c,33.906023902780994,33.906023902780994
5849,t,33.906023902780994,33.906023902780994
5850,c,33.906023902780994,33.906023902780994
5851,t,33.906023902780994,33.906023902780994
5852,t,33.906023902780994,33.906023902780994
5853,t,33.906023902780994,33.906023902780994
5854,t,33.906023902780994,33.906023902780994
5855,c,33.906023902780994,33.906023902780994
5856,t,33.906023902780994,33.906023902780994
5857,t,33.906023902780994,33.906023902780994
5858,t,33.906023902780994,33.906023902780994
5859,c,33.906023902780994,33.906023902780994
5860,c,33.906023902780994,33.906023902780994
5861,c,33.906023902780994,33.906023902780994
5862,t,33.906023902780994,33.906023902780994
5863,t,33.906023902780994,33.906023902780994
5864,c,33.906023902780994,33.906023902780994
5865,t,33.906023902780994,33.906023902780994
5866,c,33.906023902780994,33.906023902780994
5867,c,33.906023902780994,33.906023902780994
5868,c,33.906023902780994,33.906023902780994
5869,t,33.906023902780994,33.906023902780994
5870,t,33.906023902780994,33.906023902780994
5871,t,33.906023902780994,33.906023902780994
5872,t,33.906023902780994,33.906023902780994
5873,t,33.906023902780994,33.906023902780994
5874,c,33.906023902780994,33.906023902780994
5875,c,33.906023902780994,33.906023902780994
5876,t,33.906023902780994,33.906023902780994
5877,t,33.906023902780994,33.906023902780994
5878,t,33.906023902780994,33.906023902780994
5879,t,33.906023902780994,33.906023902780994
5880,c,33.906023902780994,33.906023902780994
5881,c,33.906023902780994,33.906023902780994
5882,t,33.906023902780994,33.906023902780994
5883,t,33.906023902780994,33.906023902780994
5884,t,33.906023902780994,33.906023902780994
5885,c,33.906023902780994,33.906023902780994
5886,t,33.906023902780994,33.906023902780994
5887,t,33.906023902780994,33.906023902780994
5888,t,33.906023902780994,33.906023902780994
5889,t,33.906023902780994,33.906023902780994
5890,t,33.906023902780994,33.906023902780994
5891,c,33.906023902780994,33.906023902780994
5892,c,33.906023902780994,33.906023902780994
5893,c,33.906023902780994,33.906023902780994
5894,t,33.906023902780994,33.906023902780994
5895,c,33.906023902780994,33.906023902780994
5896,t,33.906023902780994,33.906023902780994
5897,c,33.906023902780994,33.906023902780994
5898,t,33.906023902780994,33.906023902780994
5899,t,33.906023902780994,33.906023902780994
5900,t,33.906023902780994,33.906023902780994
5901,c,33.906023902780994,33.906023902780994
5902,t,33.906023902780994,33.906023902780994
5903,c,33.906023902780994,33.906023902780994
5904,c,33.906023902780994,33.906023902780994
5905,t,33.906023902780994,33.906023902780994
5906,c,33.906023902780994,33.906023902780994
5907,t,33.906023902780994,33.906023902780994
5908,c,33.906023902780994,33.906023902780994
5909,c,33.906023902780994,33.906023902780994
5910,c,33.906023902780994,33.906023902780994
5911,t,33.906023902780994,33.906023902780994
5912,t,33.906023902780994,33.906023902780994
5913,t,33.906023902780994,33.906023902780994
5914,c,33.906023902780994,33.906023902780994
5915,c,33.906023902780994,33.906023902780994
5916,c,33.906023902780994,33.906023902780994
5917,c,33.906023902780994,33.906023902780994
5918,c,33.906023902780994,33.906023902780994
5919,t,33.906023902780994,33.906023902780994
5920,c,33.906023902780994,33.906023902780994
5921,t,33.906023902780994,33.906023902780994
5922,c,33.906023902780994,33.906023902780994
5923,c,33.906023902780994,33.906023902780994
5924,t,33.906023902780994,33.906023902780994
5925,c,33.906023902780994,33.906023902780994
5926,t,33.906023902780994,33.906023902780994
5927,t,33.906023902780994,33.906023902780994
5928,t,33.906023902780994,33.906023902780994
5929,na,-1,0
5930,t,33.906023902780994,33.906023902780994
5931,c,33.906023902780994,33.906023902780994
5932,c,33.906023902780994,33.906023902780994
5933,c,33.906023902780994,33.906023902780994
5934,c,33.906023902780994,33.906023902780994
5935,c,33.906023902780994,33.906023902780994
5936,t,33.906023902780994,33.906023902780994
5937,c,33.906023902780994,33.906023902780994
5938,c,33.906023902780994,33.906023902780994
5939,c,33.906023902780994,33.906023902780994
5940,c,33.906023902780994,33.906023902780994
5941,t,33.906023902780994,33.906023902780994
5942,c,33.906023902780994,33.906023902780994
5943,t,33.906023902780994,33.906023902780994
5944,t,33.906023902780994,33.906023902780994
5945,t,33.906023902780994,33.906023902780994
5946,c,33.906023902780994,33.906023902780994
5947,c,33.906023902780994,33.906023902780994
5948,c,33.906023902780994,33.906023902780994
5949,t,33.906023902780994,33.906023902780994
5950,c,33.906023902780994,33.906023902780994
5951,c,33.906023902780994,33.906023902780994
5952,c,33.906023902780994,33.906023902780994
5953,t,33.906023902780994,33.906023902780994
5954,t,33.906023902780994,33.906023902780994
5955,t,33.906023902780994,33.906023902780994
5956,t,33.906023902780994,33.906023902780994
5957,c,33.906023902780994,33.906023902780994
5958,t,33.906023902780994,33.906023902780994
5959,c,33.906023902780994,33.906023902780994
5960,t,33.906023902780994,33.906023902780994
5961,t,33.906023902780994,33.906023902780994
5962,c,33.906023902780994,33.906023902780994
5963,c,33.906023902780994,33.906023902780994
5964,c,33.906023902780994,33.906023902780994
5965,t,33.906023902780994,33.906023902780994
5966,c,33.906023902780994,33.906023902780994
5967,c,33.906023902780994,33.906023902780994
5968,c,33.906023902780994,33.906023902780994
5969,t,33.906023902780994,33.906023902780994
5970,t,33.906023902780994,33.906023902780994
5971,t,33.906023902780994,33.906023902780994
5972,c,33.906023902780994,33.906023902780994
5973,c,33.906023902780994,33.906023902780994
5974,c,33.906023902780994,33.906023902780994
5975,t,33.906023902780994,33.906023902780994
5976,c,33.906023902780994,33.906023902780994
5977,c,33.906023902780994,33.906023902780994
5978,c,33.906023902780994,33.906023902780994
5979,c,33.906023902780994,33.906023902780994
5980,c,33.906023902780994,33.906023902780994
5981,c,33.906023902780994,33.906023902780994
5982,t,33.906023902780994,33.906023902780994
5983,t,33.906023902780994,33.906023902780994
5984,c,33.906023902780994,33.906023902780994
5985,c,33.906023902780994,33.906023902780994
5986,t,33.906023902780994,33.906023902780994
5987,c,33.906023902780994,33.906023902780994
5988,c,33.906023902780994,33.906023902780994
5989,c,33.906023902780994,33.906023902780994
5990,c,33.906023902780994,33.906023902780994
5991,t,33.906023902780994,33.906023902780994
5992,t,33.906023902780994,33.906023902780994
5993,t,33.906023902780994,33.906023902780994
5994,c,33.906023902780994,33.906023902780994
5995,t,33.906023902780994,33.906023902780994
5996,c,33.906023902780994,33.906023902780994
5997,c,33.906023902780994,33.906023902780994
5998,t,33.906023902780994,33.906023902780994
5999,c,33.906023902780994,33.906023902780994
6000,t,33.906023902780994,33.906023902780994
6001,c,33.906023902780994,33.906023902780994
6002,c,33.906023902780994,33.906023902780994
6003,c,33.906023902780994,33.906023902780994
6004,t,33.906023902780994,33.906023902780994
6005,c,33.906023902780994,33.906023902780994
6006,c,33.906023902780994,33.906023902780994
6007,t,33.906023902780994,33.906023902780994
6008,c,33.906023902780994,33.906023902780994
6009,t,33.906023902780994,33.906023902780994
6010,c,33.906023902780994,33.906023902780994
6011,t,33.906023902780994,33.906023902780994
6012,c,33.906023902780994,33.906023902780994
6013,t,33.906023902780994,33.906023902780994
6014,t,33.906023902780994,33.906023902780994
6015,t,33.906023902780994,33.906023902780994
6016,t,33.906023902780994,33.906023902780994
6017,c,33.906023902780994,33.906023902780994
6018,t,33.906023902780994,33.906023902780994
6019,c,33.906023902780994,33.906023902780994
6020,c,33.906023902780994,33.906023902780994
6021,t,33.906023902780994,33.906023902780994
6022,c,33.906023902780994,33.906023902780994
6023,c,33.906023902780994,33.906023902780994
6024,c,33.906023902780994,33.906023902780994
6025,t,33.906023902780994,33.906023902780994
6026,t,33.906023902780994,33.906023902780994
6027,t,33.906023902780994,33.906023902780994
6028,t,33.906023902780994,33.906023902780994
6029,t,33.906023902780994,33.906023902780994
6030,t,33.906023902780994,33.906023902780994
6031,t,33.906023902780994,33.906023902780994
6032,c,33.906023902780994,33.906023902780994
6033,t,33.906023902780994,33.906023902780994
6034,t,33.906023902780994,33.906023902780994
6035,c,33.906023902780994,33.906023902780994
6036,t,33.906023902780994,33.906023902780994
6037,t,33.906023902780994,33.906023902780994
6038,t,33.906023902780994,33.906023902780994
6039,c,33.906023902780994,33.906023902780994
6040,c,33.906023902780994,33.906023902780994
6041,c,33.906023902780994,33.906023902780994
6042,c,33.906023902780994,33.906023902780994
6043,t,33.906023902780994,33.906023902780994
6044,t,33.906023902780994,33.906023902780994
6045,t,33.906023902780994,33.906023902780994
6046,t,33.906023902780994,33.906023902780994
6047,c,33.906023902780994,33.906023902780994
6048,t,33.906023902780994,33.906023902780994
6049,c,33.906023902780994,33.906023902780994
6050,c,33.906023902780994,33.906023902780994
6051,t,33.906023902780994,33.906023902780994
6052,t,33.906023902780994,33.906023902780994
6053,c,33.906023902780994,33.906023902780994
6054,c,33.906023902780994,33.906023902780994
6055,c,33.906023902780994,33.906023902780994
6056,t,33.906023902780994,33.906023902780994
6057,c,33.906023902780994,33.906023902780994
6058,c,33.906023902780994,33.906023902780994
6059,t,33.906023902780994,33.906023902780994
6060,t,33.906023902780994,33.906023902780994
6061,t,33.906023902780994,33.906023902780994
6062,t,33.906023902780994,33.906023902780994
6063,c,33.906023902780994,33.906023902780994
6064,t,33.906023902780994,33.906023902780994
6065,t,33.906023902780994,33.906023902780994
6066,t,33.906023902780994,33.906023902780994
6067,c,33.906023902780994,33.906023902780994
6068,c,33.906023902780994,33.906023902780994
6069,t,33.906023902780994,33.906023902780994
6070,c,33.906023902780994,33.906023902780994
6071,t,33.906023902780994,33.906023902780994
6072,c,33.906023902780994,33.906023902780994
6073,t,33.906023902780994,33.906023902780994
6074,t,33.906023902780994,33.906023902780994
6075,c,33.906023902780994,33.906023902780994
6076,c,33.906023902780994,33.906023902780994
6077,c,33.906023902780994,33.906023902780994
6078,c,33.906023902780994,33.906023902780994
6079,t,33.906023902780994,33.906023902780994
6080,c,33.906023902780994,33.906023902780994
6081,t,33.906023902780994,33.906023902780994
6082,t,33.906023902780994,33.906023902780994
6083,c,33.906023902780994,33.906023902780994
6084,c,33.906023902780994,33.906023902780994
6085,c,4.23438873287755,12.802809186990633
6086,t,33.906023902780994,33.906023902780994
6087,t,33.906023902780994,33.906023902780994
6088,t,33.906023902780994,33.906023902780994
6089,t,33.906023902780994,33.906023902780994
6090,t,33.906023902780994,33.906023902780994
6091,t,33.906023902780994,33.906023902780994
6092,c,33.906023902780994,33.906023902780994
6093,c,33.906023902780994,33.906023902780994
6094,t,33.906023902780994,33.906023902780994
6095,t,33.906023902780994,33.906023902780994
6096,c,33.906023902780994,33.906023902780994
6097,c,33.906023902780994,33.906023902780994
6098,t,33.906023902780994,33.906023902780994
6099,c,33.906023902780994,33.906023902780994
6100,t,33.906023902780994,33.906023902780994
6101,c,33.906023902780994,33.906023902780994
6102,c,33.906023902780994,33.906023902780994
6103,t,33.906023902780994,33.906023902780994
6104,t,33.906023902780994,33.906023902780994
6105,c,33.906023902780994,33.906023902780994
6106,c,33.906023902780994,33.906023902780994
6107,c,33.906023902780994,33.906023902780994
6108,c,33.906023902780994,33.906023902780994
6109,c,33.906023902780994,33.906023902780994
6110,t,33.906023902780994,33.906023902780994
6111,t,33.906023902780994,33.906023902780994
6112,c,33.906023902780994,33.906023902780994
6113,c,33.906023902780994,33.906023902780994
6114,c,33.906023902780994,33.906023902780994
6115,c,33.906023902780994,33.906023902780994
6116,t,33.906023902780994,33.906023902780994
6117,t,33.906023902780994,33.906023902780994
6118,c,33.906023902780994,33.906023902780994
6119,t,33.906023902780994,33.906023902780994
6120,t,33.906023902780994,33.906023902780994
6121,c,33.906023902780994,33.906023902780994
6122,t,33.906023902780994,33.906023902780994
6123,c,33.906023902780994,33.906023902780994
6124,c,33.906023902780994,33.906023902780994
6125,t,33.906023902780994,33.906023902780994
6126,c,33.906023902780994,33.906023902780994
6127,t,33.906023902780994,33.906023902780994
6128,t,33.906023902780994,33.906023902780994
6129,t,33.906023902780994,33.906023902780994
6130,c,33.906023902780994,33.906023902780994
6131,t,33.906023902780994,33.906023902780994
6132,t,33.906023902780994,33.906023902780994
6133,t,33.906023902780994,33.906023902780994
6134,t,33.906023902780994,33.906023902780994
6135,c,33.906023902780994,33.906023902780994
6136,t,33.906023902780994,33.906023902780994
6137,c,33.906023902780994,33.906023902780994
6138,c,33.906023902780994,33.906023902780994
6139,c,33.906023902780994,33.906023902780994
6140,c,33.906023902780994,33.906023902780994
6141,t,33.906023902780994,33.906023902780994
6142,t,33.906023902780994,33.906023902780994
6143,t,33.906023902780994,33.906023902780994
6144,c,33.906023902780994,33.906023902780994
6145,t,33.906023902780994,33.906023902780994
6146,t,33.906023902780994,33.906023902780994
6147,t,33.906023902780994,33.906023902780994
6148,c,33.906023902780994,33.906023902780994
6149,t,33.906023902780994,33.906023902780994
6150,t,33.906023902780994,33.906023902780994
6151,c,33.906023902780994,33.906023902780994
6152,t,33.906023902780994,33.906023902780994
6153,t,33.906023902780994,33.906023902780994
6154,t,33.906023902780994,33.906023902780994
6155,t,33.906023902780994,33.906023902780994
6156,t,33.906023902780994,33.906023902780994
6157,t,33.906023902780994,33.906023902780994
6158,c,33.906023902780994,33.906023902780994
6159,c,33.906023902780994,33.906023902780994
6160,t,33.906023902780994,33.906023902780994
6161,c,33.906023902780994,33.906023902780994
6162,t,33.906023902780994,33.906023902780994
6163,t,33.906023902780994,33.906023902780994
6164,c,33.906023902780994,33.906023902780994
6165,c,33.906023902780994,33.906023902780994
6166,c,33.906023902780994,33.906023902780994
6167,t,33.906023902780994,33.906023902780994
6168,t,33.906023902780994,33.906023902780994
6169,t,33.906023902780994,33.906023902780994
6170,c,33.906023902780994,33.906023902780994
6171,c,33.906023902780994,33.906023902780994
6172,t,33.906023902780994,33.906023902780994
6173,t,33.906023902780994,33.906023902780994
6174,t,33.906023902780994,33.906023902780994
6175,c,33.906023902780994,33.906023902780994
6176,t,33.906023902780994,33.906023902780994
6177,c,33.906023902780994,33.906023902780994
6178,t,33.906023902780994,33.906023902780994
6179,c,33.906023902780994,33.906023902780994
6180,c,33.906023902780994,33.906023902780994
6181,c,33.906023902780994,33.906023902780994
6182,c,33.906023902780994,33.906023902780994
6183,c,33.906023902780994,33.906023902780994
6184,t,33.906023902780994,33.906023902780994
6185,t,33.906023902780994,33.906023902780994
6186,t,33.906023902780994,33.906023902780994
6187,c,33.906023902780994,33.906023902780994
6188,t,33.906023902780994,33.906023902780994
6189,t,33.906023902780994,33.906023902780994
6190,t,33.906023902780994,33.906023902780994
6191,t,33.906023902780994,33.906023902780994
6192,t,33.906023902780994,33.906023902780994
6193,t,33.906023902780994,33.906023902780994
6194,c,33.906023902780994,33.906023902780994
6195,t,33.906023902780994,33.906023902780994
6196,t,33.906023902780994,33.906023902780994
6197,t,33.906023902780994,33.906023902780994
6198,c,33.906023902780994,33.906023902780994
6199,c,33.906023902780994,33.906023902780994
6200,t,33.906023902780994,33.906023902780994
6201,t,33.906023902780994,33.906023902780994
6202,c,33.906023902780994,33.906023902780994
6203,c,33.906023902780994,33.906023902780994
6204,t,33.906023902780994,33.906023902780994
6205,t,33.906023902780994,33.906023902780994
6206,t,33.906023902780994,33.906023902780994
6207,c,33.906023902780994,33.906023902780994
6208,c,33.906023902780994,33.906023902780994
6209,t,33.906023902780994,33.906023902780994
6210,t,33.906023902780994,33.906023902780994
6211,c,33.906023902780994,33.906023902780994
6212,t,33.906023902780994,33.906023902780994
6213,c,33.906023902780994,33.906023902780994
6214,na,-1,0
6215,t,33.906023902780994,33.906023902780994
6216,c,33.906023902780994,33.906023902780994
6217,c,33.906023902780994,33.906023902780994
6218,t,33.906023902780994,33.906023902780994
6219,t,33.906023902780994,33.906023902780994
6220,t,33.906023902780994,33.906023902780994
6221,c,33.906023902780994,33.906023902780994
6222,t,33.906023902780994,33.906023902780994
6223,t,33.906023902780994,33.906023902780994
6224,c,33.906023902780994,33.906023902780994
6225,c,33.906023902780994,33.906023902780994
6226,c,33.906023902780994,33.906023902780994
6227,t,33.906023902780994,33.906023902780994
6228,t,33.906023902780994,33.906023902780994
6229,t,33.906023902780994,33.906023902780994
6230,t,33.906023902780994,33.906023902780994
6231,t,33.906023902780994,33.906023902780994
6232,c,33.906023902780994,33.906023902780994
6233,c,33.906023902780994,33.906023902780994
6234,t,33.906023902780994,33.906023902780994
6235,t,33.906023902780994,33.906023902780994
6236,t,33.906023902780994,33.906023902780994
6237,t,33.906023902780994,33.906023902780994
6238,c,33.906023902780994,33.906023902780994
6239,t,33.906023902780994,33.906023902780994
6240,t,33.906023902780994,33.906023902780994
6241,t,33.906023902780994,33.906023902780994
6242,t,33.906023902780994,33.906023902780994
6243,c,33.906023902780994,33.906023902780994
6244,t,33.906023902780994,33.906023902780994
6245,t,33.906023902780994,33.906023902780994
6246,t,33.906023902780994,33.906023902780994
6247,c,33.906023902780994,33.906023902780994
6248,t,33.906023902780994,33.906023902780994
6249,t,33.906023902780994,33.906023902780994
6250,c,33.906023902780994,33.906023902780994
6251,t,33.906023902780994,33.906023902780994
6252,c,33.906023902780994,33.906023902780994
6253,c,33.906023902780994,33.906023902780994
6254,t,33.906023902780994,33.906023902780994
6255,c,33.906023902780994,33.906023902780994
6256,t,33.906023902780994,33.906023902780994
6257,t,33.906023902780994,33.906023902780994
6258,t,33.906023902780994,33.906023902780994
6259,t,33.906023902780994,33.906023902780994
6260,t,33.906023902780994,33.906023902780994
6261,c,33.906023902780994,33.906023902780994
6262,c,33.906023902780994,33.906023902780994
6263,t,33.906023902780994,33.906023902780994
6264,t,33.906023902780994,33.906023902780994
6265,t,33.906023902780994,33.906023902780994
6266,t,33.906023902780994,33.906023902780994
6267,t,33.906023902780994,33.906023902780994
6268,t,33.906023902780994,33.906023902780994
6269,t,33.906023902780994,33.906023902780994
6270,t,33.906023902780994,33.906023902780994
6271,c,33.906023902780994,33.906023902780994
6272,t,33.906023902780994,33.906023902780994
6273,t,33.906023902780994,33.906023902780994
6274,c,33.906023902780994,33.906023902780994
6275,t,33.906023902780994,33.906023902780994
6276,c,33.906023902780994,33.906023902780994
6277,t,33.906023902780994,33.906023902780994
6278,c,33.906023902780994,33.906023902780994
6279,t,33.906023902780994,33.906023902780994
6280,c,33.906023902780994,33.906023902780994
6281,c,33.906023902780994,33.906023902780994
6282,c,33.906023902780994,33.906023902780994
6283,c,33.906023902780994,33.906023902780994
6284,c,33.906023902780994,33.906023902780994
6285,c,33.906023902780994,33.906023902780994
6286,t,33.906023902780994,33.906023902780994
6287,c,33.906023902780994,33.906023902780994
6288,t,33.906023902780994,33.906023902780994
6289,t,33.906023902780994,33.906023902780994
6290,t,33.906023902780994,33.906023902780994
6291,c,33.906023902780994,33.906023902780994
6292,c,33.906023902780994,33.906023902780994
6293,c,33.906023902780994,33.906023902780994
6294,c,33.906023902780994,33.906023902780994
6295,c,33.906023902780994,33.906023902780994
6296,c,33.906023902780994,33.906023902780994
6297,t,33.906023902780994,33.906023902780994
6298,c,33.906023902780994,33.906023902780994
6299,t,33.906023902780994,33.906023902780994
6300,t,33.906023902780994,33.906023902780994
6301,c,33.906023902780994,33.906023902780994
6302,t,33.906023902780994,33.906023902780994
6303,c,33.906023902780994,33.906023902780994
6304,t,33.906023902780994,33.906023902780994
6305,c,33.906023902780994,33.906023902780994
6306,c,33.906023902780994,33.906023902780994
6307,c,33.906023902780994,33.906023902780994
6308,t,33.906023902780994,33.906023902780994
6309,t,33.906023902780994,33.906023902780994
6310,c,33.906023902780994,33.906023902780994
6311,c,33.906023902780994,33.906023902780994
6312,c,33.906023902780994,33.906023902780994
6313,c,33.906023902780994,33.906023902780994
6314,t,33.906023902780994,33.906023902780994
6315,c,33.906023902780994,33.906023902780994
6316,t,33.906023902780994,33.906023902780994
6317,c,33.906023902780994,33.906023902780994
6318,c,33.906023902780994,33.906023902780994
6319,t,33.906023902780994,33.906023902780994
6320,t,33.906023902780994,33.906023902780994
6321,c,33.906023902780994,33.906023902780994
6322,t,33.906023902780994,33.906023902780994
6323,t,33.906023902780994,33.906023902780994
6324,c,33.906023902780994,33.906023902780994
6325,t,33.906023902780994,33.906023902780994
6326,t,33.906023902780994,33.906023902780994
6327,c,33.906023902780994,33.906023902780994
6328,t,33.906023902780994,33.906023902780994
6329,t,33.906023902780994,33.906023902780994
6330,c,33.906023902780994,33.906023902780994
6331,t,33.906023902780994,33.906023902780994
6332,t,33.906023902780994,33.906023902780994
6333,c,33.906023902780994,33.906023902780994
6334,t,33.906023902780994,33.906023902780994
6335,c,33.906023902780994,33.906023902780994
6336,t,33.906023902780994,33.906023902780994
6337,c,33.906023902780994,33.906023902780994
6338,t,33.906023902780994,33.906023902780994
6339,c,33.906023902780994,33.906023902780994
6340,c,33.906023902780994,33.906023902780994
6341,t,33.906023902780994,33.906023902780994
6342,c,2.626327815704058,2.9511971717927894
6343,t,33.906023902780994,33.906023902780994
6344,t,33.906023902780994,33.906023902780994
6345,t,33.906023902780994,33.906023902780994
6346,c,33.906023902780994,33.906023902780994
6347,c,33.906023902780994,33.906023902780994
6348,t,33.906023902780994,33.906023902780994
6349,c,33.906023902780994,33.906023902780994
6350,c,33.906023902780994,33.906023902780994
6351,t,33.906023902780994,33.906023902780994
6352,t,33.906023902780994,33.906023902780994
6353,c,33.906023902780994,33.906023902780994
6354,t,33.906023902780994,33.906023902780994
6355,t,33.906023902780994,33.906023902780994
6356,c,33.906023902780994,33.906023902780994
6357,c,33.906023902780994,33.906023902780994
6358,c,33.906023902780994,33.906023902780994
6359,t,33.906023902780994,33.906023902780994
6360,c,33.906023902780994,33.906023902780994
6361,c,33.906023902780994,33.906023902780994
6362,c,33.906023902780994,33.906023902780994
6363,t,33.906023902780994,33.906023902780994
6364,c,33.906023902780994,33.906023902780994
6365,t,33.906023902780994,33.906023902780994
6366,c,33.906023902780994,33.906023902780994
6367,t,33.906023902780994,33.906023902780994
6368,c,33.906023902780994,33.906023902780994
6369,c,33.906023902780994,33.906023902780994
6370,c,33.906023902780994,33.906023902780994
6371,t,33.906023902780994,33.906023902780994
6372,t,33.906023902780994,33.906023902780994
6373,c,33.906023902780994,33.906023902780994
6374,c,33.906023902780994,33.906023902780994
6375,t,33.906023902780994,33.906023902780994
6376,t,33.906023902780994,33.906023902780994
6377,t,33.906023902780994,33.906023902780994
6378,t,33.906023902780994,33.906023902780994
6379,c,33.906023902780994,33.906023902780994
6380,t,33.906023902780994,33.906023902780994
6381,c,33.906023902780994,33.906023902780994
6382,c,33.906023902780994,33.906023902780994
6383,t,33.906023902780994,33.906023902780994
6384,c,33.906023902780994,33.906023902780994
6385,c,33.906023902780994,33.906023902780994
6386,t,33.906023902780994,33.906023902780994
6387,c,33.906023902780994,33.906023902780994
6388,t,33.906023902780994,33.906023902780994
6389,t,33.906023902780994,33.906023902780994
6390,c,33.906023902780994,33.906023902780994
6391,c,33.906023902780994,33.906023902780994
6392,c,33.906023902780994,33.906023902780994
6393,t,33.906023902780994,33.906023902780994
6394,c,33.906023902780994,33.906023902780994
6395,t,33.906023902780994,33.906023902780994
6396,c,33.906023902780994,33.906023902780994
6397,t,33.906023902780994,33.906023902780994
6398,c,33.906023902780994,33.906023902780994
6399,t,33.906023902780994,33.906023902780994
6400,t,33.906023902780994,33.906023902780994
6401,t,33.906023902780994,33.906023902780994
6402,c,33.906023902780994,33.906023902780994
6403,c,33.906023902780994,33.906023902780994
6404,c,33.906023902780994,33.906023902780994
6405,t,33.906023902780994,33.906023902780994
6406,t,33.906023902780994,33.906023902780994
6407,c,33.906023902780994,33.906023902780994
6408,t,33.906023902780994,33.906023902780994
6409,t,33.906023902780994,33.906023902780994
6410,c,33.906023902780994,33.906023902780994
6411,c,33.906023902780994,33.906023902780994
6412,c,33.906023902780994,33.906023902780994
6413,t,33.906023902780994,33.906023902780994
6414,c,33.906023902780994,33.906023902780994
6415,t,33.906023902780994,33.906023902780994
6416,t,33.906023902780994,33.906023902780994
6417,t,33.906023902780994,33.906023902780994
6418,c,33.906023902780994,33.906023902780994
6419,c,33.906023902780994,33.906023902780994
6420,c,33.906023902780994,33.906023902780994
6421,t,33.906023902780994,33.906023902780994
6422,t,33.906023902780994,33.906023902780994
6423,c,33.906023902780994,33.906023902780994
6424,t,33.906023902780994,33.906023902780994
6425,c,33.906023902780994,33.906023902780994
6426,c,33.906023902780994,33.906023902780994
6427,t,33.906023902780994,33.906023902780994
6428,c,33.906023902780994,33.906023902780994
6429,c,33.906023902780994,33.906023902780994
6430,c,33.906023902780994,33.906023902780994
6431,t,33.906023902780994,33.906023902780994
6432,c,33.906023902780994,33.906023902780994
6433,c,33.906023902780994,33.906023902780994
6434,t,33.906023902780994,33.906023902780994
6435,c,33.906023902780994,33.906023902780994
6436,c,33.906023902780994,33.906023902780994
6437,t,33.906023902780994,33.906023902780994
6438,c,33.906023902780994,33.906023902780994
6439,c,33.906023902780994,33.906023902780994
6440,t,33.906023902780994,33.906023902780994
6441,c,33.906023902780994,33.906023902780994
6442,t,33.906023902780994,33.906023902780994
6443,c,33.906023902780994,33.906023902780994
6444,c,33.906023902780994,33.906023902780994
6445,c,33.906023902780994,33.906023902780994
6446,c,33.906023902780994,33.906023902780994
6447,c,33.906023902780994,33.906023902780994
6448,t,33.906023902780994,33.906023902780994
6449,t,33.906023902780994,33.906023902780994
6450,c,33.906023902780994,33.906023902780994
6451,t,33.906023902780994,33.906023902780994
6452,t,33.906023902780994,33.906023902780994
6453,t,33.906023902780994,33.906023902780994
6454,c,33.906023902780994,33.906023902780994
6455,na,5.177758495781243,5.804253309980028
6456,t,33.906023902780994,33.906023902780994
6457,t,33.906023902780994,33.906023902780994
6458,c,33.906023902780994,33.906023902780994
6459,t,33.906023902780994,33.906023902780994
6460,c,33.906023902780994,33.906023902780994
6461,c,33.906023902780994,33.906023902780994
6462,c,33.906023902780994,33.906023902780994
6463,t,33.906023902780994,33.906023902780994
6464,c,33.906023902780994,33.906023902780994
6465,t,33.906023902780994,33.906023902780994
6466,c,33.906023902780994,33.906023902780994
6467,c,33.906023902780994,33.906023902780994
6468,c,33.906023902780994,33.906023902780994
6469,t,33.906023902780994,33.906023902780994
6470,c,33.906023902780994,33.906023902780994
6471,t,33.906023902780994,33.906023902780994
6472,t,33.906023902780994,33.906023902780994
6473,t,33.906023902780994,33.906023902780994
6474,c,33.906023902780994,33.906023902780994
6475,t,33.906023902780994,33.906023902780994
6476,t,33.906023902780994,33.906023902780994
6477,c,33.906023902780994,33.906023902780994
6478,t,33.906023902780994,33.906023902780994
6479,t,33.906023902780994,33.906023902780994
6480,c,33.906023902780994,33.906023902780994
6481,c,33.906023902780994,33.906023902780994
6482,c,33.906023902780994,33.906023902780994
6483,c,33.906023902780994,33.906023902780994
6484,c,15.80288363765371,21.994602810488374
6485,c,33.906023902780994,33.906023902780994
6486,c,33.906023902780994,33.906023902780994
6487,t,33.906023902780994,33.906023902780994
6488,t,33.906023902780994,33.906023902780994
6489,c,33.906023902780994,33.906023902780994
6490,t,33.906023902780994,33.906023902780994
6491,c,33.906023902780994,33.906023902780994
6492,c,33.906023902780994,33.906023902780994
6493,na,0,8.80235509147448
6494,t,33.906023902780994,33.906023902780994
6495,t,33.906023902780994,33.906023902780994
6496,t,33.906023902780994,33.906023902780994
6497,t,33.906023902780994,33.906023902780994
6498,na,0,9.232580514182468
6499,t,33.906023902780994,33.906023902780994
6500,c,33.906023902780994,33.906023902780994
6501,t,33.906023902780994,33.906023902780994
6502,t,33.906023902780994,33.906023902780994
6503,c,33.906023902780994,33.906023902780994
6504,t,33.906023902780994,33.906023902780994
6505,c,33.906023902780994,33.906023902780994
6506,t,33.906023902780994,33.906023902780994
6507,c,33.906023902780994,33.906023902780994
6508,t,33.906023902780994,33.906023902780994
6509,c,33.906023902780994,33.906023902780994
6510,c,33.906023902780994,33.906023902780994
6511,c,33.906023902780994,33.906023902780994
6512,c,33.906023902780994,33.906023902780994
6513,t,33.906023902780994,33.906023902780994
6514,t,33.906023902780994,33.906023902780994
6515,t,33.906023902780994,33.906023902780994
6516,c,33.906023902780994,33.906023902780994
6517,c,33.906023902780994,33.906023902780994
6518,t,33.906023902780994,33.906023902780994
6519,t,33.906023902780994,33.906023902780994
6520,t,33.906023902780994,33.906023902780994
6521,c,33.906023902780994,33.906023902780994
6522,c,33.906023902780994,33.906023902780994
6523,t,33.906023902780994,33.906023902780994
6524,t,33.906023902780994,33.906023902780994
6525,t,33.906023902780994,33.906023902780994
6526,c,33.906023902780994,33.906023902780994
6527,c,33.906023902780994,33.906023902780994
6528,c,33.906023902780994,33.906023902780994
6529,t,33.906023902780994,33.906023902780994
6530,t,33.906023902780994,33.906023902780994
6531,t,33.906023902780994,33.906023902780994
6532,c,33.906023902780994,33.906023902780994
6533,c,33.906023902780994,33.906023902780994
6534,t,33.906023902780994,33.906023902780994
6535,t,33.906023902780994,33.906023902780994
6536,c,33.906023902780994,33.906023902780994
6537,c,33.906023902780994,33.906023902780994
6538,c,33.906023902780994,33.906023902780994
6539,c,33.906023902780994,33.906023902780994
6540,c,33.906023902780994,33.906023902780994
6541,c,33.906023902780994,33.906023902780994
6542,c,33.906023902780994,33.906023902780994
6543,c,33.906023902780994,33.906023902780994
6544,c,33.906023902780994,33.906023902780994
6545,c,33.906023902780994,33.906023902780994
6546,t,33.906023902780994,33.906023902780994
6547,c,33.906023902780994,33.906023902780994
6548,t,33.906023902780994,33.906023902780994
6549,t,33.906023902780994,33.906023902780994
6550,c,33.906023902780994,33.906023902780994
6551,c,33.906023902780994,33.906023902780994
6552,t,33.906023902780994,33.906023902780994
6553,t,33.906023902780994,33.906023902780994
6554,c,33.906023902780994,33.906023902780994
6555,t,33.906023902780994,33.906023902780994
6556,c,33.906023902780994,33.906023902780994
6557,c,33.906023902780994,33.906023902780994
6558,c,33.906023902780994,33.906023902780994
6559,t,33.906023902780994,33.906023902780994
6560,t,33.906023902780994,33.906023902780994
6561,t,33.906023902780994,33.906023902780994
6562,c,33.906023902780994,33.906023902780994
6563,c,33.906023902780994,33.906023902780994
6564,c,33.906023902780994,33.906023902780994
6565,c,33.906023902780994,33.906023902780994
6566,c,33.906023902780994,33.906023902780994
6567,c,33.906023902780994,33.906023902780994
6568,c,33.906023902780994,33.906023902780994
6569,c,33.906023902780994,33.906023902780994
6570,t,33.906023902780994,33.906023902780994
6571,c,33.906023902780994,33.906023902780994
6572,c,33.906023902780994,33.906023902780994
6573,t,33.906023902780994,33.906023902780994
6574,c,33.906023902780994,33.906023902780994
6575,t,33.906023902780994,33.906023902780994
6576,c,33.906023902780994,33.906023902780994
6577,c,33.906023902780994,33.906023902780994
6578,t,33.906023902780994,33.906023902780994
6579,c,33.906023902780994,33.906023902780994
6580,c,33.906023902780994,33.906023902780994
6581,c,33.906023902780994,33.906023902780994
6582,c,33.906023902780994,33.906023902780994
6583,c,33.906023902780994,33.906023902780994
6584,c,33.906023902780994,33.906023902780994
6585,t,33.906023902780994,33.906023902780994
6586,t,33.906023902780994,33.906023902780994
6587,c,33.906023902780994,33.906023902780994
6588,t,33.906023902780994,33.906023902780994
6589,c,33.906023902780994,33.906023902780994
6590,c,33.906023902780994,33.906023902780994
6591,t,33.906023902780994,33.906023902780994
6592,c,33.906023902780994,33.906023902780994
6593,c,33.906023902780994,33.906023902780994
6594,t,33.906023902780994,33.906023902780994
6595,c,33.906023902780994,33.906023902780994
6596,c,33.906023902780994,33.906023902780994
6597,t,33.906023902780994,33.906023902780994
6598,c,33.906023902780994,33.906023902780994
6599,t,33.906023902780994,33.906023902780994
6600,t,33.906023902780994,33.906023902780994
6601,t,33.906023902780994,33.906023902780994
6602,c,33.906023902780994,33.906023902780994
6603,c,33.906023902780994,33.906023902780994
6604,c,33.906023902780994,33.906023902780994
6605,c,33.906023902780994,33.906023902780994
6606,t,33.906023902780994,33.906023902780994
6607,t,33.906023902780994,33.906023902780994
6608,c,33.906023902780994,33.906023902780994
6609,c,33.906023902780994,33.906023902780994
6610,c,33.906023902780994,33.906023902780994
6611,t,33.906023902780994,33.906023902780994
6612,c,33.906023902780994,33.906023902780994
6613,c,33.906023902780994,33.906023902780994
6614,c,33.906023902780994,33.906023902780994
6615,t,33.906023902780994,33.906023902780994
6616,t,33.906023902780994,33.906023902780994
6617,t,33.906023902780994,33.906023902780994
6618,t,33.906023902780994,33.906023902780994
6619,t,33.906023902780994,33.906023902780994
6620,t,33.906023902780994,33.906023902780994
6621,c,33.906023902780994,33.906023902780994
6622,c,33.906023902780994,33.906023902780994
6623,c,33.906023902780994,33.906023902780994
6624,c,33.906023902780994,33.906023902780994
6625,t,33.906023902780994,33.906023902780994
6626,c,33.906023902780994,33.906023902780994
6627,t,33.906023902780994,33.906023902780994
6628,t,33.906023902780994,33.906023902780994
6629,c,33.906023902780994,33.906023902780994
6630,c,33.906023902780994,33.906023902780994
6631,c,33.906023902780994,33.906023902780994
6632,t,33.906023902780994,33.906023902780994
6633,t,33.906023902780994,33.906023902780994
6634,t,33.906023902780994,33.906023902780994
6635,c,33.906023902780994,33.906023902780994
6636,c,33.906023902780994,33.906023902780994
6637,t,33.906023902780994,33.906023902780994
6638,t,33.906023902780994,33.906023902780994
6639,t,33.906023902780994,33.906023902780994
6640,c,33.906023902780994,33.906023902780994
6641,c,33.906023902780994,33.906023902780994
6642,t,33.906023902780994,33.906023902780994
6643,c,33.906023902780994,33.906023902780994
6644,t,33.906023902780994,33.906023902780994
6645,t,33.906023902780994,33.906023902780994
6646,t,33.906023902780994,33.906023902780994
6647,c,33.906023902780994,33.906023902780994
6648,c,33.906023902780994,33.906023902780994
6649,c,33.906023902780994,33.906023902780994
6650,c,33.906023902780994,33.906023902780994
6651,t,33.906023902780994,33.906023902780994
6652,c,33.906023902780994,33.906023902780994
6653,c,33.906023902780994,33.906023902780994
6654,t,33.906023902780994,33.906023902780994
6655,c,33.906023902780994,33.906023902780994
6656,c,33.906023902780994,33.906023902780994
6657,t,33.906023902780994,33.906023902780994
6658,t,33.906023902780994,33.906023902780994
6659,t,33.906023902780994,33.906023902780994
6660,t,33.906023902780994,33.906023902780994
6661,t,33.906023902780994,33.906023902780994
6662,c,33.906023902780994,33.906023902780994
6663,t,33.906023902780994,33.906023902780994
6664,c,33.906023902780994,33.906023902780994
6665,t,33.906023902780994,33.906023902780994
6666,t,33.906023902780994,33.906023902780994
6667,t,33.906023902780994,33.906023902780994
6668,t,33.906023902780994,33.906023902780994
6669,c,33.906023902780994,33.906023902780994
6670,c,33.906023902780994,33.906023902780994
6671,t,33.906023902780994,33.906023902780994
6672,c,33.906023902780994,33.906023902780994
6673,na,1.7338937499719422,12.168038536013535
6674,t,33.906023902780994,33.906023902780994
6675,c,33.906023902780994,33.906023902780994
6676,t,33.906023902780994,33.906023902780994
6677,t,33.906023902780994,33.906023902780994
6678,c,33.906023902780994,33.906023902780994
6679,t,33.906023902780994,33.906023902780994
6680,c,33.906023902780994,33.906023902780994
6681,c,33.906023902780994,33.906023902780994
6682,c,33.906023902780994,33.906023902780994
6683,t,33.906023902780994,33.906023902780994
6684,c,33.906023902780994,33.906023902780994
6685,c,33.906023902780994,33.906023902780994
6686,t,33.906023902780994,33.906023902780994
6687,t,33.906023902780994,33.906023902780994
6688,c,33.906023902780994,33.906023902780994
6689,t,33.906023902780994,33.906023902780994
6690,t,33.906023902780994,33.906023902780994
6691,c,33.906023902780994,33.906023902780994
6692,c,33.906023902780994,33.906023902780994
6693,c,33.906023902780994,33.906023902780994
6694,c,33.906023902780994,33.906023902780994
6695,c,33.906023902780994,33.906023902780994
6696,c,33.906023902780994,33.906023902780994
6697,c,33.906023902780994,33.906023902780994
6698,c,33.906023902780994,33.906023902780994
6699,c,33.906023902780994,33.906023902780994
6700,t,33.906023902780994,33.906023902780994
6701,c,33.906023902780994,33.906023902780994
6702,c,33.906023902780994,33.906023902780994
6703,c,33.906023902780994,33.906023902780994
6704,c,33.906023902780994,33.906023902780994
6705,c,33.906023902780994,33.906023902780994
6706,t,33.906023902780994,33.906023902780994
6707,t,33.906023902780994,33.906023902780994
6708,c,33.906023902780994,33.906023902780994
6709,c,33.906023902780994,33.906023902780994
6710,t,33.906023902780994,33.906023902780994
6711,t,33.906023902780994,33.906023902780994
6712,t,33.906023902780994,33.906023902780994
6713,t,33.906023902780994,33.906023902780994
6714,t,33.906023902780994,33.906023902780994
6715,c,33.906023902780994,33.906023902780994
6716,c,33.906023902780994,33.906023902780994
6717,c,33.906023902780994,33.906023902780994
6718,c,33.906023902780994,33.906023902780994
6719,c,33.906023902780994,33.906023902780994
6720,t,33.906023902780994,33.906023902780994
6721,c,33.906023902780994,33.906023902780994
6722,c,33.906023902780994,33.906023902780994
6723,t,33.906023902780994,33.906023902780994
6724,t,33.906023902780994,33.906023902780994
6725,t,33.906023902780994,33.906023902780994
6726,t,33.906023902780994,33.906023902780994
6727,c,33.906023902780994,33.906023902780994
6728,c,33.906023902780994,33.906023902780994
6729,c,33.906023902780994,33.906023902780994
6730,c,33.906023902780994,33.906023902780994
6731,c,33.906023902780994,33.906023902780994
6732,c,33.906023902780994,33.906023902780994
6733,t,33.906023902780994,33.906023902780994
6734,c,33.906023902780994,33.906023902780994
6735,t,33.906023902780994,33.906023902780994
6736,c,33.906023902780994,33.906023902780994
6737,t,33.906023902780994,33.906023902780994
6738,c,33.906023902780994,33.906023902780994
6739,c,33.906023902780994,33.906023902780994
6740,c,33.906023902780994,33.906023902780994
6741,c,33.906023902780994,33.906023902780994
6742,t,33.906023902780994,33.906023902780994
6743,t,33.906023902780994,33.906023902780994
6744,t,33.906023902780994,33.906023902780994
6745,c,33.906023902780994,33.906023902780994
6746,c,33.906023902780994,33.906023902780994
6747,c,33.906023902780994,33.906023902780994
6748,t,33.906023902780994,33.906023902780994
6749,c,33.906023902780994,33.906023902780994
6750,c,33.906023902780994,33.906023902780994
6751,c,33.906023902780994,33.906023902780994
6752,c,33.906023902780994,33.906023902780994
6753,t,33.906023902780994,33.906023902780994
6754,t,33.906023902780994,33.906023902780994
6755,c,33.906023902780994,33.906023902780994
6756,c,33.906023902780994,33.906023902780994
6757,c,33.906023902780994,33.906023902780994
6758,t,33.906023902780994,33.906023902780994
6759,t,33.906023902780994,33.906023902780994
6760,c,33.906023902780994,33.906023902780994
6761,t,33.906023902780994,33.906023902780994
6762,c,33.906023902780994,33.906023902780994
6763,t,33.906023902780994,33.906023902780994
6764,c,33.906023902780994,33.906023902780994
6765,t,33.906023902780994,33.906023902780994
6766,c,33.906023902780994,33.906023902780994
6767,c,33.906023902780994,33.906023902780994
6768,c,33.906023902780994,33.906023902780994
6769,t,33.906023902780994,33.906023902780994
6770,c,33.906023902780994,33.906023902780994
6771,c,33.906023902780994,33.906023902780994
6772,c,33.906023902780994,33.906023902780994
6773,c,33.906023902780994,33.906023902780994
6774,t,33.906023902780994,33.906023902780994
6775,c,33.906023902780994,33.906023902780994
6776,t,33.906023902780994,33.906023902780994
6777,c,33.906023902780994,33.906023902780994
6778,c,33.906023902780994,33.906023902780994
6779,t,33.906023902780994,33.906023902780994
6780,t,33.906023902780994,33.906023902780994
6781,c,33.906023902780994,33.906023902780994
6782,t,33.906023902780994,33.906023902780994
6783,t,33.906023902780994,33.906023902780994
6784,c,33.906023902780994,33.906023902780994
6785,t,33.906023902780994,33.906023902780994
6786,t,33.906023902780994,33.906023902780994
6787,c,33.906023902780994,33.906023902780994
6788,t,33.906023902780994,33.906023902780994
6789,c,33.906023902780994,33.906023902780994
6790,t,33.906023902780994,33.906023902780994
6791,t,33.906023902780994,33.906023902780994
6792,t,33.906023902780994,33.906023902780994
6793,t,33.906023902780994,33.906023902780994
6794,t,33.906023902780994,33.906023902780994
6795,t,33.906023902780994,33.906023902780994
6796,t,33.906023902780994,33.906023902780994
6797,t,33.906023902780994,33.906023902780994
6798,c,33.906023902780994,33.906023902780994
6799,t,33.906023902780994,33.906023902780994
6800,c,33.906023902780994,33.906023902780994
6801,c,33.906023902780994,33.906023902780994
6802,t,33.906023902780994,33.906023902780994
6803,t,33.906023902780994,33.906023902780994
6804,na,17.047316083756876,18.155152498818403
6805,c,33.906023902780994,33.906023902780994
6806,c,33.906023902780994,33.906023902780994
6807,t,33.906023902780994,33.906023902780994
6808,t,33.906023902780994,33.906023902780994
6809,c,33.906023902780994,33.906023902780994
6810,t,33.906023902780994,33.906023902780994
6811,c,33.906023902780994,33.906023902780994
6812,t,33.906023902780994,33.906023902780994
6813,t,33.906023902780994,33.906023902780994
6814,t,33.906023902780994,33.906023902780994
6815,c,33.906023902780994,33.906023902780994
6816,c,33.906023902780994,33.906023902780994
6817,t,33.906023902780994,33.906023902780994
6818,c,33.906023902780994,33.906023902780994
6819,c,33.906023902780994,33.906023902780994
6820,t,33.906023902780994,33.906023902780994
6821,c,33.906023902780994,33.906023902780994
6822,c,33.906023902780994,33.906023902780994
6823,t,33.906023902780994,33.906023902780994
6824,c,33.906023902780994,33.906023902780994
6825,c,33.906023902780994,33.906023902780994
6826,c,33.906023902780994,33.906023902780994
6827,t,33.906023902780994,33.906023902780994
6828,t,33.906023902780994,33.906023902780994
6829,c,33.906023902780994,33.906023902780994
6830,t,33.906023902780994,33.906023902780994
6831,t,33.906023902780994,33.906023902780994
6832,t,33.906023902780994,33.906023902780994
6833,t,33.906023902780994,33.906023902780994
6834,c,33.906023902780994,33.906023902780994
6835,t,33.906023902780994,33.906023902780994
6836,t,33.906023902780994,33.906023902780994
6837,c,33.906023902780994,33.906023902780994
6838,t,33.906023902780994,33.906023902780994
6839,t,33.906023902780994,33.906023902780994
6840,t,33.906023902780994,33.906023902780994
6841,t,33.906023902780994,33.906023902780994
6842,c,33.906023902780994,33.906023902780994
6843,c,33.906023902780994,33.906023902780994
6844,c,33.906023902780994,33.906023902780994
6845,t,33.906023902780994,33.906023902780994
6846,t,33.906023902780994,33.906023902780994
6847,c,33.906023902780994,33.906023902780994
6848,c,33.906023902780994,33.906023902780994
6849,c,33.906023902780994,33.906023902780994
6850,c,33.906023902780994,33.906023902780994
6851,t,33.906023902780994,33.906023902780994
6852,c,33.906023902780994,33.906023902780994
6853,t,33.906023902780994,33.906023902780994
6854,t,33.906023902780994,33.906023902780994
6855,c,33.906023902780994,33.906023902780994
6856,t,33.906023902780994,33.906023902780994
6857,c,33.906023902780994,33.906023902780994
6858,c,33.906023902780994,33.906023902780994
6859,t,33.906023902780994,33.906023902780994
6860,c,33.906023902780994,33.906023902780994
6861,c,33.906023902780994,33.906023902780994
6862,c,33.906023902780994,33.906023902780994
6863,t,33.906023902780994,33.906023902780994
6864,t,33.906023902780994,33.906023902780994
6865,t,33.906023902780994,33.906023902780994
6866,t,33.906023902780994,33.906023902780994
6867,c,1.2938566999609042,15.01748972924968
6868,t,33.906023902780994,33.906023902780994
6869,c,33.906023902780994,33.906023902780994
6870,c,33.906023902780994,33.906023902780994
6871,t,33.906023902780994,33.906023902780994
6872,c,1.5721636798697787,16.02623187556137
6873,t,33.906023902780994,33.906023902780994
6874,t,33.906023902780994,33.906023902780994
6875,c,33.906023902780994,33.906023902780994
6876,t,33.906023902780994,33.906023902780994
6877,c,33.906023902780994,33.906023902780994
6878,c,33.906023902780994,33.906023902780994
6879,t,33.906023902780994,33.906023902780994
6880,c,33.906023902780994,33.906023902780994
6881,t,33.906023902780994,33.906023902780994
6882,t,33.906023902780994,33.906023902780994
6883,t,33.906023902780994,33.906023902780994
6884,c,33.906023902780994,33.906023902780994
6885,t,33.906023902780994,33.906023902780994
6886,c,33.906023902780994,33.906023902780994
6887,t,33.906023902780994,33.906023902780994
6888,t,33.906023902780994,33.906023902780994
6889,c,33.906023902780994,33.906023902780994
6890,c,33.906023902780994,33.906023902780994
6891,c,33.906023902780994,33.906023902780994
6892,c,33.906023902780994,33.906023902780994
6893,t,33.906023902780994,33.906023902780994
6894,c,33.906023902780994,33.906023902780994
6895,t,33.906023902780994,33.906023902780994
6896,c,33.906023902780994,33.906023902780994
6897,c,33.906023902780994,33.906023902780994
6898,t,33.906023902780994,33.906023902780994
6899,c,33.906023902780994,33.906023902780994
6900,c,33.906023902780994,33.906023902780994
6901,c,33.906023902780994,33.906023902780994
6902,t,33.906023902780994,33.906023902780994
6903,c,33.906023902780994,33.906023902780994
6904,t,33.906023902780994,33.906023902780994
6905,c,33.906023902780994,33.906023902780994
6906,t,33.906023902780994,33.906023902780994
6907,c,33.906023902780994,33.906023902780994
6908,t,33.906023902780994,33.906023902780994
6909,c,33.906023902780994,33.906023902780994
6910,c,33.906023902780994,33.906023902780994
6911,t,33.906023902780994,33.906023902780994
6912,c,33.906023902780994,33.906023902780994
6913,na,0,0.63499963898512
6914,t,33.906023902780994,33.906023902780994
6915,t,33.906023902780994,33.906023902780994
6916,t,33.906023902780994,33.906023902780994
6917,t,33.906023902780994,33.906023902780994
6918,t,33.906023902780994,33.906023902780994
6919,c,33.906023902780994,33.906023902780994
6920,c,33.906023902780994,33.906023902780994
6921,c,33.906023902780994,33.906023902780994
6922,t,33.906023902780994,33.906023902780994
6923,c,33.906023902780994,33.906023902780994
6924,c,33.906023902780994,33.906023902780994
6925,c,33.906023902780994,33.906023902780994
6926,t,33.906023902780994,33.906023902780994
6927,c,33.906023902780994,33.906023902780994
6928,t,33.906023902780994,33.906023902780994
6929,t,33.906023902780994,33.906023902780994
6930,c,33.906023902780994,33.906023902780994
6931,t,33.906023902780994,33.906023902780994
6932,c,33.906023902780994,33.906023902780994
6933,t,33.906023902780994,33.906023902780994
6934,c,33.906023902780994,33.906023902780994
6935,t,33.906023902780994,33.906023902780994
6936,t,33.906023902780994,33.906023902780994
6937,c,33.906023902780994,33.906023902780994
6938,c,33.906023902780994,33.906023902780994
6939,t,33.906023902780994,33.906023902780994
6940,t,33.906023902780994,33.906023902780994
6941,t,33.906023902780994,33.906023902780994
6942,c,33.906023902780994,33.906023902780994
6943,t,33.906023902780994,33.906023902780994
6944,c,33.906023902780994,33.906023902780994
6945,c,33.906023902780994,33.906023902780994
6946,c,33.906023902780994,33.906023902780994
6947,t,33.906023902780994,33.906023902780994
6948,c,33.906023902780994,33.906023902780994
6949,c,33.906023902780994,33.906023902780994
6950,t,33.906023902780994,33.906023902780994
6951,t,33.906023902780994,33.906023902780994
6952,c,33.906023902780994,33.906023902780994
6953,t,33.906023902780994,33.906023902780994
6954,t,33.906023902780994,33.906023902780994
6955,t,33.906023902780994,33.906023902780994
6956,t,33.906023902780994,33.906023902780994
6957,t,33.906023902780994,33.906023902780994
6958,c,33.906023902780994,33.906023902780994
6959,t,33.906023902780994,33.906023902780994
6960,t,33.906023902780994,33.906023902780994
6961,c,33.906023902780994,33.906023902780994
6962,t,33.906023902780994,33.906023902780994
6963,t,33.906023902780994,33.906023902780994
6964,t,33.906023902780994,33.906023902780994
6965,t,33.906023902780994,33.906023902780994
6966,c,33.906023902780994,33.906023902780994
6967,c,33.906023902780994,33.906023902780994
6968,c,33.906023902780994,33.906023902780994
6969,t,33.906023902780994,33.906023902780994
6970,c,33.906023902780994,33.906023902780994
6971,t,33.906023902780994,33.906023902780994
6972,c,33.906023902780994,33.906023902780994
6973,t,33.906023902780994,33.906023902780994
6974,c,33.906023902780994,33.906023902780994
6975,c,33.906023902780994,33.906023902780994
6976,t,33.906023902780994,33.906023902780994
6977,t,33.906023902780994,33.906023902780994
6978,c,33.906023902780994,33.906023902780994
6979,t,33.906023902780994,33.906023902780994
6980,t,33.906023902780994,33.906023902780994
6981,t,33.906023902780994,33.906023902780994
6982,c,33.906023902780994,33.906023902780994
6983,c,33.906023902780994,33.906023902780994
6984,t,33.906023902780994,33.906023902780994
6985,c,33.906023902780994,33.906023902780994
6986,c,33.906023902780994,33.906023902780994
6987,c,33.906023902780994,33.906023902780994
6988,c,33.906023902780994,33.906023902780994
6989,t,33.906023902780994,33.906023902780994
6990,c,33.906023902780994,33.906023902780994
6991,c,33.906023902780994,33.906023902780994
6992,t,33.906023902780994,33.906023902780994
6993,c,33.906023902780994,33.906023902780994
6994,c,33.906023902780994,33.906023902780994
6995,t,33.906023902780994,33.906023902780994
6996,c,33.906023902780994,33.906023902780994
6997,t,33.906023902780994,33.906023902780994
6998,c,33.906023902780994,33.906023902780994
6999,c,33.906023902780994,33.906023902780994
7000,t,33.906023902780994,33.906023902780994
7001,t,33.906023902780994,33.906023902780994
7002,t,33.906023902780994,33.906023902780994
7003,t,33.906023902780994,33.906023902780994
7004,t,33.906023902780994,33.906023902780994
7005,c,33.906023902780994,33.906023902780994
7006,c,33.906023902780994,33.906023902780994
7007,t,33.906023902780994,33.906023902780994
7008,c,33.906023902780994,33.906023902780994
7009,c,33.906023902780994,33.906023902780994
7010,c,33.906023902780994,33.906023902780994
7011,c,33.906023902780994,33.906023902780994
7012,c,33.906023902780994,33.906023902780994
7013,c,33.906023902780994,33.906023902780994
7014,t,33.906023902780994,33.906023902780994
7015,t,33.906023902780994,33.906023902780994
7016,c,33.906023902780994,33.906023902780994
7017,t,33.906023902780994,33.906023902780994
7018,c,33.906023902780994,33.906023902780994
7019,c,33.906023902780994,33.906023902780994
7020,c,33.906023902780994,33.906023902780994
7021,c,33.906023902780994,33.906023902780994
7022,c,33.906023902780994,33.906023902780994
7023,c,33.906023902780994,33.906023902780994
7024,t,33.906023902780994,33.906023902780994
7025,t,33.906023902780994,33.906023902780994
7026,t,33.906023902780994,33.906023902780994
7027,c,33.906023902780994,33.906023902780994
7028,c,33.906023902780994,33.906023902780994
7029,c,33.906023902780994,33.906023902780994
7030,t,33.906023902780994,33.906023902780994
7031,c,33.906023902780994,33.906023902780994
7032,c,33.906023902780994,33.906023902780994
7033,t,33.906023902780994,33.906023902780994
7034,t,33.906023902780994,33.906023902780994
7035,c,33.906023902780994,33.906023902780994
7036,t,33.906023902780994,33.906023902780994
7037,t,33.906023902780994,33.906023902780994
7038,c,33.906023902780994,33.906023902780994
7039,t,33.906023902780994,33.906023902780994
7040,c,33.906023902780994,33.906023902780994
7041,t,33.906023902780994,33.906023902780994
7042,c,33.906023902780994,33.906023902780994
7043,c,33.906023902780994,33.906023902780994
7044,t,33.906023902780994,33.906023902780994
7045,c,33.906023902780994,33.906023902780994
7046,t,33.906023902780994,33.906023902780994
7047,t,33.906023902780994,33.906023902780994
7048,c,33.906023902780994,33.906023902780994
7049,t,33.906023902780994,33.906023902780994
7050,t,33.906023902780994,33.906023902780994
7051,c,33.906023902780994,33.906023902780994
7052,t,33.906023902780994,33.906023902780994
7053,t,33.906023902780994,33.906023902780994
7054,t,33.906023902780994,33.906023902780994
7055,t,33.906023902780994,33.906023902780994
7056,c,33.906023902780994,33.906023902780994
7057,t,33.906023902780994,33.906023902780994
7058,t,33.906023902780994,33.906023902780994
7059,c,33.906023902780994,33.906023902780994
7060,t,33.906023902780994,33.906023902780994
7061,c,33.906023902780994,33.906023902780994
7062,t,33.906023902780994,33.906023902780994
7063,t,33.906023902780994,33.906023902780994
7064,c,33.906023902780994,33.906023902780994
7065,c,33.906023902780994,33.906023902780994
7066,t,33.906023902780994,33.906023902780994
7067,c,33.906023902780994,33.906023902780994
7068,t,33.906023902780994,33.906023902780994
7069,t,33.906023902780994,33.906023902780994
7070,c,33.906023902780994,33.906023902780994
7071,t,33.906023902780994,33.906023902780994
7072,c,33.906023902780994,33.906023902780994
7073,c,14.454591691900667,27.86215016990142
7074,t,33.906023902780994,33.906023902780994
7075,c,33.906023902780994,33.906023902780994
7076,t,33.906023902780994,33.906023902780994
7077,na,0.30623827719031704,10.07735452987173
7078,c,33.906023902780994,33.906023902780994
7079,t,33.906023902780994,33.906023902780994
7080,c,33.906023902780994,33.906023902780994
7081,c,33.906023902780994,33.906023902780994
7082,na,4.086055677987746,6.164155678063909
7083,c,33.906023902780994,33.906023902780994
7084,c,33.906023902780994,33.906023902780994
7085,c,33.906023902780994,33.906023902780994
7086,t,33.906023902780994,33.906023902780994
7087,t,33.906023902780994,33.906023902780994
7088,t,33.906023902780994,33.906023902780994
7089,t,33.906023902780994,33.906023902780994
7090,t,33.906023902780994,33.906023902780994
7091,c,33.906023902780994,33.906023902780994
7092,c,33.906023902780994,33.906023902780994
7093,c,33.906023902780994,33.906023902780994
7094,t,33.906023902780994,33.906023902780994
7095,t,33.906023902780994,33.906023902780994
7096,t,33.906023902780994,33.906023902780994
7097,t,33.906023902780994,33.906023902780994
7098,c,33.906023902780994,33.906023902780994
7099,t,33.906023902780994,33.906023902780994
7100,t,33.906023902780994,33.906023902780994
7101,t,33.906023902780994,33.906023902780994
7102,t,33.906023902780994,33.906023902780994
7103,c,33.906023902780994,33.906023902780994
7104,t,33.906023902780994,33.906023902780994
7105,c,33.906023902780994,33.906023902780994
7106,t,33.906023902780994,33.906023902780994
7107,c,33.906023902780994,33.906023902780994
7108,t,33.906023902780994,33.906023902780994
7109,c,33.906023902780994,33.906023902780994
7110,t,33.906023902780994,33.906023902780994
7111,c,33.906023902780994,33.906023902780994
7112,t,33.906023902780994,33.906023902780994
7113,c,33.906023902780994,33.906023902780994
7114,t,33.906023902780994,33.906023902780994
7115,t,33.906023902780994,33.906023902780994
7116,t,33.906023902780994,33.906023902780994
7117,c,33.906023902780994,33.906023902780994
7118,c,33.906023902780994,33.906023902780994
7119,c,33.906023902780994,33.906023902780994
7120,t,33.906023902780994,33.906023902780994
7121,c,33.906023902780994,33.906023902780994
7122,c,33.906023902780994,33.906023902780994
7123,c,33.906023902780994,33.906023902780994
7124,t,33.906023902780994,33.906023902780994
7125,c,33.906023902780994,33.906023902780994
7126,c,33.906023902780994,33.906023902780994
7127,c,33.906023902780994,33.906023902780994
7128,t,33.906023902780994,33.906023902780994
7129,c,33.906023902780994,33.906023902780994
7130,c,33.906023902780994,33.906023902780994
7131,c,33.906023902780994,33.906023902780994
7132,c,33.906023902780994,33.906023902780994
7133,c,33.906023902780994,33.906023902780994
7134,t,33.906023902780994,33.906023902780994
7135,t,33.906023902780994,33.906023902780994
7136,c,33.906023902780994,33.906023902780994
7137,c,33.906023902780994,33.906023902780994
7138,t,33.906023902780994,33.906023902780994
7139,t,33.906023902780994,33.906023902780994
7140,t,33.906023902780994,33.906023902780994
7141,c,33.906023902780994,33.906023902780994
7142,t,33.906023902780994,33.906023902780994
7143,c,33.906023902780994,33.906023902780994
7144,c,33.906023902780994,33.906023902780994
7145,c,33.906023902780994,33.906023902780994
7146,t,33.906023902780994,33.906023902780994
7147,t,33.906023902780994,33.906023902780994
7148,c,33.906023902780994,33.906023902780994
7149,t,33.906023902780994,33.906023902780994
7150,t,33.906023902780994,33.906023902780994
7151,t,33.906023902780994,33.906023902780994
7152,c,33.906023902780994,33.906023902780994
7153,c,33.906023902780994,33.906023902780994
7154,na,4.550461287521133,7.674288990633665
7155,t,33.906023902780994,33.906023902780994
7156,c,33.906023902780994,33.906023902780994
7157,t,33.906023902780994,33.906023902780994
7158,t,33.906023902780994,33.906023902780994
7159,t,33.906023902780994,33.906023902780994
7160,c,33.906023902780994,33.906023902780994
7161,c,33.906023902780994,33.906023902780994
7162,c,33.906023902780994,33.906023902780994
7163,t,33.906023902780994,33.906023902780994
7164,c,33.906023902780994,33.906023902780994
7165,t,33.906023902780994,33.906023902780994
7166,c,33.906023902780994,33.906023902780994
7167,c,33.906023902780994,33.906023902780994
7168,c,33.906023902780994,33.906023902780994
7169,t,33.906023902780994,33.906023902780994
7170,t,33.906023902780994,33.906023902780994
7171,t,33.906023902780994,33.906023902780994
7172,c,33.906023902780994,33.906023902780994
7173,c,33.906023902780994,33.906023902780994
7174,c,33.906023902780994,33.906023902780994
7175,c,33.906023902780994,33.906023902780994
7176,c,33.906023902780994,33.906023902780994
7177,t,33.906023902780994,33.906023902780994
7178,t,33.906023902780994,33.906023902780994
7179,c,33.906023902780994,33.906023902780994
7180,t,33.906023902780994,33.906023902780994
7181,t,33.906023902780994,33.906023902780994
7182,c,33.906023902780994,33.906023902780994
7183,c,33.906023902780994,33.906023902780994
7184,c,33.906023902780994,33.906023902780994
7185,t,33.906023902780994,33.906023902780994
7186,c,33.906023902780994,33.906023902780994
7187,t,33.906023902780994,33.906023902780994
7188,t,33.906023902780994,33.906023902780994
7189,t,33.906023902780994,33.906023902780994
7190,t,33.906023902780994,33.906023902780994
7191,t,33.906023902780994,33.906023902780994
7192,c,33.906023902780994,33.906023902780994
7193,t,33.906023902780994,33.906023902780994
7194,t,33.906023902780994,33.906023902780994
7195,t,33.906023902780994,33.906023902780994
7196,c,33.906023902780994,33.906023902780994
7197,t,33.906023902780994,33.906023902780994
7198,c,33.906023902780994,33.906023902780994
7199,c,33.906023902780994,33.906023902780994
7200,t,33.906023902780994,33.906023902780994
7201,c,33.906023902780994,33.906023902780994
7202,c,33.906023902780994,33.906023902780994
7203,t,33.906023902780994,33.906023902780994
7204,t,33.906023902780994,33.906023902780994
7205,t,33.906023902780994,33.906023902780994
7206,t,33.906023902780994,33.906023902780994
7207,c,33.906023902780994,33.906023902780994
7208,c,33.906023902780994,33.906023902780994
7209,c,33.906023902780994,33.906023902780994
7210,c,33.906023902780994,33.906023902780994
7211,c,33.906023902780994,33.906023902780994
7212,c,33.906023902780994,33.906023902780994
7213,c,33.906023902780994,33.906023902780994
7214,c,33.906023902780994,33.906023902780994
7215,t,33.906023902780994,33.906023902780994
7216,c,33.906023902780994,33.906023902780994
7217,t,33.906023902780994,33.906023902780994
7218,c,33.906023902780994,33.906023902780994
7219,t,33.906023902780994,33.906023902780994
7220,c,33.906023902780994,33.906023902780994
7221,c,33.906023902780994,33.906023902780994
7222,t,33.906023902780994,33.906023902780994
7223,t,33.906023902780994,33.906023902780994
7224,c,33.906023902780994,33.906023902780994
7225,t,33.906023902780994,33.906023902780994
7226,c,33.906023902780994,33.906023902780994
7227,c,33.906023902780994,33.906023902780994
7228,c,33.906023902780994,33.906023902780994
7229,t,33.906023902780994,33.906023902780994
7230,c,33.906023902780994,33.906023902780994
7231,t,33.906023902780994,33.906023902780994
7232,c,26.09928883562208,27.28385517565661
7233,t,33.906023902780994,33.906023902780994
7234,t,33.906023902780994,33.906023902780994
7235,t,33.906023902780994,33.906023902780994
7236,t,33.906023902780994,33.906023902780994
7237,t,33.906023902780994,33.906023902780994
7238,t,33.906023902780994,33.906023902780994
7239,c,33.906023902780994,33.906023902780994
7240,c,33.906023902780994,33.906023902780994
7241,c,33.906023902780994,33.906023902780994
7242,t,33.906023902780994,33.906023902780994
7243,c,33.906023902780994,33.906023902780994
7244,t,33.906023902780994,33.906023902780994
7245,t,33.906023902780994,33.906023902780994
7246,na,13.697031664696542,13.895628952115114
7247,t,33.906023902780994,33.906023902780994
7248,c,33.906023902780994,33.906023902780994
7249,t,33.906023902780994,33.906023902780994
7250,t,33.906023902780994,33.906023902780994
7251,t,33.906023902780994,33.906023902780994
7252,t,33.906023902780994,33.906023902780994
7253,c,33.906023902780994,33.906023902780994
7254,t,33.906023902780994,33.906023902780994
7255,c,33.906023902780994,33.906023902780994
7256,t,33.906023902780994,33.906023902780994
7257,c,33.906023902780994,33.906023902780994
7258,t,33.906023902780994,33.906023902780994
7259,c,33.906023902780994,33.906023902780994
7260,c,33.906023902780994,33.906023902780994
7261,c,33.906023902780994,33.906023902780994
7262,c,33.906023902780994,33.906023902780994
7263,na,3.0982429763139643,7.517125366137549
7264,t,33.906023902780994,33.906023902780994
7265,c,33.906023902780994,33.906023902780994
7266,c,33.906023902780994,33.906023902780994
7267,t,33.906023902780994,33.906023902780994
7268,t,33.906023902780994,33.906023902780994
7269,c,33.906023902780994,33.906023902780994
7270,c,33.906023902780994,33.906023902780994
7271,c,33.906023902780994,33.906023902780994
7272,t,33.906023902780994,33.906023902780994
7273,t,33.906023902780994,33.906023902780994
7274,c,33.906023902780994,33.906023902780994
7275,t,33.906023902780994,33.906023902780994
7276,c,33.906023902780994,33.906023902780994
7277,c,33.906023902780994,33.906023902780994
7278,c,33.906023902780994,33.906023902780994
7279,t,33.906023902780994,33.906023902780994
7280,t,33.906023902780994,33.906023902780994
7281,c,33.906023902780994,33.906023902780994
7282,c,33.906023902780994,33.906023902780994
7283,t,33.906023902780994,33.906023902780994
7284,c,33.906023902780994,33.906023902780994
7285,t,33.906023902780994,33.906023902780994
7286,t,33.906023902780994,33.906023902780994
7287,c,33.906023902780994,33.906023902780994
7288,c,33.906023902780994,33.906023902780994
7289,t,33.906023902780994,33.906023902780994
7290,c,33.906023902780994,33.906023902780994
7291,c,33.906023902780994,33.906023902780994
7292,c,33.906023902780994,33.906023902780994
7293,c,33.906023902780994,33.906023902780994
7294,c,33.906023902780994,33.906023902780994
7295,c,33.906023902780994,33.906023902780994
7296,c,33.906023902780994,33.906023902780994
7297,c,33.906023902780994,33.906023902780994
7298,t,33.906023902780994,33.906023902780994
7299,c,33.906023902780994,33.906023902780994
7300,c,33.906023902780994,33.906023902780994
7301,t,33.906023902780994,33.906023902780994
7302,t,33.906023902780994,33.906023902780994
7303,t,33.906023902780994,33.906023902780994
7304,c,33.906023902780994,33.906023902780994
7305,t,33.906023902780994,33.906023902780994
7306,t,33.906023902780994,33.906023902780994
7307,t,33.906023902780994,33.906023902780994
7308,t,33.906023902780994,33.906023902780994
7309,t,33.906023902780994,33.906023902780994
7310,t,33.906023902780994,33.906023902780994
7311,c,33.906023902780994,33.906023902780994
7312,t,33.906023902780994,33.906023902780994
7313,c,33.906023902780994,33.906023902780994
7314,t,33.906023902780994,33.906023902780994
7315,t,33.906023902780994,33.906023902780994
7316,t,33.906023902780994,33.906023902780994
7317,t,33.906023902780994,33.906023902780994
7318,c,33.906023902780994,33.906023902780994
7319,t,33.906023902780994,33.906023902780994
7320,t,33.906023902780994,33.906023902780994
7321,c,33.906023902780994,33.906023902780994
7322,c,33.906023902780994,33.906023902780994
7323,c,33.906023902780994,33.906023902780994
7324,t,33.906023902780994,33.906023902780994
7325,t,33.906023902780994,33.906023902780994
7326,c,33.906023902780994,33.906023902780994
7327,c,33.906023902780994,33.906023902780994
7328,c,33.906023902780994,33.906023902780994
7329,c,33.906023902780994,33.906023902780994
7330,t,33.906023902780994,33.906023902780994
7331,t,33.906023902780994,33.906023902780994
7332,c,33.906023902780994,33.906023902780994
7333,t,33.906023902780994,33.906023902780994
7334,c,33.906023902780994,33.906023902780994
7335,c,33.906023902780994,33.906023902780994
7336,t,33.906023902780994,33.906023902780994
7337,c,33.906023902780994,33.906023902780994
7338,t,33.906023902780994,33.906023902780994
7339,c,33.906023902780994,33.906023902780994
7340,t,33.906023902780994,33.906023902780994
7341,c,33.906023902780994,33.906023902780994
7342,t,33.906023902780994,33.906023902780994
7343,c,33.906023902780994,33.906023902780994
7344,t,33.906023902780994,33.906023902780994
7345,c,33.906023902780994,33.906023902780994
7346,c,33.906023902780994,33.906023902780994
7347,t,33.906023902780994,33.906023902780994
7348,c,33.906023902780994,33.906023902780994
7349,t,33.906023902780994,33.906023902780994
7350,c,33.906023902780994,33.906023902780994
7351,c,33.906023902780994,33.906023902780994
7352,t,33.906023902780994,33.906023902780994
7353,c,19.607539489163667,33.906023902780994
7354,c,33.906023902780994,33.906023902780994
7355,t,33.906023902780994,33.906023902780994
7356,c,33.906023902780994,33.906023902780994
7357,c,33.906023902780994,33.906023902780994
7358,t,33.906023902780994,33.906023902780994
7359,t,33.906023902780994,33.906023902780994
7360,t,33.906023902780994,33.906023902780994
7361,c,33.906023902780994,33.906023902780994
7362,t,33.906023902780994,33.906023902780994
7363,t,33.906023902780994,33.906023902780994
7364,t,33.906023902780994,33.906023902780994
7365,c,33.906023902780994,33.906023902780994
7366,c,33.906023902780994,33.906023902780994
7367,t,33.906023902780994,33.906023902780994
7368,c,33.906023902780994,33.906023902780994
7369,c,33.906023902780994,33.906023902780994
7370,c,33.906023902780994,33.906023902780994
7371,c,33.906023902780994,33.906023902780994
7372,c,33.906023902780994,33.906023902780994
7373,c,33.906023902780994,33.906023902780994
7374,t,33.906023902780994,33.906023902780994
7375,t,33.906023902780994,33.906023902780994
7376,t,33.906023902780994,33.906023902780994
7377,t,33.906023902780994,33.906023902780994
7378,c,33.906023902780994,33.906023902780994
7379,t,33.906023902780994,33.906023902780994
7380,t,33.906023902780994,33.906023902780994
7381,t,33.906023902780994,33.906023902780994
7382,c,33.906023902780994,33.906023902780994
7383,c,33.906023902780994,33.906023902780994
7384,t,33.906023902780994,33.906023902780994
7385,t,33.906023902780994,33.906023902780994
7386,c,33.906023902780994,33.906023902780994
7387,t,33.906023902780994,33.906023902780994
7388,c,33.906023902780994,33.906023902780994
7389,c,33.906023902780994,33.906023902780994
7390,c,33.906023902780994,33.906023902780994
7391,t,33.906023902780994,33.906023902780994
7392,c,33.906023902780994,33.906023902780994
7393,c,33.906023902780994,33.906023902780994
7394,t,33.906023902780994,33.906023902780994
7395,t,33.906023902780994,33.906023902780994
7396,c,33.906023902780994,33.906023902780994
7397,t,33.906023902780994,33.906023902780994
7398,c,33.906023902780994,33.906023902780994
7399,c,33.906023902780994,33.906023902780994
7400,c,33.906023902780994,33.906023902780994
7401,c,33.906023902780994,33.906023902780994
7402,t,33.906023902780994,33.906023902780994
7403,c,33.906023902780994,33.906023902780994
7404,t,33.906023902780994,33.906023902780994
7405,t,33.906023902780994,33.906023902780994
7406,c,33.906023902780994,33.906023902780994
7407,c,33.906023902780994,33.906023902780994
7408,c,33.906023902780994,33.906023902780994
7409,c,33.906023902780994,33.906023902780994
7410,c,33.906023902780994,33.906023902780994
7411,c,33.906023902780994,33.906023902780994
7412,c,33.906023902780994,33.906023902780994
7413,t,33.906023902780994,33.906023902780994
7414,t,33.906023902780994,33.906023902780994
7415,t,33.906023902780994,33.906023902780994
7416,t,33.906023902780994,33.906023902780994
7417,na,0.4590852207791988,5.007658613209408
7418,c,33.906023902780994,33.906023902780994
7419,c,33.906023902780994,33.906023902780994
7420,c,33.906023902780994,33.906023902780994
7421,t,33.906023902780994,33.906023902780994
7422,t,33.906023902780994,33.906023902780994
7423,c,33.906023902780994,33.906023902780994
7424,t,33.906023902780994,33.906023902780994
7425,t,33.906023902780994,33.906023902780994
7426,t,33.906023902780994,33.906023902780994
7427,t,33.906023902780994,33.906023902780994
7428,c,33.906023902780994,33.906023902780994
7429,t,33.906023902780994,33.906023902780994
7430,c,33.906023902780994,33.906023902780994
7431,c,33.906023902780994,33.906023902780994
7432,c,33.906023902780994,33.906023902780994
7433,t,33.906023902780994,33.906023902780994
7434,c,33.906023902780994,33.906023902780994
7435,t,33.906023902780994,33.906023902780994
7436,t,33.906023902780994,33.906023902780994
7437,t,33.906023902780994,33.906023902780994
7438,c,33.906023902780994,33.906023902780994
7439,c,33.906023902780994,33.906023902780994
7440,t,33.906023902780994,33.906023902780994
7441,t,33.906023902780994,33.906023902780994
7442,t,33.906023902780994,33.906023902780994
7443,t,33.906023902780994,33.906023902780994
7444,c,33.906023902780994,33.906023902780994
7445,t,33.906023902780994,33.906023902780994
7446,t,33.906023902780994,33.906023902780994
7447,t,33.906023902780994,33.906023902780994
7448,t,33.906023902780994,33.906023902780994
7449,c,33.906023902780994,33.906023902780994
7450,t,33.906023902780994,33.906023902780994
7451,t,33.906023902780994,33.906023902780994
7452,c,33.906023902780994,33.906023902780994
7453,c,33.906023902780994,33.906023902780994
7454,c,33.906023902780994,33.906023902780994
7455,t,33.906023902780994,33.906023902780994
7456,c,33.906023902780994,33.906023902780994
7457,t,33.906023902780994,33.906023902780994
7458,t,33.906023902780994,33.906023902780994
7459,t,33.906023902780994,33.906023902780994
7460,c,33.906023902780994,33.906023902780994
7461,na,2.3094398986861053,3.5323192540074846
7462,t,33.906023902780994,33.906023902780994
7463,c,33.906023902780994,33.906023902780994
7464,t,33.906023902780994,33.906023902780994
7465,t,33.906023902780994,33.906023902780994
7466,t,33.906023902780994,33.906023902780994
7467,t,33.906023902780994,33.906023902780994
7468,c,33.906023902780994,33.906023902780994
7469,t,33.906023902780994,33.906023902780994
7470,t,33.906023902780994,33.906023902780994
7471,c,33.906023902780994,33.906023902780994
7472,t,33.906023902780994,33.906023902780994
7473,c,33.906023902780994,33.906023902780994
7474,c,33.906023902780994,33.906023902780994
7475,c,33.906023902780994,33.906023902780994
7476,c,33.906023902780994,33.906023902780994
7477,c,33.906023902780994,33.906023902780994
7478,c,33.906023902780994,33.906023902780994
7479,t,33.906023902780994,33.906023902780994
7480,c,33.906023902780994,33.906023902780994
7481,t,33.906023902780994,33.906023902780994
7482,t,33.906023902780994,33.906023902780994
7483,c,33.906023902780994,33.906023902780994
7484,t,33.906023902780994,33.906023902780994
7485,c,33.906023902780994,33.906023902780994
7486,c,33.906023902780994,33.906023902780994
7487,t,33.906023902780994,33.906023902780994
7488,t,33.906023902780994,33.906023902780994
7489,c,33.906023902780994,33.906023902780994
7490,c,33.906023902780994,33.906023902780994
7491,t,33.906023902780994,33.906023902780994
7492,c,33.906023902780994,33.906023902780994
7493,t,33.906023902780994,33.906023902780994
7494,t,33.906023902780994,33.906023902780994
7495,c,33.906023902780994,33.906023902780994
7496,t,33.906023902780994,33.906023902780994
7497,t,33.906023902780994,33.906023902780994
7498,c,33.906023902780994,33.906023902780994
7499,c,33.906023902780994,33.906023902780994
7500,t,33.906023902780994,33.906023902780994
7501,t,33.906023902780994,33.906023902780994
7502,c,33.906023902780994,33.906023902780994
7503,c,33.906023902780994,33.906023902780994
7504,c,33.906023902780994,33.906023902780994
7505,t,33.906023902780994,33.906023902780994
7506,c,33.906023902780994,33.906023902780994
7507,c,33.906023902780994,33.906023902780994
7508,t,33.906023902780994,33.906023902780994
7509,c,33.906023902780994,33.906023902780994
7510,t,33.906023902780994,33.906023902780994
7511,t,33.906023902780994,33.906023902780994
7512,c,33.906023902780994,33.906023902780994
7513,c,33.906023902780994,33.906023902780994
7514,c,33.906023902780994,33.906023902780994
7515,t,33.906023902780994,33.906023902780994
7516,t,33.906023902780994,33.906023902780994
7517,t,33.906023902780994,33.906023902780994
7518,c,33.906023902780994,33.906023902780994
7519,t,33.906023902780994,33.906023902780994
7520,t,33.906023902780994,33.906023902780994
7521,t,33.906023902780994,33.906023902780994
7522,c,33.906023902780994,33.906023902780994
7523,t,33.906023902780994,33.906023902780994
7524,t,33.906023902780994,33.906023902780994
7525,c,33.906023902780994,33.906023902780994
7526,c,33.906023902780994,33.906023902780994
7527,c,33.906023902780994,33.906023902780994
7528,t,33.906023902780994,33.906023902780994
7529,c,33.906023902780994,33.906023902780994
7530,t,33.906023902780994,33.906023902780994
7531,t,33.906023902780994,33.906023902780994
7532,c,33.906023902780994,33.906023902780994
7533,c,33.906023902780994,33.906023902780994
7534,t,33.906023902780994,33.906023902780994
7535,t,33.906023902780994,33.906023902780994
7536,t,33.906023902780994,33.906023902780994
7537,t,33.906023902780994,33.906023902780994
7538,c,33.906023902780994,33.906023902780994
7539,t,33.906023902780994,33.906023902780994
7540,t,33.906023902780994,33.906023902780994
7541,t,33.906023902780994,33.906023902780994
7542,t,33.906023902780994,33.906023902780994
7543,t,33.906023902780994,33.906023902780994
7544,t,33.906023902780994,33.906023902780994
7545,c,33.906023902780994,33.906023902780994
7546,c,33.906023902780994,33.906023902780994
7547,t,33.906023902780994,33.906023902780994
7548,c,33.906023902780994,33.906023902780994
7549,t,33.906023902780994,33.906023902780994
7550,c,33.906023902780994,33.906023902780994
7551,c,33.906023902780994,33.906023902780994
7552,c,33.906023902780994,33.906023902780994
7553,c,33.906023902780994,33.906023902780994
7554,c,8.597826404182975,9.775830141226077
7555,c,33.906023902780994,33.906023902780994
7556,c,33.906023902780994,33.906023902780994
7557,c,33.906023902780994,33.906023902780994
7558,t,33.906023902780994,33.906023902780994
7559,c,33.906023902780994,33.906023902780994
7560,c,33.906023902780994,33.906023902780994
7561,c,33.906023902780994,33.906023902780994
7562,c,33.906023902780994,33.906023902780994
7563,t,33.906023902780994,33.906023902780994
7564,c,33.906023902780994,33.906023902780994
7565,c,33.906023902780994,33.906023902780994
7566,t,33.906023902780994,33.906023902780994
7567,c,33.906023902780994,33.906023902780994
7568,t,33.906023902780994,33.906023902780994
7569,t,33.906023902780994,33.906023902780994
7570,c,33.906023902780994,33.906023902780994
7571,t,33.906023902780994,33.906023902780994
7572,t,33.906023902780994,33.906023902780994
7573,c,33.906023902780994,33.906023902780994
7574,c,33.906023902780994,33.906023902780994
7575,c,33.906023902780994,33.906023902780994
7576,t,33.906023902780994,33.906023902780994
7577,c,33.906023902780994,33.906023902780994
7578,t,33.906023902780994,33.906023902780994
7579,c,33.906023902780994,33.906023902780994
7580,t,33.906023902780994,33.906023902780994
7581,t,33.906023902780994,33.906023902780994
7582,t,33.906023902780994,33.906023902780994
7583,t,33.906023902780994,33.906023902780994
7584,t,33.906023902780994,33.906023902780994
7585,c,33.906023902780994,33.906023902780994
7586,c,33.906023902780994,33.906023902780994
7587,c,33.906023902780994,33.906023902780994
7588,t,33.906023902780994,33.906023902780994
7589,c,33.906023902780994,33.906023902780994
7590,t,33.906023902780994,33.906023902780994
7591,t,33.906023902780994,33.906023902780994
7592,c,33.906023902780994,33.906023902780994
7593,c,33.906023902780994,33.906023902780994
7594,c,33.906023902780994,33.906023902780994
7595,c,33.906023902780994,33.906023902780994
7596,t,33.906023902780994,33.906023902780994
7597,c,33.906023902780994,33.906023902780994
7598,c,33.906023902780994,33.906023902780994
7599,t,33.906023902780994,33.906023902780994
7600,t,33.906023902780994,33.906023902780994
7601,t,33.906023902780994,33.906023902780994
7602,t,33.906023902780994,33.906023902780994
7603,t,33.906023902780994,33.906023902780994
7604,t,33.906023902780994,33.906023902780994
7605,t,33.906023902780994,33.906023902780994
7606,t,33.906023902780994,33.906023902780994
7607,c,33.906023902780994,33.906023902780994
7608,t,33.906023902780994,33.906023902780994
7609,c,33.906023902780994,33.906023902780994
7610,t,33.906023902780994,33.906023902780994
7611,c,33.906023902780994,33.906023902780994
7612,t,33.906023902780994,33.906023902780994
7613,t,33.906023902780994,33.906023902780994
7614,t,33.906023902780994,33.906023902780994
7615,c,33.906023902780994,33.906023902780994
7616,t,33.906023902780994,33.906023902780994
7617,t,33.906023902780994,33.906023902780994
7618,t,33.906023902780994,33.906023902780994
7619,t,33.906023902780994,33.906023902780994
7620,c,33.906023902780994,33.906023902780994
7621,c,33.906023902780994,33.906023902780994
7622,t,33.906023902780994,33.906023902780994
7623,c,33.906023902780994,33.906023902780994
7624,t,33.906023902780994,33.906023902780994
7625,t,33.906023902780994,33.906023902780994
7626,c,33.906023902780994,33.906023902780994
7627,t,33.906023902780994,33.906023902780994
7628,t,33.906023902780994,33.906023902780994
7629,c,33.906023902780994,33.906023902780994
7630,t,33.906023902780994,33.906023902780994
7631,c,33.906023902780994,33.906023902780994
7632,t,33.906023902780994,33.906023902780994
7633,t,33.906023902780994,33.906023902780994
7634,c,33.906023902780994,33.906023902780994
7635,c,33.906023902780994,33.906023902780994
7636,c,33.906023902780994,33.906023902780994
7637,c,33.906023902780994,33.906023902780994
7638,t,33.906023902780994,33.906023902780994
7639,t,33.906023902780994,33.906023902780994
7640,t,33.906023902780994,33.906023902780994
7641,t,33.906023902780994,33.906023902780994
7642,t,33.906023902780994,33.906023902780994
7643,t,33.906023902780994,33.906023902780994
7644,c,33.906023902780994,33.906023902780994
7645,c,33.906023902780994,33.906023902780994
7646,c,33.906023902780994,33.906023902780994
7647,t,33.906023902780994,33.906023902780994
7648,c,33.906023902780994,33.906023902780994
7649,t,33.906023902780994,33.906023902780994
7650,c,33.906023902780994,33.906023902780994
7651,c,33.906023902780994,33.906023902780994
7652,c,33.906023902780994,33.906023902780994
7653,t,33.906023902780994,33.906023902780994
7654,t,33.906023902780994,33.906023902780994
7655,c,33.906023902780994,33.906023902780994
7656,c,33.906023902780994,33.906023902780994
7657,t,33.906023902780994,33.906023902780994
7658,c,33.906023902780994,33.906023902780994
7659,t,33.906023902780994,33.906023902780994
7660,t,33.906023902780994,33.906023902780994
7661,c,33.906023902780994,33.906023902780994
7662,t,33.906023902780994,33.906023902780994
7663,t,33.906023902780994,33.906023902780994
7664,c,33.906023902780994,33.906023902780994
7665,c,33.906023902780994,33.906023902780994
7666,t,33.906023902780994,33.906023902780994
7667,c,33.906023902780994,33.906023902780994
7668,t,33.906023902780994,33.906023902780994
7669,c,33.906023902780994,33.906023902780994
7670,t,33.906023902780994,33.906023902780994
7671,c,33.906023902780994,33.906023902780994
7672,t,33.906023902780994,33.906023902780994
7673,c,33.906023902780994,33.906023902780994
7674,t,33.906023902780994,33.906023902780994
7675,c,33.906023902780994,33.906023902780994
7676,c,33.906023902780994,33.906023902780994
7677,c,33.906023902780994,33.906023902780994
7678,t,33.906023902780994,33.906023902780994
7679,t,33.906023902780994,33.906023902780994
7680,c,33.906023902780994,33.906023902780994
7681,c,33.906023902780994,33.906023902780994
7682,t,33.906023902780994,33.906023902780994
7683,c,33.906023902780994,33.906023902780994
7684,c,33.906023902780994,33.906023902780994
7685,t,33.906023902780994,33.906023902780994
7686,c,33.906023902780994,33.906023902780994
7687,t,33.906023902780994,33.906023902780994
7688,c,33.906023902780994,33.906023902780994
7689,t,33.906023902780994,33.906023902780994
7690,t,33.906023902780994,33.906023902780994
7691,t,33.906023902780994,33.906023902780994
7692,c,33.906023902780994,33.906023902780994
7693,t,33.906023902780994,33.906023902780994
7694,t,33.906023902780994,33.906023902780994
7695,t,33.906023902780994,33.906023902780994
7696,t,33.906023902780994,33.906023902780994
7697,t,33.906023902780994,33.906023902780994
7698,c,33.906023902780994,33.906023902780994
7699,c,33.906023902780994,33.906023902780994
7700,t,33.906023902780994,33.906023902780994
7701,c,33.906023902780994,33.906023902780994
7702,c,33.906023902780994,33.906023902780994
7703,c,33.906023902780994,33.906023902780994
7704,c,33.906023902780994,33.906023902780994
7705,t,33.906023902780994,33.906023902780994
7706,c,33.906023902780994,33.906023902780994
7707,t,33.906023902780994,33.906023902780994
7708,t,33.906023902780994,33.906023902780994
7709,t,33.906023902780994,33.906023902780994
7710,t,33.906023902780994,33.906023902780994
7711,c,33.906023902780994,33.906023902780994
7712,c,33.906023902780994,33.906023902780994
7713,c,33.906023902780994,33.906023902780994
7714,c,33.906023902780994,33.906023902780994
7715,c,33.906023902780994,33.906023902780994
7716,c,33.906023902780994,33.906023902780994
7717,t,33.906023902780994,33.906023902780994
7718,t,33.906023902780994,33.906023902780994
7719,c,33.906023902780994,33.906023902780994
7720,t,33.906023902780994,33.906023902780994
7721,c,33.906023902780994,33.906023902780994
7722,c,33.906023902780994,33.906023902780994
7723,t,33.906023902780994,33.906023902780994
7724,t,33.906023902780994,33.906023902780994
7725,t,33.906023902780994,33.906023902780994
7726,c,33.906023902780994,33.906023902780994
7727,t,33.906023902780994,33.906023902780994
7728,t,33.906023902780994,33.906023902780994
7729,t,33.906023902780994,33.906023902780994
7730,c,33.906023902780994,33.906023902780994
7731,t,33.906023902780994,33.906023902780994
7732,t,33.906023902780994,33.906023902780994
7733,c,33.906023902780994,33.906023902780994
7734,c,33.906023902780994,33.906023902780994
7735,c,33.906023902780994,33.906023902780994
7736,c,33.906023902780994,33.906023902780994
7737,c,33.906023902780994,33.906023902780994
7738,t,33.906023902780994,33.906023902780994
7739,c,33.906023902780994,33.906023902780994
7740,t,33.906023902780994,33.906023902780994
7741,t,33.906023902780994,33.906023902780994
7742,c,33.906023902780994,33.906023902780994
7743,t,33.906023902780994,33.906023902780994
7744,t,33.906023902780994,33.906023902780994
7745,c,33.906023902780994,33.906023902780994
7746,t,33.906023902780994,33.906023902780994
7747,c,33.906023902780994,33.906023902780994
7748,c,33.906023902780994,33.906023902780994
7749,t,33.906023902780994,33.906023902780994
7750,t,33.906023902780994,33.906023902780994
7751,c,33.906023902780994,33.906023902780994
7752,c,33.906023902780994,33.906023902780994
7753,t,33.906023902780994,33.906023902780994
7754,c,33.906023902780994,33.906023902780994
7755,t,33.906023902780994,33.906023902780994
7756,t,33.906023902780994,33.906023902780994
7757,c,33.906023902780994,33.906023902780994
7758,t,33.906023902780994,33.906023902780994
7759,t,33.906023902780994,33.906023902780994
7760,t,33.906023902780994,33.906023902780994
7761,t,33.906023902780994,33.906023902780994
7762,t,33.906023902780994,33.906023902780994
7763,t,33.906023902780994,33.906023902780994
7764,t,33.906023902780994,33.906023902780994
7765,t,33.906023902780994,33.906023902780994
7766,c,33.906023902780994,33.906023902780994
7767,c,33.906023902780994,33.906023902780994
7768,c,33.906023902780994,33.906023902780994
7769,t,33.906023902780994,33.906023902780994
7770,t,33.906023902780994,33.906023902780994
7771,t,33.906023902780994,33.906023902780994
7772,c,33.906023902780994,33.906023902780994
7773,t,33.906023902780994,33.906023902780994
7774,t,33.906023902780994,33.906023902780994
7775,na,0,33.906023902780994
7776,c,33.906023902780994,33.906023902780994
7777,t,33.906023902780994,33.906023902780994
7778,t,33.906023902780994,33.906023902780994
7779,t,33.906023902780994,33.906023902780994
7780,t,33.906023902780994,33.906023902780994
7781,t,33.906023902780994,33.906023902780994
7782,c,33.906023902780994,33.906023902780994
7783,t,33.906023902780994,33.906023902780994
7784,c,33.906023902780994,33.906023902780994
7785,c,33.906023902780994,33.906023902780994
7786,c,33.906023902780994,33.906023902780994
7787,t,33.906023902780994,33.906023902780994
7788,t,33.906023902780994,33.906023902780994
7789,t,33.906023902780994,33.906023902780994
7790,t,33.906023902780994,33.906023902780994
7791,c,33.906023902780994,33.906023902780994
7792,c,33.906023902780994,33.906023902780994
7793,t,33.906023902780994,33.906023902780994
7794,c,33.906023902780994,33.906023902780994
7795,c,33.906023902780994,33.906023902780994
7796,t,33.906023902780994,33.906023902780994
7797,c,33.906023902780994,33.906023902780994
7798,c,33.906023902780994,33.906023902780994
7799,c,33.906023902780994,33.906023902780994
7800,t,33.906023902780994,33.906023902780994
7801,c,33.906023902780994,33.906023902780994
7802,c,33.906023902780994,33.906023902780994
7803,t,33.906023902780994,33.906023902780994
7804,c,33.906023902780994,33.906023902780994
7805,t,33.906023902780994,33.906023902780994
7806,c,33.906023902780994,33.906023902780994
7807,t,33.906023902780994,33.906023902780994
7808,t,33.906023902780994,33.906023902780994
7809,c,33.906023902780994,33.906023902780994
7810,c,33.906023902780994,33.906023902780994
7811,t,33.906023902780994,33.906023902780994
7812,t,33.906023902780994,33.906023902780994
7813,c,33.906023902780994,33.906023902780994
7814,t,33.906023902780994,33.906023902780994
7815,c,33.906023902780994,33.906023902780994
7816,t,33.906023902780994,33.906023902780994
7817,c,33.906023902780994,33.906023902780994
7818,c,33.906023902780994,33.906023902780994
7819,c,33.906023902780994,33.906023902780994
7820,c,33.906023902780994,33.906023902780994
7821,c,33.906023902780994,33.906023902780994
7822,t,33.906023902780994,33.906023902780994
7823,c,33.906023902780994,33.906023902780994
7824,c,33.906023902780994,33.906023902780994
7825,t,33.906023902780994,33.906023902780994
7826,c,33.906023902780994,33.906023902780994
7827,c,33.906023902780994,33.906023902780994
7828,c,33.906023902780994,33.906023902780994
7829,c,33.906023902780994,33.906023902780994
7830,t,33.906023902780994,33.906023902780994
7831,c,33.906023902780994,33.906023902780994
7832,t,33.906023902780994,33.906023902780994
7833,t,33.906023902780994,33.906023902780994
7834,c,33.906023902780994,33.906023902780994
7835,t,33.906023902780994,33.906023902780994
7836,c,33.906023902780994,33.906023902780994
7837,t,33.906023902780994,33.906023902780994
7838,t,33.906023902780994,33.906023902780994
7839,c,33.906023902780994,33.906023902780994
7840,t,33.906023902780994,33.906023902780994
7841,t,33.906023902780994,33.906023902780994
7842,c,33.906023902780994,33.906023902780994
7843,t,33.906023902780994,33.906023902780994
7844,t,33.906023902780994,33.906023902780994
7845,t,33.906023902780994,33.906023902780994
7846,na,4.945639719743598,4.963221604520179
7847,t,33.906023902780994,33.906023902780994
7848,c,33.906023902780994,33.906023902780994
7849,c,33.906023902780994,33.906023902780994
7850,c,33.906023902780994,33.906023902780994
7851,c,33.906023902780994,33.906023902780994
7852,t,33.906023902780994,33.906023902780994
7853,t,33.906023902780994,33.906023902780994
7854,t,33.906023902780994,33.906023902780994
7855,c,33.906023902780994,33.906023902780994
7856,c,33.906023902780994,33.906023902780994
7857,t,33.906023902780994,33.906023902780994
7858,c,33.906023902780994,33.906023902780994
7859,t,33.906023902780994,33.906023902780994
7860,c,33.906023902780994,33.906023902780994
7861,t,33.906023902780994,33.906023902780994
7862,t,33.906023902780994,33.906023902780994
7863,t,33.906023902780994,33.906023902780994
7864,t,33.906023902780994,33.906023902780994
7865,c,33.906023902780994,33.906023902780994
7866,c,33.906023902780994,33.906023902780994
7867,t,33.906023902780994,33.906023902780994
7868,c,33.906023902780994,33.906023902780994
7869,c,33.906023902780994,33.906023902780994
7870,c,33.906023902780994,33.906023902780994
7871,t,33.906023902780994,33.906023902780994
7872,t,33.906023902780994,33.906023902780994
7873,t,33.906023902780994,33.906023902780994
7874,c,33.906023902780994,33.906023902780994
7875,c,33.906023902780994,33.906023902780994
7876,c,33.906023902780994,33.906023902780994
7877,t,33.906023902780994,33.906023902780994
7878,t,33.906023902780994,33.906023902780994
7879,c,33.906023902780994,33.906023902780994
7880,t,33.906023902780994,33.906023902780994
7881,c,33.906023902780994,33.906023902780994
7882,c,33.906023902780994,33.906023902780994
7883,c,33.906023902780994,33.906023902780994
7884,t,33.906023902780994,33.906023902780994
7885,c,33.906023902780994,33.906023902780994
7886,c,33.906023902780994,33.906023902780994
7887,c,33.906023902780994,33.906023902780994
7888,c,33.906023902780994,33.906023902780994
7889,t,33.906023902780994,33.906023902780994
7890,t,33.906023902780994,33.906023902780994
7891,t,33.906023902780994,33.906023902780994
7892,c,33.906023902780994,33.906023902780994
7893,c,33.906023902780994,33.906023902780994
7894,t,33.906023902780994,33.906023902780994
7895,t,33.906023902780994,33.906023902780994
7896,t,33.906023902780994,33.906023902780994
7897,c,33.906023902780994,33.906023902780994
7898,t,33.906023902780994,33.906023902780994
7899,c,33.906023902780994,33.906023902780994
7900,c,33.906023902780994,33.906023902780994
7901,t,33.906023902780994,33.906023902780994
7902,c,33.906023902780994,33.906023902780994
7903,c,33.906023902780994,33.906023902780994
7904,c,33.906023902780994,33.906023902780994
7905,c,33.906023902780994,33.906023902780994
7906,c,33.906023902780994,33.906023902780994
7907,t,33.906023902780994,33.906023902780994
7908,c,33.906023902780994,33.906023902780994
7909,c,33.906023902780994,33.906023902780994
7910,c,33.906023902780994,33.906023902780994
7911,t,33.906023902780994,33.906023902780994
7912,c,33.906023902780994,33.906023902780994
7913,c,33.906023902780994,33.906023902780994
7914,c,33.906023902780994,33.906023902780994
7915,t,33.906023902780994,33.906023902780994
7916,c,33.906023902780994,33.906023902780994
7917,c,33.906023902780994,33.906023902780994
7918,t,33.906023902780994,33.906023902780994
7919,t,33.906023902780994,33.906023902780994
7920,c,0.8914138594294949,5.555780183233006
7921,t,33.906023902780994,33.906023902780994
7922,c,33.906023902780994,33.906023902780994
7923,t,33.906023902780994,33.906023902780994
7924,t,33.906023902780994,33.906023902780994
7925,t,33.906023902780994,33.906023902780994
7926,t,33.906023902780994,33.906023902780994
7927,t,33.906023902780994,33.906023902780994
7928,c,33.906023902780994,33.906023902780994
7929,c,33.906023902780994,33.906023902780994
7930,c,33.906023902780994,33.906023902780994
7931,c,33.906023902780994,33.906023902780994
7932,c,33.906023902780994,33.906023902780994
7933,c,33.906023902780994,33.906023902780994
7934,t,33.906023902780994,33.906023902780994
7935,c,33.906023902780994,33.906023902780994
7936,t,33.906023902780994,33.906023902780994
7937,t,33.906023902780994,33.906023902780994
7938,t,33.906023902780994,33.906023902780994
7939,c,33.906023902780994,33.906023902780994
7940,c,33.906023902780994,33.906023902780994
7941,c,33.906023902780994,33.906023902780994
7942,t,33.906023902780994,33.906023902780994
7943,c,33.906023902780994,33.906023902780994
7944,t,33.906023902780994,33.906023902780994
7945,t,33.906023902780994,33.906023902780994
7946,c,33.906023902780994,33.906023902780994
7947,t,33.906023902780994,33.906023902780994
7948,t,33.906023902780994,33.906023902780994
7949,t,33.906023902780994,33.906023902780994
7950,t,33.906023902780994,33.906023902780994
7951,c,33.906023902780994,33.906023902780994
7952,c,33.906023902780994,33.906023902780994
7953,c,33.906023902780994,33.906023902780994
7954,t,33.906023902780994,33.906023902780994
7955,t,33.906023902780994,33.906023902780994
7956,c,33.906023902780994,33.906023902780994
7957,t,33.906023902780994,33.906023902780994
7958,t,33.906023902780994,33.906023902780994
7959,t,33.906023902780994,33.906023902780994
7960,c,33.906023902780994,33.906023902780994
7961,c,33.906023902780994,33.906023902780994
7962,t,33.906023902780994,33.906023902780994
7963,t,33.906023902780994,33.906023902780994
7964,t,33.906023902780994,33.906023902780994
7965,t,33.906023902780994,33.906023902780994
7966,t,33.906023902780994,33.906023902780994
7967,c,33.906023902780994,33.906023902780994
7968,t,33.906023902780994,33.906023902780994
7969,t,33.906023902780994,33.906023902780994
7970,c,33.906023902780994,33.906023902780994
7971,t,33.906023902780994,33.906023902780994
7972,t,33.906023902780994,33.906023902780994
7973,c,33.906023902780994,33.906023902780994
7974,t,33.906023902780994,33.906023902780994
7975,c,33.906023902780994,33.906023902780994
7976,c,33.906023902780994,33.906023902780994
7977,t,33.906023902780994,33.906023902780994
7978,t,33.906023902780994,33.906023902780994
7979,t,33.906023902780994,33.906023902780994
7980,t,33.906023902780994,33.906023902780994
7981,t,33.906023902780994,33.906023902780994
7982,t,33.906023902780994,33.906023902780994
7983,t,33.906023902780994,33.906023902780994
7984,c,33.906023902780994,33.906023902780994
7985,c,33.906023902780994,33.906023902780994
7986,c,33.906023902780994,33.906023902780994
7987,t,33.906023902780994,33.906023902780994
7988,c,33.906023902780994,33.906023902780994
7989,c,33.906023902780994,33.906023902780994
7990,c,33.906023902780994,33.906023902780994
7991,t,33.906023902780994,33.906023902780994
7992,c,33.906023902780994,33.906023902780994
7993,c,33.906023902780994,33.906023902780994
7994,t,33.906023902780994,33.906023902780994
7995,t,33.906023902780994,33.906023902780994
7996,c,33.906023902780994,33.906023902780994
7997,c,33.906023902780994,33.906023902780994
7998,t,33.906023902780994,33.906023902780994
7999,c,33.906023902780994,33.906023902780994
8000,t,33.906023902780994,33.906023902780994
8001,t,33.906023902780994,33.906023902780994
8002,c,33.906023902780994,33.906023902780994
8003,t,33.906023902780994,33.906023902780994
8004,c,33.906023902780994,33.906023902780994
8005,t,33.906023902780994,33.906023902780994
8006,t,33.906023902780994,33.906023902780994
8007,t,33.906023902780994,33.906023902780994
8008,c,33.906023902780994,33.906023902780994
8009,c,33.906023902780994,33.906023902780994
8010,na,0.1718451737696031,1.0409493253845696
8011,c,33.906023902780994,33.906023902780994
8012,c,33.906023902780994,33.906023902780994
8013,t,33.906023902780994,33.906023902780994
8014,c,33.906023902780994,33.906023902780994
8015,c,33.906023902780994,33.906023902780994
8016,c,33.906023902780994,33.906023902780994
8017,c,33.906023902780994,33.906023902780994
8018,c,33.906023902780994,33.906023902780994
8019,c,33.906023902780994,33.906023902780994
8020,c,33.906023902780994,33.906023902780994
8021,c,33.906023902780994,33.906023902780994
8022,t,33.906023902780994,33.906023902780994
8023,c,33.906023902780994,33.906023902780994
8024,c,33.906023902780994,33.906023902780994
8025,t,33.906023902780994,33.906023902780994
8026,t,33.906023902780994,33.906023902780994
8027,t,33.906023902780994,33.906023902780994
8028,c,33.906023902780994,33.906023902780994
8029,c,33.906023902780994,33.906023902780994
8030,c,33.906023902780994,33.906023902780994
8031,c,33.906023902780994,33.906023902780994
8032,c,33.906023902780994,33.906023902780994
8033,c,33.906023902780994,33.906023902780994
8034,t,33.906023902780994,33.906023902780994
8035,c,33.906023902780994,33.906023902780994
8036,t,33.906023902780994,33.906023902780994
8037,t,33.906023902780994,33.906023902780994
8038,c,33.906023902780994,33.906023902780994
8039,t,33.906023902780994,33.906023902780994
8040,t,33.906023902780994,33.906023902780994
8041,t,33.906023902780994,33.906023902780994
8042,c,33.906023902780994,33.906023902780994
8043,t,33.906023902780994,33.906023902780994
8044,c,33.906023902780994,33.906023902780994
8045,t,33.906023902780994,33.906023902780994
8046,c,33.906023902780994,33.906023902780994
8047,t,33.906023902780994,33.906023902780994
8048,c,33.906023902780994,33.906023902780994
8049,t,33.906023902780994,33.906023902780994
8050,t,33.906023902780994,33.906023902780994
8051,c,33.906023902780994,33.906023902780994
8052,t,33.906023902780994,33.906023902780994
8053,t,33.906023902780994,33.906023902780994
8054,t,33.906023902780994,33.906023902780994
8055,t,33.906023902780994,33.906023902780994
8056,c,33.906023902780994,33.906023902780994
8057,t,33.906023902780994,33.906023902780994
8058,t,33.906023902780994,33.906023902780994
8059,t,33.906023902780994,33.906023902780994
8060,c,33.906023902780994,33.906023902780994
8061,c,33.906023902780994,33.906023902780994
8062,t,33.906023902780994,33.906023902780994
8063,c,33.906023902780994,33.906023902780994
8064,t,33.906023902780994,33.906023902780994
8065,t,33.906023902780994,33.906023902780994
8066,c,33.906023902780994,33.906023902780994
8067,t,33.906023902780994,33.906023902780994
8068,c,33.906023902780994,33.906023902780994
8069,t,33.906023902780994,33.906023902780994
8070,t,33.906023902780994,33.906023902780994
8071,t,33.906023902780994,33.906023902780994
8072,t,33.906023902780994,33.906023902780994
8073,c,33.906023902780994,33.906023902780994
8074,c,33.906023902780994,33.906023902780994
8075,t,33.906023902780994,33.906023902780994
8076,t,33.906023902780994,33.906023902780994
8077,t,33.906023902780994,33.906023902780994
8078,t,33.906023902780994,33.906023902780994
8079,t,33.906023902780994,33.906023902780994
8080,c,33.906023902780994,33.906023902780994
8081,c,33.906023902780994,33.906023902780994
8082,c,33.906023902780994,33.906023902780994
8083,c,33.906023902780994,33.906023902780994
8084,t,33.906023902780994,33.906023902780994
8085,c,33.906023902780994,33.906023902780994
8086,t,33.906023902780994,33.906023902780994
8087,t,33.906023902780994,33.906023902780994
8088,t,33.906023902780994,33.906023902780994
8089,c,33.906023902780994,33.906023902780994
8090,t,33.906023902780994,33.906023902780994
8091,c,33.906023902780994,33.906023902780994
8092,t,33.906023902780994,33.906023902780994
8093,t,33.906023902780994,33.906023902780994
8094,c,33.906023902780994,33.906023902780994
8095,c,33.906023902780994,33.906023902780994
8096,c,33.906023902780994,33.906023902780994
8097,t,33.906023902780994,33.906023902780994
8098,c,33.906023902780994,33.906023902780994
8099,t,33.906023902780994,33.906023902780994
8100,t,33.906023902780994,33.906023902780994
8101,t,33.906023902780994,33.906023902780994
8102,t,33.906023902780994,33.906023902780994
8103,c,33.906023902780994,33.906023902780994
8104,c,33.906023902780994,33.906023902780994
8105,t,33.906023902780994,33.906023902780994
8106,t,33.906023902780994,33.906023902780994
8107,c,33.906023902780994,33.906023902780994
8108,t,33.906023902780994,33.906023902780994
8109,t,33.906023902780994,33.906023902780994
8110,t,33.906023902780994,33.906023902780994
8111,c,33.906023902780994,33.906023902780994
8112,c,33.906023902780994,33.906023902780994
8113,na,1.8140857866793512,3.210812680776866
8114,t,33.906023902780994,33.906023902780994
8115,c,33.906023902780994,33.906023902780994
8116,c,33.906023902780994,33.906023902780994
8117,c,33.906023902780994,33.906023902780994
8118,c,33.906023902780994,33.906023902780994
8119,c,33.906023902780994,33.906023902780994
8120,t,33.906023902780994,33.906023902780994
8121,c,33.906023902780994,33.906023902780994
8122,c,33.906023902780994,33.906023902780994
8123,t,33.906023902780994,33.906023902780994
8124,t,33.906023902780994,33.906023902780994
8125,c,33.906023902780994,33.906023902780994
8126,na,-1,0
8127,c,33.906023902780994,33.906023902780994
8128,c,33.906023902780994,33.906023902780994
8129,c,33.906023902780994,33.906023902780994
8130,t,33.906023902780994,33.906023902780994
8131,na,3.425997127743207,3.429851300153682
8132,c,33.906023902780994,33.906023902780994
8133,t,33.906023902780994,33.906023902780994
8134,t,33.906023902780994,33.906023902780994
8135,t,33.906023902780994,33.906023902780994
8136,c,33.906023902780994,33.906023902780994
8137,t,33.906023902780994,33.906023902780994
8138,t,33.906023902780994,33.906023902780994
8139,c,33.906023902780994,33.906023902780994
8140,t,33.906023902780994,33.906023902780994
8141,c,33.906023902780994,33.906023902780994
8142,c,33.906023902780994,33.906023902780994
8143,c,33.906023902780994,33.906023902780994
8144,t,33.906023902780994,33.906023902780994
8145,c,33.906023902780994,33.906023902780994
8146,c,33.906023902780994,33.906023902780994
8147,c,33.906023902780994,33.906023902780994
8148,c,33.906023902780994,33.906023902780994
8149,c,33.906023902780994,33.906023902780994
8150,c,33.906023902780994,33.906023902780994
8151,c,33.906023902780994,33.906023902780994
8152,c,33.906023902780994,33.906023902780994
8153,c,33.906023902780994,33.906023902780994
8154,t,33.906023902780994,33.906023902780994
8155,c,33.906023902780994,33.906023902780994
8156,c,33.906023902780994,33.906023902780994
8157,c,33.906023902780994,33.906023902780994
8158,c,33.906023902780994,33.906023902780994
8159,c,33.906023902780994,33.906023902780994
8160,t,33.906023902780994,33.906023902780994
8161,c,33.906023902780994,33.906023902780994
8162,t,33.906023902780994,33.906023902780994
8163,c,33.906023902780994,33.906023902780994
8164,c,23.436808541727235,26.666648531246786
8165,c,33.906023902780994,33.906023902780994
8166,c,33.906023902780994,33.906023902780994
8167,t,33.906023902780994,33.906023902780994
8168,t,33.906023902780994,33.906023902780994
8169,t,33.906023902780994,33.906023902780994
8170,t,33.906023902780994,33.906023902780994
8171,c,33.906023902780994,33.906023902780994
8172,t,33.906023902780994,33.906023902780994
8173,c,33.906023902780994,33.906023902780994
8174,t,33.906023902780994,33.906023902780994
8175,t,33.906023902780994,33.906023902780994
8176,c,33.906023902780994,33.906023902780994
8177,t,33.906023902780994,33.906023902780994
8178,c,33.906023902780994,33.906023902780994
8179,c,33.906023902780994,33.906023902780994
8180,c,33.906023902780994,33.906023902780994
8181,t,33.906023902780994,33.906023902780994
8182,t,33.906023902780994,33.906023902780994
8183,t,33.906023902780994,33.906023902780994
8184,c,33.906023902780994,33.906023902780994
8185,t,33.906023902780994,33.906023902780994
8186,c,33.906023902780994,33.906023902780994
8187,c,33.906023902780994,33.906023902780994
8188,t,33.906023902780994,33.906023902780994
8189,t,33.906023902780994,33.906023902780994
8190,c,33.906023902780994,33.906023902780994
8191,t,33.906023902780994,33.906023902780994
8192,c,33.906023902780994,33.906023902780994
8193,c,33.906023902780994,33.906023902780994
8194,c,33.906023902780994,33.906023902780994
8195,c,33.906023902780994,33.906023902780994
8196,c,33.906023902780994,33.906023902780994
8197,t,33.906023902780994,33.906023902780994
8198,t,33.906023902780994,33.906023902780994
8199,c,33.906023902780994,33.906023902780994
8200,t,33.906023902780994,33.906023902780994
8201,c,33.906023902780994,33.906023902780994
8202,c,33.906023902780994,33.906023902780994
8203,c,33.906023902780994,33.906023902780994
8204,t,33.906023902780994,33.906023902780994
8205,c,33.906023902780994,33.906023902780994
8206,c,33.906023902780994,33.906023902780994
8207,t,33.906023902780994,33.906023902780994
8208,c,33.906023902780994,33.906023902780994
8209,c,33.906023902780994,33.906023902780994
8210,c,33.906023902780994,33.906023902780994
8211,c,33.906023902780994,33.906023902780994
8212,c,33.906023902780994,33.906023902780994
8213,c,33.906023902780994,33.906023902780994
8214,c,33.906023902780994,33.906023902780994
8215,t,33.906023902780994,33.906023902780994
8216,t,33.906023902780994,33.906023902780994
8217,c,33.906023902780994,33.906023902780994
8218,t,33.906023902780994,33.906023902780994
8219,t,33.906023902780994,33.906023902780994
8220,t,33.906023902780994,33.906023902780994
8221,t,33.906023902780994,33.906023902780994
8222,t,33.906023902780994,33.906023902780994
8223,t,33.906023902780994,33.906023902780994
8224,c,33.906023902780994,33.906023902780994
8225,t,33.906023902780994,33.906023902780994
8226,c,33.906023902780994,33.906023902780994
8227,t,33.906023902780994,33.906023902780994
8228,t,33.906023902780994,33.906023902780994
8229,t,33.906023902780994,33.906023902780994
8230,c,33.906023902780994,33.906023902780994
8231,c,33.906023902780994,33.906023902780994
8232,t,33.906023902780994,33.906023902780994
8233,t,33.906023902780994,33.906023902780994
8234,c,33.906023902780994,33.906023902780994
8235,c,33.906023902780994,33.906023902780994
8236,c,33.906023902780994,33.906023902780994
8237,c,33.906023902780994,33.906023902780994
8238,c,33.906023902780994,33.906023902780994
8239,t,33.906023902780994,33.906023902780994
8240,c,33.906023902780994,33.906023902780994
8241,t,33.906023902780994,33.906023902780994
8242,c,33.906023902780994,33.906023902780994
8243,c,33.906023902780994,33.906023902780994
8244,c,33.906023902780994,33.906023902780994
8245,t,33.906023902780994,33.906023902780994
8246,c,33.906023902780994,33.906023902780994
8247,t,33.906023902780994,33.906023902780994
8248,t,33.906023902780994,33.906023902780994
8249,t,33.906023902780994,33.906023902780994
8250,c,31.07843379037104,31.620724497193677
8251,t,33.906023902780994,33.906023902780994
8252,c,33.906023902780994,33.906023902780994
8253,t,33.906023902780994,33.906023902780994
8254,c,33.906023902780994,33.906023902780994
8255,t,33.906023902780994,33.906023902780994
8256,c,33.906023902780994,33.906023902780994
8257,t,33.906023902780994,33.906023902780994
8258,c,33.906023902780994,33.906023902780994
8259,t,33.906023902780994,33.906023902780994
8260,t,33.906023902780994,33.906023902780994
8261,c,33.906023902780994,33.906023902780994
8262,c,33.906023902780994,33.906023902780994
8263,c,33.906023902780994,33.906023902780994
8264,t,33.906023902780994,33.906023902780994
8265,t,33.906023902780994,33.906023902780994
8266,c,33.906023902780994,33.906023902780994
8267,c,33.906023902780994,33.906023902780994
8268,t,33.906023902780994,33.906023902780994
8269,c,33.906023902780994,33.906023902780994
8270,c,33.906023902780994,33.906023902780994
8271,c,33.906023902780994,33.906023902780994
8272,t,33.906023902780994,33.906023902780994
8273,t,33.906023902780994,33.906023902780994
8274,c,33.906023902780994,33.906023902780994
8275,t,33.906023902780994,33.906023902780994
8276,c,33.906023902780994,33.906023902780994
8277,c,33.906023902780994,33.906023902780994
8278,c,33.906023902780994,33.906023902780994
8279,c,33.906023902780994,33.906023902780994
8280,t,33.906023902780994,33.906023902780994
8281,c,33.906023902780994,33.906023902780994
8282,t,33.906023902780994,33.906023902780994
8283,t,33.906023902780994,33.906023902780994
8284,c,33.906023902780994,33.906023902780994
8285,t,33.906023902780994,33.906023902780994
8286,c,33.906023902780994,33.906023902780994
8287,c,33.906023902780994,33.906023902780994
8288,t,33.906023902780994,33.906023902780994
8289,c,33.906023902780994,33.906023902780994
8290,c,33.906023902780994,33.906023902780994
8291,t,33.906023902780994,33.906023902780994
8292,t,33.906023902780994,33.906023902780994
8293,c,33.906023902780994,33.906023902780994
8294,c,33.906023902780994,33.906023902780994
8295,t,33.906023902780994,33.906023902780994
8296,c,33.906023902780994,33.906023902780994
8297,t,33.906023902780994,33.906023902780994
8298,t,33.906023902780994,33.906023902780994
8299,t,33.906023902780994,33.906023902780994
8300,t,33.906023902780994,33.906023902780994
8301,c,33.906023902780994,33.906023902780994
8302,t,33.906023902780994,33.906023902780994
8303,t,33.906023902780994,33.906023902780994
8304,t,33.906023902780994,33.906023902780994
8305,c,33.906023902780994,33.906023902780994
8306,c,33.906023902780994,33.906023902780994
8307,c,33.906023902780994,33.906023902780994
8308,c,33.906023902780994,33.906023902780994
8309,t,33.906023902780994,33.906023902780994
8310,t,33.906023902780994,33.906023902780994
8311,t,33.906023902780994,33.906023902780994
8312,c,33.906023902780994,33.906023902780994
8313,t,33.906023902780994,33.906023902780994
8314,t,33.906023902780994,33.906023902780994
8315,t,33.906023902780994,33.906023902780994
8316,t,33.906023902780994,33.906023902780994
8317,c,33.906023902780994,33.906023902780994
8318,c,33.906023902780994,33.906023902780994
8319,t,33.906023902780994,33.906023902780994
8320,c,33.906023902780994,33.906023902780994
8321,t,33.906023902780994,33.906023902780994
8322,t,33.906023902780994,33.906023902780994
8323,c,33.906023902780994,33.906023902780994
8324,t,33.906023902780994,33.906023902780994
8325,t,33.906023902780994,33.906023902780994
8326,c,33.906023902780994,33.906023902780994
8327,t,33.906023902780994,33.906023902780994
8328,t,33.906023902780994,33.906023902780994
8329,t,33.906023902780994,33.906023902780994
8330,c,33.906023902780994,33.906023902780994
8331,c,33.906023902780994,33.906023902780994
8332,t,33.906023902780994,33.906023902780994
8333,t,33.906023902780994,33.906023902780994
8334,t,33.906023902780994,33.906023902780994
8335,c,33.906023902780994,33.906023902780994
8336,t,33.906023902780994,33.906023902780994
8337,c,33.906023902780994,33.906023902780994
8338,t,33.906023902780994,33.906023902780994
8339,t,33.906023902780994,33.906023902780994
8340,t,33.906023902780994,33.906023902780994
8341,c,33.906023902780994,33.906023902780994
8342,c,33.906023902780994,33.906023902780994
8343,t,33.906023902780994,33.906023902780994
8344,c,33.906023902780994,33.906023902780994
8345,t,33.906023902780994,33.906023902780994
8346,t,33.906023902780994,33.906023902780994
8347,c,33.906023902780994,33.906023902780994
8348,t,33.906023902780994,33.906023902780994
8349,t,33.906023902780994,33.906023902780994
8350,c,33.906023902780994,33.906023902780994
8351,t,33.906023902780994,33.906023902780994
8352,c,33.906023902780994,33.906023902780994
8353,t,33.906023902780994,33.906023902780994
8354,t,33.906023902780994,33.906023902780994
8355,c,33.906023902780994,33.906023902780994
8356,c,33.906023902780994,33.906023902780994
8357,t,33.906023902780994,33.906023902780994
8358,t,33.906023902780994,33.906023902780994
8359,c,33.906023902780994,33.906023902780994
8360,c,33.906023902780994,33.906023902780994
8361,c,33.906023902780994,33.906023902780994
8362,t,33.906023902780994,33.906023902780994
8363,c,33.906023902780994,33.906023902780994
8364,c,33.906023902780994,33.906023902780994
8365,c,33.906023902780994,33.906023902780994
8366,t,33.906023902780994,33.906023902780994
8367,c,33.906023902780994,33.906023902780994
8368,t,33.906023902780994,33.906023902780994
8369,c,33.906023902780994,33.906023902780994
8370,c,33.906023902780994,33.906023902780994
8371,c,33.906023902780994,33.906023902780994
8372,c,33.906023902780994,33.906023902780994
8373,c,33.906023902780994,33.906023902780994
8374,t,33.906023902780994,33.906023902780994
8375,c,33.906023902780994,33.906023902780994
8376,c,33.906023902780994,33.906023902780994
8377,c,33.906023902780994,33.906023902780994
8378,t,33.906023902780994,33.906023902780994
8379,c,33.906023902780994,33.906023902780994
8380,t,33.906023902780994,33.906023902780994
8381,c,33.906023902780994,33.906023902780994
8382,t,33.906023902780994,33.906023902780994
8383,c,33.906023902780994,33.906023902780994
8384,c,33.906023902780994,33.906023902780994
8385,c,33.906023902780994,33.906023902780994
8386,na,1.3707859732310004,3.7538645786501323
8387,c,33.906023902780994,33.906023902780994
8388,t,33.906023902780994,33.906023902780994
8389,c,33.906023902780994,33.906023902780994
8390,t,33.906023902780994,33.906023902780994
8391,t,33.906023902780994,33.906023902780994
8392,c,33.906023902780994,33.906023902780994
8393,t,33.906023902780994,33.906023902780994
8394,c,33.906023902780994,33.906023902780994
8395,t,33.906023902780994,33.906023902780994
8396,t,33.906023902780994,33.906023902780994
8397,c,33.906023902780994,33.906023902780994
8398,t,33.906023902780994,33.906023902780994
8399,c,33.906023902780994,33.906023902780994
8400,c,33.906023902780994,33.906023902780994
8401,c,33.906023902780994,33.906023902780994
8402,c,33.906023902780994,33.906023902780994
8403,c,33.906023902780994,33.906023902780994
8404,c,33.906023902780994,33.906023902780994
8405,t,33.906023902780994,33.906023902780994
8406,t,33.906023902780994,33.906023902780994
8407,c,33.906023902780994,33.906023902780994
8408,t,33.906023902780994,33.906023902780994
8409,c,33.906023902780994,33.906023902780994
8410,c,33.906023902780994,33.906023902780994
8411,t,33.906023902780994,33.906023902780994
8412,c,33.906023902780994,33.906023902780994
8413,c,33.906023902780994,33.906023902780994
8414,c,33.906023902780994,33.906023902780994
8415,t,33.906023902780994,33.906023902780994
8416,c,33.906023902780994,33.906023902780994
8417,t,33.906023902780994,33.906023902780994
8418,t,33.906023902780994,33.906023902780994
8419,t,33.906023902780994,33.906023902780994
8420,c,33.906023902780994,33.906023902780994
8421,t,33.906023902780994,33.906023902780994
8422,t,33.906023902780994,33.906023902780994
8423,c,33.906023902780994,33.906023902780994
8424,t,33.906023902780994,33.906023902780994
8425,t,33.906023902780994,33.906023902780994
8426,t,33.906023902780994,33.906023902780994
8427,t,33.906023902780994,33.906023902780994
8428,c,33.906023902780994,33.906023902780994
8429,t,33.906023902780994,33.906023902780994
8430,t,33.906023902780994,33.906023902780994
8431,c,33.906023902780994,33.906023902780994
8432,c,33.906023902780994,33.906023902780994
8433,c,33.906023902780994,33.906023902780994
8434,c,33.906023902780994,33.906023902780994
8435,t,33.906023902780994,33.906023902780994
8436,c,33.906023902780994,33.906023902780994
8437,t,33.906023902780994,33.906023902780994
8438,t,33.906023902780994,33.906023902780994
8439,c,33.906023902780994,33.906023902780994
8440,c,33.906023902780994,33.906023902780994
8441,t,33.906023902780994,33.906023902780994
8442,t,33.906023902780994,33.906023902780994
8443,t,33.906023902780994,33.906023902780994
8444,c,33.906023902780994,33.906023902780994
8445,t,33.906023902780994,33.906023902780994
8446,c,33.906023902780994,33.906023902780994
8447,c,33.906023902780994,33.906023902780994
8448,c,33.906023902780994,33.906023902780994
8449,t,33.906023902780994,33.906023902780994
8450,t,33.906023902780994,33.906023902780994
8451,c,33.906023902780994,33.906023902780994
8452,t,33.906023902780994,33.906023902780994
8453,t,33.906023902780994,33.906023902780994
8454,c,33.906023902780994,33.906023902780994
8455,c,33.906023902780994,33.906023902780994
8456,t,33.906023902780994,33.906023902780994
8457,c,33.906023902780994,33.906023902780994
8458,c,33.906023902780994,33.906023902780994
8459,t,33.906023902780994,33.906023902780994
8460,t,33.906023902780994,33.906023902780994
8461,c,33.906023902780994,33.906023902780994
8462,t,33.906023902780994,33.906023902780994
8463,c,33.906023902780994,33.906023902780994
8464,c,33.906023902780994,33.906023902780994
8465,t,33.906023902780994,33.906023902780994
8466,c,33.906023902780994,33.906023902780994
8467,c,33.906023902780994,33.906023902780994
8468,t,33.906023902780994,33.906023902780994
8469,t,33.906023902780994,33.906023902780994
8470,t,33.906023902780994,33.906023902780994
8471,t,33.906023902780994,33.906023902780994
8472,t,33.906023902780994,33.906023902780994
8473,c,33.906023902780994,33.906023902780994
8474,t,33.906023902780994,33.906023902780994
8475,c,33.906023902780994,33.906023902780994
8476,c,33.906023902780994,33.906023902780994
8477,c,33.906023902780994,33.906023902780994
8478,t,33.906023902780994,33.906023902780994
8479,c,33.906023902780994,33.906023902780994
8480,t,33.906023902780994,33.906023902780994
8481,c,33.906023902780994,33.906023902780994
8482,c,33.906023902780994,33.906023902780994
8483,t,33.906023902780994,33.906023902780994
8484,t,33.906023902780994,33.906023902780994
8485,t,33.906023902780994,33.906023902780994
8486,c,33.906023902780994,33.906023902780994
8487,t,33.906023902780994,33.906023902780994
8488,t,33.906023902780994,33.906023902780994
8489,c,33.906023902780994,33.906023902780994
8490,c,33.906023902780994,33.906023902780994
8491,t,33.906023902780994,33.906023902780994
8492,t,33.906023902780994,33.906023902780994
8493,t,33.906023902780994,33.906023902780994
8494,c,33.906023902780994,33.906023902780994
8495,c,33.906023902780994,33.906023902780994
8496,t,33.906023902780994,33.906023902780994
8497,t,33.906023902780994,33.906023902780994
8498,c,33.906023902780994,33.906023902780994
8499,na,0,1.6231330018724752
8500,t,33.906023902780994,33.906023902780994
8501,t,33.906023902780994,33.906023902780994
8502,t,33.906023902780994,33.906023902780994
8503,t,33.906023902780994,33.906023902780994
8504,t,33.906023902780994,33.906023902780994
8505,c,33.906023902780994,33.906023902780994
8506,c,33.906023902780994,33.906023902780994
8507,c,33.906023902780994,33.906023902780994
8508,c,33.906023902780994,33.906023902780994
8509,t,33.906023902780994,33.906023902780994
8510,t,33.906023902780994,33.906023902780994
8511,t,33.906023902780994,33.906023902780994
8512,c,33.906023902780994,33.906023902780994
8513,t,33.906023902780994,33.906023902780994
8514,t,33.906023902780994,33.906023902780994
8515,c,33.906023902780994,33.906023902780994
8516,na,11.321222469660409,14.029057864610541
8517,t,33.906023902780994,33.906023902780994
8518,c,33.906023902780994,33.906023902780994
8519,c,33.906023902780994,33.906023902780994
8520,t,33.906023902780994,33.906023902780994
8521,c,33.906023902780994,33.906023902780994
8522,t,33.906023902780994,33.906023902780994
8523,c,25.249739294331828,33.906023902780994
8524,t,33.906023902780994,33.906023902780994
8525,c,33.906023902780994,33.906023902780994
8526,c,33.906023902780994,33.906023902780994
8527,t,33.906023902780994,33.906023902780994
8528,c,33.906023902780994,33.906023902780994
8529,c,33.906023902780994,33.906023902780994
8530,c,33.906023902780994,33.906023902780994
8531,t,33.906023902780994,33.906023902780994
8532,t,33.906023902780994,33.906023902780994
8533,c,33.906023902780994,33.906023902780994
8534,t,33.906023902780994,33.906023902780994
8535,t,33.906023902780994,33.906023902780994
8536,t,33.906023902780994,33.906023902780994
8537,t,33.906023902780994,33.906023902780994
8538,t,33.906023902780994,33.906023902780994
8539,t,33.906023902780994,33.906023902780994
8540,t,33.906023902780994,33.906023902780994
8541,t,33.906023902780994,33.906023902780994
8542,c,33.906023902780994,33.906023902780994
8543,c,33.906023902780994,33.906023902780994
8544,c,33.906023902780994,33.906023902780994
8545,c,33.906023902780994,33.906023902780994
8546,t,33.906023902780994,33.906023902780994
8547,c,33.906023902780994,33.906023902780994
8548,c,33.906023902780994,33.906023902780994
8549,c,33.906023902780994,33.906023902780994
8550,c,33.906023902780994,33.906023902780994
8551,t,33.906023902780994,33.906023902780994
8552,c,33.906023902780994,33.906023902780994
8553,t,33.906023902780994,33.906023902780994
8554,c,33.906023902780994,33.906023902780994
8555,t,33.906023902780994,33.906023902780994
8556,c,33.906023902780994,33.906023902780994
8557,c,33.906023902780994,33.906023902780994
8558,c,33.906023902780994,33.906023902780994
8559,c,33.906023902780994,33.906023902780994
8560,t,33.906023902780994,33.906023902780994
8561,c,33.906023902780994,33.906023902780994
8562,c,33.906023902780994,33.906023902780994
8563,t,33.906023902780994,33.906023902780994
8564,c,33.906023902780994,33.906023902780994
8565,t,33.906023902780994,33.906023902780994
8566,t,33.906023902780994,33.906023902780994
8567,t,33.906023902780994,33.906023902780994
8568,t,33.906023902780994,33.906023902780994
8569,t,33.906023902780994,33.906023902780994
8570,t,33.906023902780994,33.906023902780994
8571,c,33.906023902780994,33.906023902780994
8572,c,33.906023902780994,33.906023902780994
8573,c,33.906023902780994,33.906023902780994
8574,t,33.906023902780994,33.906023902780994
8575,t,33.906023902780994,33.906023902780994
8576,c,33.906023902780994,33.906023902780994
8577,t,33.906023902780994,33.906023902780994
8578,t,33.906023902780994,33.906023902780994
8579,c,33.906023902780994,33.906023902780994
8580,na,-1,0
8581,c,33.906023902780994,33.906023902780994
8582,c,33.906023902780994,33.906023902780994
8583,t,33.906023902780994,33.906023902780994
8584,c,33.906023902780994,33.906023902780994
8585,t,33.906023902780994,33.906023902780994
8586,t,33.906023902780994,33.906023902780994
8587,t,33.906023902780994,33.906023902780994
8588,t,33.906023902780994,33.906023902780994
8589,t,33.906023902780994,33.906023902780994
8590,t,33.906023902780994,33.906023902780994
8591,c,33.906023902780994,33.906023902780994
8592,c,33.906023902780994,33.906023902780994
8593,c,33.906023902780994,33.906023902780994
8594,c,33.906023902780994,33.906023902780994
8595,c,33.906023902780994,33.906023902780994
8596,t,33.906023902780994,33.906023902780994
8597,t,33.906023902780994,33.906023902780994
8598,t,33.906023902780994,33.906023902780994
8599,c,33.906023902780994,33.906023902780994
8600,t,33.906023902780994,33.906023902780994
8601,c,33.906023902780994,33.906023902780994
8602,c,33.906023902780994,33.906023902780994
8603,t,33.906023902780994,33.906023902780994
8604,c,33.906023902780994,33.906023902780994
8605,t,33.906023902780994,33.906023902780994
8606,c,33.906023902780994,33.906023902780994
8607,t,33.906023902780994,33.906023902780994
8608,c,33.906023902780994,33.906023902780994
8609,c,33.906023902780994,33.906023902780994
8610,t,33.906023902780994,33.906023902780994
8611,c,33.906023902780994,33.906023902780994
8612,t,33.906023902780994,33.906023902780994
8613,c,33.906023902780994,33.906023902780994
8614,c,33.906023902780994,33.906023902780994
8615,c,33.906023902780994,33.906023902780994
8616,t,33.906023902780994,33.906023902780994
8617,c,33.906023902780994,33.906023902780994
8618,c,33.906023902780994,33.906023902780994
8619,c,33.906023902780994,33.906023902780994
8620,c,33.906023902780994,33.906023902780994
8621,c,33.906023902780994,33.906023902780994
8622,t,33.906023902780994,33.906023902780994
8623,t,33.906023902780994,33.906023902780994
8624,c,33.906023902780994,33.906023902780994
8625,c,33.906023902780994,33.906023902780994
8626,c,33.906023902780994,33.906023902780994
8627,t,33.906023902780994,33.906023902780994
8628,c,33.906023902780994,33.906023902780994
8629,t,33.906023902780994,33.906023902780994
8630,t,33.906023902780994,33.906023902780994
8631,t,33.906023902780994,33.906023902780994
8632,c,33.906023902780994,33.906023902780994
8633,t,33.906023902780994,33.906023902780994
8634,c,33.906023902780994,33.906023902780994
8635,t,33.906023902780994,33.906023902780994
8636,t,33.906023902780994,33.906023902780994
8637,c,33.906023902780994,33.906023902780994
8638,c,33.906023902780994,33.906023902780994
8639,c,33.906023902780994,33.906023902780994
8640,t,33.906023902780994,33.906023902780994
8641,c,33.906023902780994,33.906023902780994
8642,c,33.906023902780994,33.906023902780994
8643,t,33.906023902780994,33.906023902780994
8644,c,33.906023902780994,33.906023902780994
8645,c,33.906023902780994,33.906023902780994
8646,c,33.906023902780994,33.906023902780994
8647,c,33.906023902780994,33.906023902780994
8648,t,33.906023902780994,33.906023902780994
8649,c,33.906023902780994,33.906023902780994
8650,c,33.906023902780994,33.906023902780994
8651,c,33.906023902780994,33.906023902780994
8652,c,33.906023902780994,33.906023902780994
8653,c,33.906023902780994,33.906023902780994
8654,t,33.906023902780994,33.906023902780994
8655,t,33.906023902780994,33.906023902780994
8656,c,33.906023902780994,33.906023902780994
8657,t,33.906023902780994,33.906023902780994
8658,t,33.906023902780994,33.906023902780994
8659,c,33.906023902780994,33.906023902780994
8660,na,0,1.0273515209201987
8661,t,33.906023902780994,33.906023902780994
8662,c,33.906023902780994,33.906023902780994
8663,c,33.906023902780994,33.906023902780994
8664,t,33.906023902780994,33.906023902780994
8665,t,33.906023902780994,33.906023902780994
8666,c,33.906023902780994,33.906023902780994
8667,c,33.906023902780994,33.906023902780994
8668,t,33.906023902780994,33.906023902780994
8669,c,33.906023902780994,33.906023902780994
8670,t,33.906023902780994,33.906023902780994
8671,t,33.906023902780994,33.906023902780994
8672,t,33.906023902780994,33.906023902780994
8673,c,33.906023902780994,33.906023902780994
8674,c,33.906023902780994,33.906023902780994
8675,t,33.906023902780994,33.906023902780994
8676,c,33.906023902780994,33.906023902780994
8677,t,33.906023902780994,33.906023902780994
8678,c,33.906023902780994,33.906023902780994
8679,c,33.906023902780994,33.906023902780994
8680,c,33.906023902780994,33.906023902780994
8681,c,33.906023902780994,33.906023902780994
8682,t,33.906023902780994,33.906023902780994
8683,t,33.906023902780994,33.906023902780994
8684,t,33.906023902780994,33.906023902780994
8685,c,33.906023902780994,33.906023902780994
8686,t,33.906023902780994,33.906023902780994
8687,c,33.906023902780994,33.906023902780994
8688,c,33.906023902780994,33.906023902780994
8689,c,33.906023902780994,33.906023902780994
8690,t,33.906023902780994,33.906023902780994
8691,c,33.906023902780994,33.906023902780994
8692,c,33.906023902780994,33.906023902780994
8693,t,33.906023902780994,33.906023902780994
8694,c,33.906023902780994,33.906023902780994
8695,t,33.906023902780994,33.906023902780994
8696,t,33.906023902780994,33.906023902780994
8697,t,33.906023902780994,33.906023902780994
8698,t,33.906023902780994,33.906023902780994
8699,c,33.906023902780994,33.906023902780994
8700,c,33.906023902780994,33.906023902780994
8701,t,33.906023902780994,33.906023902780994
8702,c,33.906023902780994,33.906023902780994
8703,t,33.906023902780994,33.906023902780994
8704,c,33.906023902780994,33.906023902780994
8705,t,33.906023902780994,33.906023902780994
8706,c,33.906023902780994,33.906023902780994
8707,t,33.906023902780994,33.906023902780994
8708,c,33.906023902780994,33.906023902780994
8709,t,33.906023902780994,33.906023902780994
8710,t,33.906023902780994,33.906023902780994
8711,t,33.906023902780994,33.906023902780994
8712,c,33.906023902780994,33.906023902780994
8713,c,33.906023902780994,33.906023902780994
8714,c,33.906023902780994,33.906023902780994
8715,t,33.906023902780994,33.906023902780994
8716,c,33.906023902780994,33.906023902780994
8717,c,33.906023902780994,33.906023902780994
8718,c,33.906023902780994,33.906023902780994
8719,c,33.906023902780994,33.906023902780994
8720,c,33.906023902780994,33.906023902780994
8721,c,33.906023902780994,33.906023902780994
8722,t,33.906023902780994,33.906023902780994
8723,c,33.906023902780994,33.906023902780994
8724,c,33.906023902780994,33.906023902780994
8725,t,33.906023902780994,33.906023902780994
8726,t,33.906023902780994,33.906023902780994
8727,t,33.906023902780994,33.906023902780994
8728,c,33.906023902780994,33.906023902780994
8729,c,33.906023902780994,33.906023902780994
8730,c,33.906023902780994,33.906023902780994
8731,c,33.906023902780994,33.906023902780994
8732,t,33.906023902780994,33.906023902780994
8733,t,33.906023902780994,33.906023902780994
8734,t,33.906023902780994,33.906023902780994
8735,t,33.906023902780994,33.906023902780994
8736,t,33.906023902780994,33.906023902780994
8737,t,33.906023902780994,33.906023902780994
8738,c,33.906023902780994,33.906023902780994
8739,t,33.906023902780994,33.906023902780994
8740,t,33.906023902780994,33.906023902780994
8741,c,33.906023902780994,33.906023902780994
8742,t,33.906023902780994,33.906023902780994
8743,c,33.906023902780994,33.906023902780994
8744,t,33.906023902780994,33.906023902780994
8745,t,33.906023902780994,33.906023902780994
8746,t,33.906023902780994,33.906023902780994
8747,c,33.906023902780994,33.906023902780994
8748,c,33.906023902780994,33.906023902780994
8749,t,33.906023902780994,33.906023902780994
8750,t,33.906023902780994,33.906023902780994
8751,t,33.906023902780994,33.906023902780994
8752,t,33.906023902780994,33.906023902780994
8753,c,33.906023902780994,33.906023902780994
8754,t,33.906023902780994,33.906023902780994
8755,t,33.906023902780994,33.906023902780994
8756,c,33.906023902780994,33.906023902780994
8757,t,33.906023902780994,33.906023902780994
8758,c,33.906023902780994,33.906023902780994
8759,c,33.906023902780994,33.906023902780994
8760,c,33.906023902780994,33.906023902780994
8761,c,33.906023902780994,33.906023902780994
8762,t,33.906023902780994,33.906023902780994
8763,c,33.906023902780994,33.906023902780994
8764,c,33.906023902780994,33.906023902780994
8765,c,33.906023902780994,33.906023902780994
8766,t,33.906023902780994,33.906023902780994
8767,t,33.906023902780994,33.906023902780994
8768,t,33.906023902780994,33.906023902780994
8769,t,33.906023902780994,33.906023902780994
8770,t,33.906023902780994,33.906023902780994
8771,t,33.906023902780994,33.906023902780994
8772,t,33.906023902780994,33.906023902780994
8773,t,33.906023902780994,33.906023902780994
8774,c,33.906023902780994,33.906023902780994
8775,c,33.906023902780994,33.906023902780994
8776,t,33.906023902780994,33.906023902780994
8777,c,33.906023902780994,33.906023902780994
8778,t,33.906023902780994,33.906023902780994
8779,t,33.906023902780994,33.906023902780994
8780,t,33.906023902780994,33.906023902780994
8781,c,33.906023902780994,33.906023902780994
8782,t,33.906023902780994,33.906023902780994
8783,c,33.906023902780994,33.906023902780994
8784,c,33.906023902780994,33.906023902780994
8785,t,33.906023902780994,33.906023902780994
8786,t,33.906023902780994,33.906023902780994
8787,c,33.906023902780994,33.906023902780994
8788,c,33.906023902780994,33.906023902780994
8789,t,33.906023902780994,33.906023902780994
8790,c,33.906023902780994,33.906023902780994
8791,c,33.906023902780994,33.906023902780994
8792,c,33.906023902780994,33.906023902780994
8793,t,33.906023902780994,33.906023902780994
8794,t,33.906023902780994,33.906023902780994
8795,c,33.906023902780994,33.906023902780994
8796,t,33.906023902780994,33.906023902780994
8797,c,33.906023902780994,33.906023902780994
8798,t,33.906023902780994,33.906023902780994
8799,t,33.906023902780994,33.906023902780994
8800,c,33.906023902780994,33.906023902780994
8801,t,33.906023902780994,33.906023902780994
8802,t,33.906023902780994,33.906023902780994
8803,c,33.906023902780994,33.906023902780994
8804,t,33.906023902780994,33.906023902780994
8805,c,33.906023902780994,33.906023902780994
8806,t,33.906023902780994,33.906023902780994
8807,c,33.906023902780994,33.906023902780994
8808,c,33.906023902780994,33.906023902780994
8809,c,33.906023902780994,33.906023902780994
8810,t,33.906023902780994,33.906023902780994
8811,c,33.906023902780994,33.906023902780994
8812,c,33.906023902780994,33.906023902780994
8813,c,33.906023902780994,33.906023902780994
8814,c,33.906023902780994,33.906023902780994
8815,c,33.906023902780994,33.906023902780994
8816,c,33.906023902780994,33.906023902780994
8817,c,33.906023902780994,33.906023902780994
8818,t,33.906023902780994,33.906023902780994
8819,t,33.906023902780994,33.906023902780994
8820,t,33.906023902780994,33.906023902780994
8821,c,33.906023902780994,33.906023902780994
8822,t,33.906023902780994,33.906023902780994
8823,c,33.906023902780994,33.906023902780994
8824,c,33.906023902780994,33.906023902780994
8825,c,33.906023902780994,33.906023902780994
8826,c,33.906023902780994,33.906023902780994
8827,t,33.906023902780994,33.906023902780994
8828,c,33.906023902780994,33.906023902780994
8829,c,33.906023902780994,33.906023902780994
8830,na,-1,0
8831,c,33.906023902780994,33.906023902780994
8832,c,33.906023902780994,33.906023902780994
8833,c,33.906023902780994,33.906023902780994
8834,t,33.906023902780994,33.906023902780994
8835,t,33.906023902780994,33.906023902780994
8836,t,33.906023902780994,33.906023902780994
8837,c,33.906023902780994,33.906023902780994
8838,c,33.906023902780994,33.906023902780994
8839,c,33.906023902780994,33.906023902780994
8840,c,33.906023902780994,33.906023902780994
8841,c,33.906023902780994,33.906023902780994
8842,t,33.906023902780994,33.906023902780994
8843,t,33.906023902780994,33.906023902780994
8844,t,33.906023902780994,33.906023902780994
8845,t,33.906023902780994,33.906023902780994
8846,t,33.906023902780994,33.906023902780994
8847,c,33.906023902780994,33.906023902780994
8848,t,33.906023902780994,33.906023902780994
8849,c,33.906023902780994,33.906023902780994
8850,t,33.906023902780994,33.906023902780994
8851,t,33.906023902780994,33.906023902780994
8852,t,33.906023902780994,33.906023902780994
8853,t,33.906023902780994,33.906023902780994
8854,c,33.906023902780994,33.906023902780994
8855,t,33.906023902780994,33.906023902780994
8856,c,33.906023902780994,33.906023902780994
8857,c,33.906023902780994,33.906023902780994
8858,t,33.906023902780994,33.906023902780994
8859,t,33.906023902780994,33.906023902780994
8860,t,33.906023902780994,33.906023902780994
8861,t,33.906023902780994,33.906023902780994
8862,t,33.906023902780994,33.906023902780994
8863,t,33.906023902780994,33.906023902780994
8864,t,33.906023902780994,33.906023902780994
8865,c,33.906023902780994,33.906023902780994
8866,c,33.906023902780994,33.906023902780994
8867,t,33.906023902780994,33.906023902780994
8868,c,33.906023902780994,33.906023902780994
8869,c,33.906023902780994,33.906023902780994
8870,t,33.906023902780994,33.906023902780994
8871,t,33.906023902780994,33.906023902780994
8872,c,33.906023902780994,33.906023902780994
8873,t,33.906023902780994,33.906023902780994
8874,t,33.906023902780994,33.906023902780994
8875,c,33.906023902780994,33.906023902780994
8876,c,33.906023902780994,33.906023902780994
8877,c,33.906023902780994,33.906023902780994
8878,t,33.906023902780994,33.906023902780994
8879,t,33.906023902780994,33.906023902780994
8880,t,33.906023902780994,33.906023902780994
8881,t,33.906023902780994,33.906023902780994
8882,t,33.906023902780994,33.906023902780994
8883,c,33.906023902780994,33.906023902780994
8884,t,33.906023902780994,33.906023902780994
8885,t,33.906023902780994,33.906023902780994
8886,t,33.906023902780994,33.906023902780994
8887,t,33.906023902780994,33.906023902780994
8888,c,33.906023902780994,33.906023902780994
8889,c,33.906023902780994,33.906023902780994
8890,c,33.906023902780994,33.906023902780994
8891,t,33.906023902780994,33.906023902780994
8892,c,33.906023902780994,33.906023902780994
8893,c,33.906023902780994,33.906023902780994
8894,t,33.906023902780994,33.906023902780994
8895,t,33.906023902780994,33.906023902780994
8896,t,33.906023902780994,33.906023902780994
8897,t,33.906023902780994,33.906023902780994
8898,c,33.906023902780994,33.906023902780994
8899,t,33.906023902780994,33.906023902780994
8900,t,33.906023902780994,33.906023902780994
8901,t,33.906023902780994,33.906023902780994
8902,c,33.906023902780994,33.906023902780994
8903,c,33.906023902780994,33.906023902780994
8904,t,33.906023902780994,33.906023902780994
8905,t,33.906023902780994,33.906023902780994
8906,t,33.906023902780994,33.906023902780994
8907,c,33.906023902780994,33.906023902780994
8908,t,33.906023902780994,33.906023902780994
8909,c,33.906023902780994,33.906023902780994
8910,t,33.906023902780994,33.906023902780994
8911,t,33.906023902780994,33.906023902780994
8912,c,33.906023902780994,33.906023902780994
8913,c,33.906023902780994,33.906023902780994
8914,t,33.906023902780994,33.906023902780994
8915,c,33.906023902780994,33.906023902780994
8916,c,33.906023902780994,33.906023902780994
8917,c,33.906023902780994,33.906023902780994
8918,t,33.906023902780994,33.906023902780994
8919,c,33.906023902780994,33.906023902780994
8920,t,33.906023902780994,33.906023902780994
8921,t,33.906023902780994,33.906023902780994
8922,t,33.906023902780994,33.906023902780994
8923,c,33.906023902780994,33.906023902780994
8924,t,33.906023902780994,33.906023902780994
8925,c,33.906023902780994,33.906023902780994
8926,t,33.906023902780994,33.906023902780994
8927,t,33.906023902780994,33.906023902780994
8928,t,33.906023902780994,33.906023902780994
8929,c,33.906023902780994,33.906023902780994
8930,t,33.906023902780994,33.906023902780994
8931,c,33.906023902780994,33.906023902780994
8932,t,33.906023902780994,33.906023902780994
8933,c,33.906023902780994,33.906023902780994
8934,t,33.906023902780994,33.906023902780994
8935,c,33.906023902780994,33.906023902780994
8936,c,33.906023902780994,33.906023902780994
8937,c,33.906023902780994,33.906023902780994
8938,c,33.906023902780994,33.906023902780994
8939,c,33.906023902780994,33.906023902780994
8940,t,33.906023902780994,33.906023902780994
8941,t,33.906023902780994,33.906023902780994
8942,t,33.906023902780994,33.906023902780994
8943,c,33.906023902780994,33.906023902780994
8944,t,33.906023902780994,33.906023902780994
8945,c,33.906023902780994,33.906023902780994
8946,c,33.906023902780994,33.906023902780994
8947,t,33.906023902780994,33.906023902780994
8948,t,33.906023902780994,33.906023902780994
8949,c,33.906023902780994,33.906023902780994
8950,c,33.906023902780994,33.906023902780994
8951,c,33.906023902780994,33.906023902780994
8952,t,33.906023902780994,33.906023902780994
8953,c,33.906023902780994,33.906023902780994
8954,t,33.906023902780994,33.906023902780994
8955,c,33.906023902780994,33.906023902780994
8956,c,33.906023902780994,33.906023902780994
8957,t,33.906023902780994,33.906023902780994
8958,c,33.906023902780994,33.906023902780994
8959,t,33.906023902780994,33.906023902780994
8960,c,33.906023902780994,33.906023902780994
8961,c,33.906023902780994,33.906023902780994
8962,c,33.906023902780994,33.906023902780994
8963,c,33.906023902780994,33.906023902780994
8964,t,33.906023902780994,33.906023902780994
8965,t,33.906023902780994,33.906023902780994
8966,t,33.906023902780994,33.906023902780994
8967,t,33.906023902780994,33.906023902780994
8968,na,1.378419391901442,4.719226717089566
8969,c,33.906023902780994,33.906023902780994
8970,t,33.906023902780994,33.906023902780994
8971,c,33.906023902780994,33.906023902780994
8972,c,33.906023902780994,33.906023902780994
8973,t,33.906023902780994,33.906023902780994
8974,t,33.906023902780994,33.906023902780994
8975,t,33.906023902780994,33.906023902780994
8976,c,33.906023902780994,33.906023902780994
8977,c,33.906023902780994,33.906023902780994
8978,c,33.906023902780994,33.906023902780994
8979,c,33.906023902780994,33.906023902780994
8980,t,33.906023902780994,33.906023902780994
8981,c,33.906023902780994,33.906023902780994
8982,t,33.906023902780994,33.906023902780994
8983,c,33.906023902780994,33.906023902780994
8984,t,33.906023902780994,33.906023902780994
8985,c,33.906023902780994,33.906023902780994
8986,c,33.906023902780994,33.906023902780994
8987,c,33.906023902780994,33.906023902780994
8988,t,33.906023902780994,33.906023902780994
8989,c,33.906023902780994,33.906023902780994
8990,t,33.906023902780994,33.906023902780994
8991,t,33.906023902780994,33.906023902780994
8992,c,33.906023902780994,33.906023902780994
8993,t,33.906023902780994,33.906023902780994
8994,c,33.906023902780994,33.906023902780994
8995,t,33.906023902780994,33.906023902780994
8996,c,33.906023902780994,33.906023902780994
8997,c,33.906023902780994,33.906023902780994
8998,c,33.906023902780994,33.906023902780994
8999,c,33.906023902780994,33.906023902780994
9000,c,33.906023902780994,33.906023902780994
9001,t,33.906023902780994,33.906023902780994
9002,t,33.906023902780994,33.906023902780994
9003,c,33.906023902780994,33.906023902780994
9004,c,33.906023902780994,33.906023902780994
9005,c,33.906023902780994,33.906023902780994
9006,t,33.906023902780994,33.906023902780994
9007,t,33.906023902780994,33.906023902780994
9008,t,33.906023902780994,33.906023902780994
9009,na,-1,0
9010,t,33.906023902780994,33.906023902780994
9011,c,33.906023902780994,33.906023902780994
9012,c,33.906023902780994,33.906023902780994
9013,t,33.906023902780994,33.906023902780994
9014,c,33.906023902780994,33.906023902780994
9015,t,33.906023902780994,33.906023902780994
9016,c,33.906023902780994,33.906023902780994
9017,c,33.906023902780994,33.906023902780994
9018,c,33.906023902780994,33.906023902780994
9019,t,33.906023902780994,33.906023902780994
9020,c,33.906023902780994,33.906023902780994
9021,t,33.906023902780994,33.906023902780994
9022,c,8.516501639798173,9.952226335954105
9023,t,33.906023902780994,33.906023902780994
9024,c,33.906023902780994,33.906023902780994
9025,t,33.906023902780994,33.906023902780994
9026,t,33.906023902780994,33.906023902780994
9027,t,33.906023902780994,33.906023902780994
9028,t,33.906023902780994,33.906023902780994
9029,t,33.906023902780994,33.906023902780994
9030,t,33.906023902780994,33.906023902780994
9031,c,33.906023902780994,33.906023902780994
9032,t,33.906023902780994,33.906023902780994
9033,c,33.906023902780994,33.906023902780994
9034,c,33.906023902780994,33.906023902780994
9035,c,33.906023902780994,33.906023902780994
9036,c,33.906023902780994,33.906023902780994
9037,c,33.906023902780994,33.906023902780994
9038,c,33.906023902780994,33.906023902780994
9039,c,33.906023902780994,33.906023902780994
9040,na,4.839749907810864,9.247915442477758
9041,c,33.906023902780994,33.906023902780994
9042,c,33.906023902780994,33.906023902780994
9043,c,33.906023902780994,33.906023902780994
9044,c,33.906023902780994,33.906023902780994
9045,c,33.906023902780994,33.906023902780994
9046,c,33.906023902780994,33.906023902780994
9047,t,33.906023902780994,33.906023902780994
9048,c,33.906023902780994,33.906023902780994
9049,c,33.906023902780994,33.906023902780994
9050,t,33.906023902780994,33.906023902780994
9051,c,33.906023902780994,33.906023902780994
9052,c,33.906023902780994,33.906023902780994
9053,c,33.906023902780994,33.906023902780994
9054,c,33.906023902780994,33.906023902780994
9055,c,33.906023902780994,33.906023902780994
9056,t,33.906023902780994,33.906023902780994
9057,c,33.906023902780994,33.906023902780994
9058,c,33.906023902780994,33.906023902780994
9059,c,33.906023902780994,33.906023902780994
9060,t,33.906023902780994,33.906023902780994
9061,t,33.906023902780994,33.906023902780994
9062,c,33.906023902780994,33.906023902780994
9063,c,33.906023902780994,33.906023902780994
9064,c,33.906023902780994,33.906023902780994
9065,c,33.906023902780994,33.906023902780994
9066,t,33.906023902780994,33.906023902780994
9067,t,33.906023902780994,33.906023902780994
9068,c,33.906023902780994,33.906023902780994
9069,c,33.906023902780994,33.906023902780994
9070,t,33.906023902780994,33.906023902780994
9071,t,33.906023902780994,33.906023902780994
9072,c,33.906023902780994,33.906023902780994
9073,t,33.906023902780994,33.906023902780994
9074,t,33.906023902780994,33.906023902780994
9075,t,33.906023902780994,33.906023902780994
9076,t,33.906023902780994,33.906023902780994
9077,c,33.906023902780994,33.906023902780994
9078,t,33.906023902780994,33.906023902780994
9079,t,33.906023902780994,33.906023902780994
9080,t,33.906023902780994,33.906023902780994
9081,c,33.906023902780994,33.906023902780994
9082,c,33.906023902780994,33.906023902780994
9083,t,33.906023902780994,33.906023902780994
9084,t,33.906023902780994,33.906023902780994
9085,c,33.906023902780994,33.906023902780994
9086,t,33.906023902780994,33.906023902780994
9087,t,33.906023902780994,33.906023902780994
9088,t,33.906023902780994,33.906023902780994
9089,t,33.906023902780994,33.906023902780994
9090,c,33.906023902780994,33.906023902780994
9091,t,33.906023902780994,33.906023902780994
9092,t,33.906023902780994,33.906023902780994
9093,c,33.906023902780994,33.906023902780994
9094,c,33.906023902780994,33.906023902780994
9095,c,33.906023902780994,33.906023902780994
9096,t,33.906023902780994,33.906023902780994
9097,c,33.906023902780994,33.906023902780994
9098,t,33.906023902780994,33.906023902780994
9099,t,33.906023902780994,33.906023902780994
9100,t,33.906023902780994,33.906023902780994
9101,t,33.906023902780994,33.906023902780994
9102,c,33.906023902780994,33.906023902780994
9103,c,33.906023902780994,33.906023902780994
9104,c,33.906023902780994,33.906023902780994
9105,t,33.906023902780994,33.906023902780994
9106,c,33.906023902780994,33.906023902780994
9107,c,33.906023902780994,33.906023902780994
9108,t,33.906023902780994,33.906023902780994
9109,c,33.906023902780994,33.906023902780994
9110,c,33.906023902780994,33.906023902780994
9111,t,33.906023902780994,33.906023902780994
9112,t,33.906023902780994,33.906023902780994
9113,c,33.906023902780994,33.906023902780994
9114,c,33.906023902780994,33.906023902780994
9115,c,33.906023902780994,33.906023902780994
9116,c,33.906023902780994,33.906023902780994
9117,c,33.906023902780994,33.906023902780994
9118,c,33.906023902780994,33.906023902780994
9119,c,33.906023902780994,33.906023902780994
9120,c,33.906023902780994,33.906023902780994
9121,t,33.906023902780994,33.906023902780994
9122,t,33.906023902780994,33.906023902780994
9123,t,33.906023902780994,33.906023902780994
9124,t,33.906023902780994,33.906023902780994
9125,c,33.906023902780994,33.906023902780994
9126,c,33.906023902780994,33.906023902780994
9127,c,33.906023902780994,33.906023902780994
9128,t,33.906023902780994,33.906023902780994
9129,t,33.906023902780994,33.906023902780994
9130,c,33.906023902780994,33.906023902780994
9131,c,33.906023902780994,33.906023902780994
9132,c,33.906023902780994,33.906023902780994
9133,c,33.906023902780994,33.906023902780994
9134,c,33.906023902780994,33.906023902780994
9135,t,33.906023902780994,33.906023902780994
9136,t,33.906023902780994,33.906023902780994
9137,t,33.906023902780994,33.906023902780994
9138,c,33.906023902780994,33.906023902780994
9139,c,33.906023902780994,33.906023902780994
9140,t,33.906023902780994,33.906023902780994
9141,t,33.906023902780994,33.906023902780994
9142,c,33.906023902780994,33.906023902780994
9143,c,33.906023902780994,33.906023902780994
9144,t,33.906023902780994,33.906023902780994
9145,t,33.906023902780994,33.906023902780994
9146,c,33.906023902780994,33.906023902780994
9147,t,33.906023902780994,33.906023902780994
9148,c,33.906023902780994,33.906023902780994
9149,c,33.906023902780994,33.906023902780994
9150,t,33.906023902780994,33.906023902780994
9151,c,33.906023902780994,33.906023902780994
9152,c,33.906023902780994,33.906023902780994
9153,c,33.906023902780994,33.906023902780994
9154,c,33.906023902780994,33.906023902780994
9155,t,33.906023902780994,33.906023902780994
9156,t,33.906023902780994,33.906023902780994
9157,t,33.906023902780994,33.906023902780994
9158,c,33.906023902780994,33.906023902780994
9159,t,33.906023902780994,33.906023902780994
9160,c,33.906023902780994,33.906023902780994
9161,c,33.906023902780994,33.906023902780994
9162,t,33.906023902780994,33.906023902780994
9163,t,33.906023902780994,33.906023902780994
9164,c,33.906023902780994,33.906023902780994
9165,na,2.0502756264094666,4.942843058867179
9166,t,33.906023902780994,33.906023902780994
9167,c,33.906023902780994,33.906023902780994
9168,t,33.906023902780994,33.906023902780994
9169,t,33.906023902780994,33.906023902780994
9170,c,33.906023902780994,33.906023902780994
9171,c,33.906023902780994,33.906023902780994
9172,c,33.906023902780994,33.906023902780994
9173,t,33.906023902780994,33.906023902780994
9174,t,33.906023902780994,33.906023902780994
9175,t,33.906023902780994,33.906023902780994
9176,t,33.906023902780994,33.906023902780994
9177,t,33.906023902780994,33.906023902780994
9178,c,33.906023902780994,33.906023902780994
9179,t,33.906023902780994,33.906023902780994
9180,c,33.906023902780994,33.906023902780994
9181,t,33.906023902780994,33.906023902780994
9182,t,33.906023902780994,33.906023902780994
9183,c,33.906023902780994,33.906023902780994
9184,c,33.906023902780994,33.906023902780994
9185,t,33.906023902780994,33.906023902780994
9186,c,33.906023902780994,33.906023902780994
9187,t,33.906023902780994,33.906023902780994
9188,t,33.906023902780994,33.906023902780994
9189,c,33.906023902780994,33.906023902780994
9190,t,33.906023902780994,33.906023902780994
9191,c,33.906023902780994,33.906023902780994
9192,t,33.906023902780994,33.906023902780994
9193,t,33.906023902780994,33.906023902780994
9194,c,33.906023902780994,33.906023902780994
9195,c,33.906023902780994,33.906023902780994
9196,c,33.906023902780994,33.906023902780994
9197,c,33.906023902780994,33.906023902780994
9198,c,33.906023902780994,33.906023902780994
9199,t,33.906023902780994,33.906023902780994
9200,t,33.906023902780994,33.906023902780994
9201,c,33.906023902780994,33.906023902780994
9202,t,33.906023902780994,33.906023902780994
9203,t,33.906023902780994,33.906023902780994
9204,c,33.906023902780994,33.906023902780994
9205,t,33.906023902780994,33.906023902780994
9206,t,33.906023902780994,33.906023902780994
9207,t,33.906023902780994,33.906023902780994
9208,c,33.906023902780994,33.906023902780994
9209,c,33.906023902780994,33.906023902780994
9210,c,33.906023902780994,33.906023902780994
9211,c,33.906023902780994,33.906023902780994
9212,c,33.906023902780994,33.906023902780994
9213,c,33.906023902780994,33.906023902780994
9214,t,33.906023902780994,33.906023902780994
9215,c,33.906023902780994,33.906023902780994
9216,t,33.906023902780994,33.906023902780994
9217,t,33.906023902780994,33.906023902780994
9218,c,33.906023902780994,33.906023902780994
9219,c,33.906023902780994,33.906023902780994
9220,c,33.906023902780994,33.906023902780994
9221,c,33.906023902780994,33.906023902780994
9222,t,33.906023902780994,33.906023902780994
9223,t,33.906023902780994,33.906023902780994
9224,t,33.906023902780994,33.906023902780994
9225,c,33.906023902780994,33.906023902780994
9226,c,33.906023902780994,33.906023902780994
9227,na,-1,0
9228,c,33.906023902780994,33.906023902780994
9229,c,33.906023902780994,33.906023902780994
9230,c,33.906023902780994,33.906023902780994
9231,t,33.906023902780994,33.906023902780994
9232,c,33.906023902780994,33.906023902780994
9233,c,33.906023902780994,33.906023902780994
9234,c,33.906023902780994,33.906023902780994
9235,c,33.906023902780994,33.906023902780994
9236,c,33.906023902780994,33.906023902780994
9237,c,33.906023902780994,33.906023902780994
9238,c,33.906023902780994,33.906023902780994
9239,t,33.906023902780994,33.906023902780994
9240,c,33.906023902780994,33.906023902780994
9241,t,33.906023902780994,33.906023902780994
9242,c,33.906023902780994,33.906023902780994
9243,c,33.906023902780994,33.906023902780994
9244,t,33.906023902780994,33.906023902780994
9245,t,33.906023902780994,33.906023902780994
9246,c,33.906023902780994,33.906023902780994
9247,c,33.906023902780994,33.906023902780994
9248,c,33.906023902780994,33.906023902780994
9249,c,33.906023902780994,33.906023902780994
9250,c,33.906023902780994,33.906023902780994
9251,t,33.906023902780994,33.906023902780994
9252,c,33.906023902780994,33.906023902780994
9253,c,33.906023902780994,33.906023902780994
9254,t,33.906023902780994,33.906023902780994
9255,c,33.906023902780994,33.906023902780994
9256,c,33.906023902780994,33.906023902780994
9257,t,33.906023902780994,33.906023902780994
9258,c,33.906023902780994,33.906023902780994
9259,c,33.906023902780994,33.906023902780994
9260,t,33.906023902780994,33.906023902780994
9261,t,33.906023902780994,33.906023902780994
9262,t,33.906023902780994,33.906023902780994
9263,t,33.906023902780994,33.906023902780994
9264,t,33.906023902780994,33.906023902780994
9265,t,33.906023902780994,33.906023902780994
9266,c,33.906023902780994,33.906023902780994
9267,c,33.906023902780994,33.906023902780994
9268,c,33.906023902780994,33.906023902780994
9269,t,33.906023902780994,33.906023902780994
9270,t,33.906023902780994,33.906023902780994
9271,t,33.906023902780994,33.906023902780994
9272,t,33.906023902780994,33.906023902780994
9273,t,33.906023902780994,33.906023902780994
9274,t,33.906023902780994,33.906023902780994
9275,c,33.906023902780994,33.906023902780994
9276,c,33.906023902780994,33.906023902780994
9277,t,33.906023902780994,33.906023902780994
9278,c,33.906023902780994,33.906023902780994
9279,t,33.906023902780994,33.906023902780994
9280,t,33.906023902780994,33.906023902780994
9281,t,33.906023902780994,33.906023902780994
9282,t,33.906023902780994,33.906023902780994
9283,c,33.906023902780994,33.906023902780994
9284,c,33.906023902780994,33.906023902780994
9285,c,33.906023902780994,33.906023902780994
9286,t,33.906023902780994,33.906023902780994
9287,c,33.906023902780994,33.906023902780994
9288,c,33.906023902780994,33.906023902780994
9289,t,33.906023902780994,33.906023902780994
9290,c,33.906023902780994,33.906023902780994
9291,na,33.906023902780994,33.906023902780994
9292,c,33.906023902780994,33.906023902780994
9293,t,33.906023902780994,33.906023902780994
9294,t,33.906023902780994,33.906023902780994
9295,t,33.906023902780994,33.906023902780994
9296,c,33.906023902780994,33.906023902780994
9297,c,33.906023902780994,33.906023902780994
9298,t,33.906023902780994,33.906023902780994
9299,t,33.906023902780994,33.906023902780994
9300,t,33.906023902780994,33.906023902780994
9301,t,33.906023902780994,33.906023902780994
9302,t,33.906023902780994,33.906023902780994
9303,t,33.906023902780994,33.906023902780994
9304,c,33.906023902780994,33.906023902780994
9305,c,33.906023902780994,33.906023902780994
9306,t,33.906023902780994,33.906023902780994
9307,c,33.906023902780994,33.906023902780994
9308,t,33.906023902780994,33.906023902780994
9309,c,33.906023902780994,33.906023902780994
9310,t,33.906023902780994,33.906023902780994
9311,t,33.906023902780994,33.906023902780994
9312,c,33.906023902780994,33.906023902780994
9313,t,33.906023902780994,33.906023902780994
9314,t,33.906023902780994,33.906023902780994
9315,t,33.906023902780994,33.906023902780994
9316,t,33.906023902780994,33.906023902780994
9317,t,33.906023902780994,33.906023902780994
9318,t,33.906023902780994,33.906023902780994
9319,t,33.906023902780994,33.906023902780994
9320,t,33.906023902780994,33.906023902780994
9321,t,33.906023902780994,33.906023902780994
9322,c,33.906023902780994,33.906023902780994
9323,t,33.906023902780994,33.906023902780994
9324,t,33.906023902780994,33.906023902780994
9325,c,33.906023902780994,33.906023902780994
9326,t,33.906023902780994,33.906023902780994
9327,t,33.906023902780994,33.906023902780994
9328,c,33.906023902780994,33.906023902780994
9329,t,33.906023902780994,33.906023902780994
9330,t,33.906023902780994,33.906023902780994
9331,c,33.906023902780994,33.906023902780994
9332,t,33.906023902780994,33.906023902780994
9333,t,33.906023902780994,33.906023902780994
9334,t,33.906023902780994,33.906023902780994
9335,c,33.906023902780994,33.906023902780994
9336,c,33.906023902780994,33.906023902780994
9337,na,-1,0
9338,t,33.906023902780994,33.906023902780994
9339,c,33.906023902780994,33.906023902780994
9340,t,33.906023902780994,33.906023902780994
9341,t,33.906023902780994,33.906023902780994
9342,c,33.906023902780994,33.906023902780994
9343,c,33.906023902780994,33.906023902780994
9344,c,33.906023902780994,33.906023902780994
9345,c,33.906023902780994,33.906023902780994
9346,c,33.906023902780994,33.906023902780994
9347,c,33.906023902780994,33.906023902780994
9348,c,33.906023902780994,33.906023902780994
9349,t,33.906023902780994,33.906023902780994
9350,c,33.906023902780994,33.906023902780994
9351,c,33.906023902780994,33.906023902780994
9352,t,33.906023902780994,33.906023902780994
9353,t,33.906023902780994,33.906023902780994
9354,c,33.906023902780994,33.906023902780994
9355,t,33.906023902780994,33.906023902780994
9356,t,33.906023902780994,33.906023902780994
9357,t,33.906023902780994,33.906023902780994
9358,c,33.906023902780994,33.906023902780994
9359,c,33.906023902780994,33.906023902780994
9360,c,33.906023902780994,33.906023902780994
9361,t,33.906023902780994,33.906023902780994
9362,t,33.906023902780994,33.906023902780994
9363,c,33.906023902780994,33.906023902780994
9364,t,33.906023902780994,33.906023902780994
9365,c,33.906023902780994,33.906023902780994
9366,c,33.906023902780994,33.906023902780994
9367,c,33.906023902780994,33.906023902780994
9368,c,33.906023902780994,33.906023902780994
9369,c,33.906023902780994,33.906023902780994
9370,t,33.906023902780994,33.906023902780994
9371,t,33.906023902780994,33.906023902780994
9372,c,33.906023902780994,33.906023902780994
9373,c,33.906023902780994,33.906023902780994
9374,c,33.906023902780994,33.906023902780994
9375,c,33.906023902780994,33.906023902780994
9376,t,33.906023902780994,33.906023902780994
9377,t,33.906023902780994,33.906023902780994
9378,c,33.906023902780994,33.906023902780994
9379,t,33.906023902780994,33.906023902780994
9380,t,33.906023902780994,33.906023902780994
9381,t,33.906023902780994,33.906023902780994
9382,t,33.906023902780994,33.906023902780994
9383,t,33.906023902780994,33.906023902780994
9384,c,33.906023902780994,33.906023902780994
9385,t,33.906023902780994,33.906023902780994
9386,t,33.906023902780994,33.906023902780994
9387,c,33.906023902780994,33.906023902780994
9388,c,33.906023902780994,33.906023902780994
9389,t,33.906023902780994,33.906023902780994
9390,c,33.906023902780994,33.906023902780994
9391,c,33.906023902780994,33.906023902780994
9392,c,33.906023902780994,33.906023902780994
9393,c,33.906023902780994,33.906023902780994
9394,c,33.906023902780994,33.906023902780994
9395,c,33.906023902780994,33.906023902780994
9396,t,33.906023902780994,33.906023902780994
9397,t,33.906023902780994,33.906023902780994
9398,t,33.906023902780994,33.906023902780994
9399,c,33.906023902780994,33.906023902780994
9400,t,33.906023902780994,33.906023902780994
9401,t,33.906023902780994,33.906023902780994
9402,c,33.906023902780994,33.906023902780994
9403,t,33.906023902780994,33.906023902780994
9404,c,33.906023902780994,33.906023902780994
9405,c,33.906023902780994,33.906023902780994
9406,t,33.906023902780994,33.906023902780994
9407,t,33.906023902780994,33.906023902780994
9408,c,33.906023902780994,33.906023902780994
9409,c,33.906023902780994,33.906023902780994
9410,t,33.906023902780994,33.906023902780994
9411,c,33.906023902780994,33.906023902780994
9412,c,33.906023902780994,33.906023902780994
9413,c,33.906023902780994,33.906023902780994
9414,c,33.906023902780994,33.906023902780994
9415,t,33.906023902780994,33.906023902780994
9416,c,33.906023902780994,33.906023902780994
9417,c,33.906023902780994,33.906023902780994
9418,c,33.906023902780994,33.906023902780994
9419,c,33.906023902780994,33.906023902780994
9420,t,33.906023902780994,33.906023902780994
9421,t,33.906023902780994,33.906023902780994
9422,t,33.906023902780994,33.906023902780994
9423,t,33.906023902780994,33.906023902780994
9424,c,33.906023902780994,33.906023902780994
9425,c,33.906023902780994,33.906023902780994
9426,c,33.906023902780994,33.906023902780994
9427,c,33.906023902780994,33.906023902780994
9428,c,33.906023902780994,33.906023902780994
9429,t,33.906023902780994,33.906023902780994
9430,t,33.906023902780994,33.906023902780994
9431,t,33.906023902780994,33.906023902780994
9432,c,33.906023902780994,33.906023902780994
9433,c,33.906023902780994,33.906023902780994
9434,t,33.906023902780994,33.906023902780994
9435,t,33.906023902780994,33.906023902780994
9436,t,33.906023902780994,33.906023902780994
9437,c,33.906023902780994,33.906023902780994
9438,t,33.906023902780994,33.906023902780994
9439,t,33.906023902780994,33.906023902780994
9440,c,33.906023902780994,33.906023902780994
9441,t,33.906023902780994,33.906023902780994
9442,c,33.906023902780994,33.906023902780994
9443,c,33.906023902780994,33.906023902780994
9444,t,33.906023902780994,33.906023902780994
9445,c,33.906023902780994,33.906023902780994
9446,c,33.906023902780994,33.906023902780994
9447,t,33.906023902780994,33.906023902780994
9448,t,33.906023902780994,33.906023902780994
9449,c,33.906023902780994,33.906023902780994
9450,c,33.906023902780994,33.906023902780994
9451,c,33.906023902780994,33.906023902780994
9452,t,33.906023902780994,33.906023902780994
9453,c,33.906023902780994,33.906023902780994
9454,t,33.906023902780994,33.906023902780994
9455,t,33.906023902780994,33.906023902780994
9456,c,16.92897159563407,19.67320892399251
9457,t,33.906023902780994,33.906023902780994
9458,t,33.906023902780994,33.906023902780994
9459,t,33.906023902780994,33.906023902780994
9460,c,33.906023902780994,33.906023902780994
9461,c,33.906023902780994,33.906023902780994
9462,t,33.906023902780994,33.906023902780994
9463,t,33.906023902780994,33.906023902780994
9464,c,33.906023902780994,33.906023902780994
9465,t,33.906023902780994,33.906023902780994
9466,t,33.906023902780994,33.906023902780994
9467,t,33.906023902780994,33.906023902780994
9468,c,33.906023902780994,33.906023902780994
9469,t,33.906023902780994,33.906023902780994
9470,c,33.906023902780994,33.906023902780994
9471,c,7.611354433385123,8.51930723372606
9472,c,33.906023902780994,33.906023902780994
9473,t,33.906023902780994,33.906023902780994
9474,c,33.906023902780994,33.906023902780994
9475,c,33.906023902780994,33.906023902780994
9476,t,33.906023902780994,33.906023902780994
9477,t,33.906023902780994,33.906023902780994
9478,c,33.906023902780994,33.906023902780994
9479,t,33.906023902780994,33.906023902780994
9480,t,33.906023902780994,33.906023902780994
9481,t,33.906023902780994,33.906023902780994
9482,t,33.906023902780994,33.906023902780994
9483,c,33.906023902780994,33.906023902780994
9484,c,33.906023902780994,33.906023902780994
9485,c,33.906023902780994,33.906023902780994
9486,t,33.906023902780994,33.906023902780994
9487,c,33.906023902780994,33.906023902780994
9488,c,33.906023902780994,33.906023902780994
9489,t,33.906023902780994,33.906023902780994
9490,t,33.906023902780994,33.906023902780994
9491,t,33.906023902780994,33.906023902780994
9492,c,33.906023902780994,33.906023902780994
9493,t,33.906023902780994,33.906023902780994
9494,c,33.906023902780994,33.906023902780994
9495,t,33.906023902780994,33.906023902780994
9496,c,33.906023902780994,33.906023902780994
9497,t,33.906023902780994,33.906023902780994
9498,t,33.906023902780994,33.906023902780994
9499,t,33.906023902780994,33.906023902780994
9500,c,33.906023902780994,33.906023902780994
9501,t,33.906023902780994,33.906023902780994
9502,c,33.906023902780994,33.906023902780994
9503,t,33.906023902780994,33.906023902780994
9504,t,33.906023902780994,33.906023902780994
9505,c,33.906023902780994,33.906023902780994
9506,t,33.906023902780994,33.906023902780994
9507,t,33.906023902780994,33.906023902780994
9508,c,33.906023902780994,33.906023902780994
9509,t,33.906023902780994,33.906023902780994
9510,t,33.906023902780994,33.906023902780994
9511,c,33.906023902780994,33.906023902780994
9512,t,33.906023902780994,33.906023902780994
9513,c,33.906023902780994,33.906023902780994
9514,c,33.906023902780994,33.906023902780994
9515,t,33.906023902780994,33.906023902780994
9516,c,33.906023902780994,33.906023902780994
9517,c,33.906023902780994,33.906023902780994
9518,t,33.906023902780994,33.906023902780994
9519,c,33.906023902780994,33.906023902780994
9520,c,33.906023902780994,33.906023902780994
9521,c,33.906023902780994,33.906023902780994
9522,t,33.906023902780994,33.906023902780994
9523,c,33.906023902780994,33.906023902780994
9524,c,33.906023902780994,33.906023902780994
9525,c,33.906023902780994,33.906023902780994
9526,c,33.906023902780994,33.906023902780994
9527,t,33.906023902780994,33.906023902780994
9528,t,33.906023902780994,33.906023902780994
9529,c,33.906023902780994,33.906023902780994
9530,t,33.906023902780994,33.906023902780994
9531,c,33.906023902780994,33.906023902780994
9532,c,33.906023902780994,33.906023902780994
9533,t,33.906023902780994,33.906023902780994
9534,c,33.906023902780994,33.906023902780994
9535,t,33.906023902780994,33.906023902780994
9536,t,33.906023902780994,33.906023902780994
9537,t,33.906023902780994,33.906023902780994
9538,c,33.906023902780994,33.906023902780994
9539,t,33.906023902780994,33.906023902780994
9540,t,33.906023902780994,33.906023902780994
9541,c,33.906023902780994,33.906023902780994
9542,t,33.906023902780994,33.906023902780994
9543,t,33.906023902780994,33.906023902780994
9544,t,33.906023902780994,33.906023902780994
9545,c,33.906023902780994,33.906023902780994
9546,t,33.906023902780994,33.906023902780994
9547,t,33.906023902780994,33.906023902780994
9548,t,33.906023902780994,33.906023902780994
9549,c,33.906023902780994,33.906023902780994
9550,t,33.906023902780994,33.906023902780994
9551,t,33.906023902780994,33.906023902780994
9552,c,33.906023902780994,33.906023902780994
9553,t,33.906023902780994,33.906023902780994
9554,c,33.906023902780994,33.906023902780994
9555,c,33.906023902780994,33.906023902780994
9556,t,33.906023902780994,33.906023902780994
9557,t,33.906023902780994,33.906023902780994
9558,c,33.906023902780994,33.906023902780994
9559,c,33.906023902780994,33.906023902780994
9560,t,33.906023902780994,33.906023902780994
9561,c,33.906023902780994,33.906023902780994
9562,c,33.906023902780994,33.906023902780994
9563,c,33.906023902780994,33.906023902780994
9564,t,33.906023902780994,33.906023902780994
9565,c,33.906023902780994,33.906023902780994
9566,t,33.906023902780994,33.906023902780994
9567,c,33.906023902780994,33.906023902780994
9568,t,33.906023902780994,33.906023902780994
9569,c,33.906023902780994,33.906023902780994
9570,t,33.906023902780994,33.906023902780994
9571,t,33.906023902780994,33.906023902780994
9572,t,33.906023902780994,33.906023902780994
9573,c,33.906023902780994,33.906023902780994
9574,c,33.906023902780994,33.906023902780994
9575,t,33.906023902780994,33.906023902780994
9576,c,33.906023902780994,33.906023902780994
9577,t,33.906023902780994,33.906023902780994
9578,t,33.906023902780994,33.906023902780994
9579,t,33.906023902780994,33.906023902780994
9580,c,33.906023902780994,33.906023902780994
9581,c,33.906023902780994,33.906023902780994
9582,t,33.906023902780994,33.906023902780994
9583,c,33.906023902780994,33.906023902780994
9584,t,33.906023902780994,33.906023902780994
9585,c,8.217789376204166,10.331657741168982
9586,c,33.906023902780994,33.906023902780994
9587,c,33.906023902780994,33.906023902780994
9588,c,33.906023902780994,33.906023902780994
9589,t,33.906023902780994,33.906023902780994
9590,c,33.906023902780994,33.906023902780994
9591,c,33.906023902780994,33.906023902780994
9592,c,33.906023902780994,33.906023902780994
9593,c,33.906023902780994,33.906023902780994
9594,t,33.906023902780994,33.906023902780994
9595,c,33.906023902780994,33.906023902780994
9596,t,33.906023902780994,33.906023902780994
9597,t,33.906023902780994,33.906023902780994
9598,c,33.906023902780994,33.906023902780994
9599,t,33.906023902780994,33.906023902780994
9600,t,33.906023902780994,33.906023902780994
9601,t,33.906023902780994,33.906023902780994
9602,t,33.906023902780994,33.906023902780994
9603,c,33.906023902780994,33.906023902780994
9604,t,33.906023902780994,33.906023902780994
9605,c,33.906023902780994,33.906023902780994
9606,t,33.906023902780994,33.906023902780994
9607,t,33.906023902780994,33.906023902780994
9608,t,33.906023902780994,33.906023902780994
9609,c,33.906023902780994,33.906023902780994
9610,c,33.906023902780994,33.906023902780994
9611,c,33.906023902780994,33.906023902780994
9612,c,33.906023902780994,33.906023902780994
9613,t,33.906023902780994,33.906023902780994
9614,c,33.906023902780994,33.906023902780994
9615,t,33.906023902780994,33.906023902780994
9616,t,33.906023902780994,33.906023902780994
9617,c,33.906023902780994,33.906023902780994
9618,t,33.906023902780994,33.906023902780994
9619,c,33.906023902780994,33.906023902780994
9620,t,33.906023902780994,33.906023902780994
9621,c,33.906023902780994,33.906023902780994
9622,c,33.906023902780994,33.906023902780994
9623,c,33.906023902780994,33.906023902780994
9624,c,33.906023902780994,33.906023902780994
9625,t,33.906023902780994,33.906023902780994
9626,c,33.906023902780994,33.906023902780994
9627,t,33.906023902780994,33.906023902780994
9628,c,33.906023902780994,33.906023902780994
9629,t,33.906023902780994,33.906023902780994
9630,c,33.906023902780994,33.906023902780994
9631,c,33.906023902780994,33.906023902780994
9632,c,33.906023902780994,33.906023902780994
9633,t,33.906023902780994,33.906023902780994
9634,c,33.906023902780994,33.906023902780994
9635,c,33.906023902780994,33.906023902780994
9636,t,33.906023902780994,33.906023902780994
9637,c,33.906023902780994,33.906023902780994
9638,t,33.906023902780994,33.906023902780994
9639,c,33.906023902780994,33.906023902780994
9640,t,33.906023902780994,33.906023902780994
9641,c,33.906023902780994,33.906023902780994
9642,c,33.906023902780994,33.906023902780994
9643,c,33.906023902780994,33.906023902780994
9644,c,33.906023902780994,33.906023902780994
9645,c,33.906023902780994,33.906023902780994
9646,t,33.906023902780994,33.906023902780994
9647,c,33.906023902780994,33.906023902780994
9648,t,33.906023902780994,33.906023902780994
9649,c,33.906023902780994,33.906023902780994
9650,t,33.906023902780994,33.906023902780994
9651,c,33.906023902780994,33.906023902780994
9652,c,33.906023902780994,33.906023902780994
9653,t,33.906023902780994,33.906023902780994
9654,t,33.906023902780994,33.906023902780994
9655,t,33.906023902780994,33.906023902780994
9656,c,33.906023902780994,33.906023902780994
9657,t,33.906023902780994,33.906023902780994
9658,t,33.906023902780994,33.906023902780994
9659,c,33.906023902780994,33.906023902780994
9660,c,33.906023902780994,33.906023902780994
9661,c,33.906023902780994,33.906023902780994
9662,t,33.906023902780994,33.906023902780994
9663,t,33.906023902780994,33.906023902780994
9664,t,33.906023902780994,33.906023902780994
9665,t,33.906023902780994,33.906023902780994
9666,t,33.906023902780994,33.906023902780994
9667,t,33.906023902780994,33.906023902780994
9668,t,33.906023902780994,33.906023902780994
9669,t,33.906023902780994,33.906023902780994
9670,t,33.906023902780994,33.906023902780994
9671,c,33.906023902780994,33.906023902780994
9672,t,33.906023902780994,33.906023902780994
9673,c,33.906023902780994,33.906023902780994
9674,c,33.906023902780994,33.906023902780994
9675,c,33.906023902780994,33.906023902780994
9676,c,33.906023902780994,33.906023902780994
9677,t,33.906023902780994,33.906023902780994
9678,t,33.906023902780994,33.906023902780994
9679,c,33.906023902780994,33.906023902780994
9680,c,33.906023902780994,33.906023902780994
9681,t,33.906023902780994,33.906023902780994
9682,c,33.906023902780994,33.906023902780994
9683,c,33.906023902780994,33.906023902780994
9684,t,33.906023902780994,33.906023902780994
9685,c,33.906023902780994,33.906023902780994
9686,c,33.906023902780994,33.906023902780994
9687,c,33.906023902780994,33.906023902780994
9688,c,33.906023902780994,33.906023902780994
9689,c,33.906023902780994,33.906023902780994
9690,t,33.906023902780994,33.906023902780994
9691,t,33.906023902780994,33.906023902780994
9692,c,33.906023902780994,33.906023902780994
9693,c,33.906023902780994,33.906023902780994
9694,c,33.906023902780994,33.906023902780994
9695,c,33.906023902780994,33.906023902780994
9696,t,33.906023902780994,33.906023902780994
9697,t,33.906023902780994,33.906023902780994
9698,t,33.906023902780994,33.906023902780994
9699,t,33.906023902780994,33.906023902780994
9700,t,33.906023902780994,33.906023902780994
9701,t,33.906023902780994,33.906023902780994
9702,t,33.906023902780994,33.906023902780994
9703,c,33.906023902780994,33.906023902780994
9704,t,33.906023902780994,33.906023902780994
9705,c,33.906023902780994,33.906023902780994
9706,c,33.906023902780994,33.906023902780994
9707,t,33.906023902780994,33.906023902780994
9708,c,33.906023902780994,33.906023902780994
9709,c,33.906023902780994,33.906023902780994
9710,c,33.906023902780994,33.906023902780994
9711,t,33.906023902780994,33.906023902780994
9712,t,33.906023902780994,33.906023902780994
9713,t,33.906023902780994,33.906023902780994
9714,c,33.906023902780994,33.906023902780994
9715,c,33.906023902780994,33.906023902780994
9716,t,33.906023902780994,33.906023902780994
9717,c,33.906023902780994,33.906023902780994
9718,t,33.906023902780994,33.906023902780994
9719,t,33.906023902780994,33.906023902780994
9720,c,33.906023902780994,33.906023902780994
9721,t,33.906023902780994,33.906023902780994
9722,t,33.906023902780994,33.906023902780994
9723,c,33.906023902780994,33.906023902780994
9724,c,33.906023902780994,33.906023902780994
9725,c,33.906023902780994,33.906023902780994
9726,t,33.906023902780994,33.906023902780994
9727,t,33.906023902780994,33.906023902780994
9728,t,33.906023902780994,33.906023902780994
9729,c,33.906023902780994,33.906023902780994
9730,c,33.906023902780994,33.906023902780994
9731,c,33.906023902780994,33.906023902780994
9732,c,33.906023902780994,33.906023902780994
9733,t,33.906023902780994,33.906023902780994
9734,t,33.906023902780994,33.906023902780994
9735,c,33.906023902780994,33.906023902780994
9736,t,33.906023902780994,33.906023902780994
9737,t,33.906023902780994,33.906023902780994
9738,t,33.906023902780994,33.906023902780994
9739,t,33.906023902780994,33.906023902780994
9740,c,33.906023902780994,33.906023902780994
9741,c,33.906023902780994,33.906023902780994
9742,t,33.906023902780994,33.906023902780994
9743,t,33.906023902780994,33.906023902780994
9744,c,33.906023902780994,33.906023902780994
9745,c,33.906023902780994,33.906023902780994
9746,c,33.906023902780994,33.906023902780994
9747,t,33.906023902780994,33.906023902780994
9748,t,33.906023902780994,33.906023902780994
9749,c,33.906023902780994,33.906023902780994
9750,c,33.906023902780994,33.906023902780994
9751,c,33.906023902780994,33.906023902780994
9752,t,33.906023902780994,33.906023902780994
9753,c,33.906023902780994,33.906023902780994
9754,c,33.906023902780994,33.906023902780994
9755,c,33.906023902780994,33.906023902780994
9756,c,33.906023902780994,33.906023902780994
9757,c,33.906023902780994,33.906023902780994
9758,c,33.906023902780994,33.906023902780994
9759,t,33.906023902780994,33.906023902780994
9760,t,33.906023902780994,33.906023902780994
9761,c,33.906023902780994,33.906023902780994
9762,c,33.906023902780994,33.906023902780994
9763,c,33.906023902780994,33.906023902780994
9764,t,33.906023902780994,33.906023902780994
9765,t,33.906023902780994,33.906023902780994
9766,t,33.906023902780994,33.906023902780994
9767,t,33.906023902780994,33.906023902780994
9768,t,33.906023902780994,33.906023902780994
9769,t,33.906023902780994,33.906023902780994
9770,t,33.906023902780994,33.906023902780994
9771,c,33.906023902780994,33.906023902780994
9772,c,33.906023902780994,33.906023902780994
9773,c,33.906023902780994,33.906023902780994
9774,c,33.906023902780994,33.906023902780994
9775,c,33.906023902780994,33.906023902780994
9776,c,33.906023902780994,33.906023902780994
9777,t,33.906023902780994,33.906023902780994
9778,t,33.906023902780994,33.906023902780994
9779,t,33.906023902780994,33.906023902780994
9780,t,33.906023902780994,33.906023902780994
9781,c,33.906023902780994,33.906023902780994
9782,t,33.906023902780994,33.906023902780994
9783,c,33.906023902780994,33.906023902780994
9784,t,33.906023902780994,33.906023902780994
9785,t,33.906023902780994,33.906023902780994
9786,c,33.906023902780994,33.906023902780994
9787,c,33.906023902780994,33.906023902780994
9788,t,33.906023902780994,33.906023902780994
9789,c,33.906023902780994,33.906023902780994
9790,t,33.906023902780994,33.906023902780994
9791,c,33.906023902780994,33.906023902780994
9792,c,33.906023902780994,33.906023902780994
9793,c,33.906023902780994,33.906023902780994
9794,t,33.906023902780994,33.906023902780994
9795,t,33.906023902780994,33.906023902780994
9796,t,33.906023902780994,33.906023902780994
9797,t,33.906023902780994,33.906023902780994
9798,c,33.906023902780994,33.906023902780994
9799,c,33.906023902780994,33.906023902780994
9800,t,33.906023902780994,33.906023902780994
9801,t,33.906023902780994,33.906023902780994
9802,c,33.906023902780994,33.906023902780994
9803,c,33.906023902780994,33.906023902780994
9804,c,33.906023902780994,33.906023902780994
9805,t,33.906023902780994,33.906023902780994
9806,t,33.906023902780994,33.906023902780994
9807,c,33.906023902780994,33.906023902780994
9808,t,33.906023902780994,33.906023902780994
9809,t,33.906023902780994,33.906023902780994
9810,c,33.906023902780994,33.906023902780994
9811,c,33.906023902780994,33.906023902780994
9812,t,33.906023902780994,33.906023902780994
9813,t,33.906023902780994,33.906023902780994
9814,t,33.906023902780994,33.906023902780994
9815,c,33.906023902780994,33.906023902780994
9816,c,33.906023902780994,33.906023902780994
9817,c,33.906023902780994,33.906023902780994
9818,t,33.906023902780994,33.906023902780994
9819,t,33.906023902780994,33.906023902780994
9820,c,33.906023902780994,33.906023902780994
9821,t,33.906023902780994,33.906023902780994
9822,t,33.906023902780994,33.906023902780994
9823,c,33.906023902780994,33.906023902780994
9824,t,33.906023902780994,33.906023902780994
9825,t,33.906023902780994,33.906023902780994
9826,t,33.906023902780994,33.906023902780994
9827,c,33.906023902780994,33.906023902780994
9828,c,33.906023902780994,33.906023902780994
9829,c,33.906023902780994,33.906023902780994
9830,c,33.906023902780994,33.906023902780994
9831,t,33.906023902780994,33.906023902780994
9832,t,33.906023902780994,33.906023902780994
9833,c,33.906023902780994,33.906023902780994
9834,t,33.906023902780994,33.906023902780994
9835,c,33.906023902780994,33.906023902780994
9836,t,33.906023902780994,33.906023902780994
9837,t,33.906023902780994,33.906023902780994
9838,na,0,7.606713966316527
9839,c,33.906023902780994,33.906023902780994
9840,c,33.906023902780994,33.906023902780994
9841,t,33.906023902780994,33.906023902780994
9842,t,33.906023902780994,33.906023902780994
9843,c,33.906023902780994,33.906023902780994
9844,c,33.906023902780994,33.906023902780994
9845,t,33.906023902780994,33.906023902780994
9846,c,11.984707117760655,13.522495235522422
9847,c,33.906023902780994,33.906023902780994
9848,t,33.906023902780994,33.906023902780994
9849,t,33.906023902780994,33.906023902780994
9850,t,33.906023902780994,33.906023902780994
9851,c,33.906023902780994,33.906023902780994
9852,t,33.906023902780994,33.906023902780994
9853,c,33.906023902780994,33.906023902780994
9854,t,33.906023902780994,33.906023902780994
9855,t,33.906023902780994,33.906023902780994
9856,c,33.906023902780994,33.906023902780994
9857,t,33.906023902780994,33.906023902780994
9858,t,33.906023902780994,33.906023902780994
9859,t,33.906023902780994,33.906023902780994
9860,t,33.906023902780994,33.906023902780994
9861,c,33.906023902780994,33.906023902780994
9862,t,33.906023902780994,33.906023902780994
9863,t,33.906023902780994,33.906023902780994
9864,t,33.906023902780994,33.906023902780994
9865,t,33.906023902780994,33.906023902780994
9866,c,33.906023902780994,33.906023902780994
9867,c,33.906023902780994,33.906023902780994
9868,t,33.906023902780994,33.906023902780994
9869,t,33.906023902780994,33.906023902780994
9870,c,33.906023902780994,33.906023902780994
9871,c,33.906023902780994,33.906023902780994
9872,c,33.906023902780994,33.906023902780994
9873,t,33.906023902780994,33.906023902780994
9874,t,33.906023902780994,33.906023902780994
9875,t,33.906023902780994,33.906023902780994
9876,c,33.906023902780994,33.906023902780994
9877,c,33.906023902780994,33.906023902780994
9878,t,33.906023902780994,33.906023902780994
9879,t,33.906023902780994,33.906023902780994
9880,t,33.906023902780994,33.906023902780994
9881,t,33.906023902780994,33.906023902780994
9882,t,33.906023902780994,33.906023902780994
9883,t,33.906023902780994,33.906023902780994
9884,t,33.906023902780994,33.906023902780994
9885,c,33.906023902780994,33.906023902780994
9886,c,33.906023902780994,33.906023902780994
9887,t,33.906023902780994,33.906023902780994
9888,c,33.906023902780994,33.906023902780994
9889,c,33.906023902780994,33.906023902780994
9890,t,33.906023902780994,33.906023902780994
9891,t,33.906023902780994,33.906023902780994
9892,t,33.906023902780994,33.906023902780994
9893,t,33.906023902780994,33.906023902780994
9894,na,10.83775486958905,19.333552744798254
9895,t,33.906023902780994,33.906023902780994
9896,t,33.906023902780994,33.906023902780994
9897,t,33.906023902780994,33.906023902780994
9898,t,33.906023902780994,33.906023902780994
9899,t,33.906023902780994,33.906023902780994
9900,c,33.906023902780994,33.906023902780994
9901,c,33.906023902780994,33.906023902780994
9902,c,33.906023902780994,33.906023902780994
9903,t,33.906023902780994,33.906023902780994
9904,c,33.906023902780994,33.906023902780994
9905,c,33.906023902780994,33.906023902780994
9906,c,33.906023902780994,33.906023902780994
9907,t,33.906023902780994,33.906023902780994
9908,t,33.906023902780994,33.906023902780994
9909,c,33.906023902780994,33.906023902780994
9910,t,33.906023902780994,33.906023902780994
9911,c,33.906023902780994,33.906023902780994
9912,c,33.906023902780994,33.906023902780994
9913,t,33.906023902780994,33.906023902780994
9914,t,33.906023902780994,33.906023902780994
9915,c,33.906023902780994,33.906023902780994
9916,c,33.906023902780994,33.906023902780994
9917,c,33.906023902780994,33.906023902780994
9918,c,33.906023902780994,33.906023902780994
9919,c,33.906023902780994,33.906023902780994
9920,t,33.906023902780994,33.906023902780994
9921,t,33.906023902780994,33.906023902780994
9922,t,33.906023902780994,33.906023902780994
9923,c,33.906023902780994,33.906023902780994
9924,c,33.906023902780994,33.906023902780994
9925,c,33.906023902780994,33.906023902780994
9926,c,33.906023902780994,33.906023902780994
9927,t,33.906023902780994,33.906023902780994
9928,t,33.906023902780994,33.906023902780994
9929,c,33.906023902780994,33.906023902780994
9930,c,33.906023902780994,33.906023902780994
9931,t,33.906023902780994,33.906023902780994
9932,t,33.906023902780994,33.906023902780994
9933,t,33.906023902780994,33.906023902780994
9934,t,33.906023902780994,33.906023902780994
9935,c,33.906023902780994,33.906023902780994
9936,t,33.906023902780994,33.906023902780994
9937,t,33.906023902780994,33.906023902780994
9938,t,33.906023902780994,33.906023902780994
9939,t,33.906023902780994,33.906023902780994
9940,t,33.906023902780994,33.906023902780994
9941,t,33.906023902780994,33.906023902780994
9942,t,33.906023902780994,33.906023902780994
9943,c,33.906023902780994,33.906023902780994
9944,c,33.906023902780994,33.906023902780994
9945,c,33.906023902780994,33.906023902780994
9946,c,33.906023902780994,33.906023902780994
9947,t,33.906023902780994,33.906023902780994
9948,c,33.906023902780994,33.906023902780994
9949,t,33.906023902780994,33.906023902780994
9950,t,33.906023902780994,33.906023902780994
9951,t,33.906023902780994,33.906023902780994
9952,c,33.906023902780994,33.906023902780994
9953,t,33.906023902780994,33.906023902780994
9954,c,33.906023902780994,33.906023902780994
9955,t,33.906023902780994,33.906023902780994
9956,c,33.906023902780994,33.906023902780994
9957,t,33.906023902780994,33.906023902780994
9958,c,33.906023902780994,33.906023902780994
9959,t,33.906023902780994,33.906023902780994
9960,c,33.906023902780994,33.906023902780994
9961,c,33.906023902780994,33.906023902780994
9962,t,33.906023902780994,33.906023902780994
9963,t,33.906023902780994,33.906023902780994
9964,t,33.906023902780994,33.906023902780994
9965,t,33.906023902780994,33.906023902780994
9966,t,33.906023902780994,33.906023902780994
9967,c,33.906023902780994,33.906023902780994
9968,t,33.906023902780994,33.906023902780994
9969,c,33.906023902780994,33.906023902780994
9970,t,33.906023902780994,33.906023902780994
9971,t,33.906023902780994,33.906023902780994
9972,t,33.906023902780994,33.906023902780994
9973,t,33.906023902780994,33.906023902780994
9974,t,33.906023902780994,33.906023902780994
9975,t,33.906023902780994,33.906023902780994
9976,c,33.906023902780994,33.906023902780994
9977,c,33.906023902780994,33.906023902780994
9978,c,33.906023902780994,33.906023902780994
9979,c,33.906023902780994,33.906023902780994
9980,c,33.906023902780994,33.906023902780994
9981,c,33.906023902780994,33.906023902780994
9982,t,33.906023902780994,33.906023902780994
9983,t,33.906023902780994,33.906023902780994
9984,c,33.906023902780994,33.906023902780994
9985,c,33.906023902780994,33.906023902780994
9986,c,33.906023902780994,33.906023902780994
9987,t,33.906023902780994,33.906023902780994
9988,t,33.906023902780994,33.906023902780994
9989,c,33.906023902780994,33.906023902780994
9990,t,33.906023902780994,33.906023902780994
9991,c,33.906023902780994,33.906023902780994
9992,c,33.906023902780994,33.906023902780994
9993,t,33.906023902780994,33.906023902780994
9994,t,33.906023902780994,33.906023902780994
9995,t,33.906023902780994,33.906023902780994
9996,c,33.906023902780994,33.906023902780994
9997,c,33.906023902780994,33.906023902780994
9998,t,33.906023902780994,33.906023902780994
9999,t,33.906023902780994,33.906023902780994
