node, assignment, time2inf, time2death
0,na,-1,0
1,na,0,5.159170964912177
2,na,-1,0
3,na,-1,0
4,na,-1,0
5,na,0,0.4473440972524376
6,na,-1,0
7,na,-1,0
8,na,-1,0
9,na,-1,0
10,na,-1,0
11,na,-1,0
12,na,-1,0
13,na,-1,0
14,na,0,0.8296655577480823
15,na,-1,0
16,na,-1,0
17,na,-1,0
18,na,-1,0
19,na,0,0.6762867048261003
20,na,-1,0
21,na,-1,0
22,na,-1,0
23,na,-1,0
24,na,0,2.1508816991961637
25,na,-1,0
26,na,-1,0
27,na,-1,0
28,na,-1,0
29,na,-1,0
30,na,-1,0
31,na,-1,0
32,na,-1,0
33,na,-1,0
34,na,0,1.747031822640725
35,na,-1,0
36,na,-1,0
37,na,-1,0
38,na,-1,0
39,na,0,5.795950842522549
40,c,52.264769500966956,52.264769500966956
41,c,52.264769500966956,52.264769500966956
42,c,52.264769500966956,52.264769500966956
43,c,52.264769500966956,52.264769500966956
44,c,52.264769500966956,52.264769500966956
45,c,52.264769500966956,52.264769500966956
46,t,52.264769500966956,52.264769500966956
47,c,52.264769500966956,52.264769500966956
48,c,52.264769500966956,52.264769500966956
49,c,52.264769500966956,52.264769500966956
50,t,52.264769500966956,52.264769500966956
51,t,52.264769500966956,52.264769500966956
52,c,34.48260164250442,46.68409435800931
53,c,52.264769500966956,52.264769500966956
54,c,52.264769500966956,52.264769500966956
55,t,52.264769500966956,52.264769500966956
56,c,1.8402603796197168,4.730585492098259
57,c,52.264769500966956,52.264769500966956
58,t,52.264769500966956,52.264769500966956
59,c,52.264769500966956,52.264769500966956
60,c,52.264769500966956,52.264769500966956
61,c,52.264769500966956,52.264769500966956
62,c,52.264769500966956,52.264769500966956
63,c,52.264769500966956,52.264769500966956
64,c,9.458618305227946,9.950136638114024
65,c,7.884764658186607,9.509219565988621
66,c,52.264769500966956,52.264769500966956
67,c,52.264769500966956,52.264769500966956
68,c,52.264769500966956,52.264769500966956
69,c,52.264769500966956,52.264769500966956
70,c,52.264769500966956,52.264769500966956
71,t,52.264769500966956,52.264769500966956
72,c,52.264769500966956,52.264769500966956
73,c,52.264769500966956,52.264769500966956
74,c,52.264769500966956,52.264769500966956
75,c,52.264769500966956,52.264769500966956
76,c,52.264769500966956,52.264769500966956
77,t,52.264769500966956,52.264769500966956
78,t,52.264769500966956,52.264769500966956
79,c,52.264769500966956,52.264769500966956
80,t,52.264769500966956,52.264769500966956
81,c,52.264769500966956,52.264769500966956
82,t,52.264769500966956,52.264769500966956
83,c,52.264769500966956,52.264769500966956
84,c,52.264769500966956,52.264769500966956
85,c,52.264769500966956,52.264769500966956
86,c,52.264769500966956,52.264769500966956
87,c,52.264769500966956,52.264769500966956
88,c,52.264769500966956,52.264769500966956
89,c,52.264769500966956,52.264769500966956
90,c,52.264769500966956,52.264769500966956
91,c,52.264769500966956,52.264769500966956
92,c,52.264769500966956,52.264769500966956
93,c,52.264769500966956,52.264769500966956
94,c,52.264769500966956,52.264769500966956
95,t,52.264769500966956,52.264769500966956
96,c,52.264769500966956,52.264769500966956
97,c,52.264769500966956,52.264769500966956
98,c,52.264769500966956,52.264769500966956
99,c,52.264769500966956,52.264769500966956
100,c,52.264769500966956,52.264769500966956
101,c,18.464109588617248,31.62796984055734
102,c,52.264769500966956,52.264769500966956
103,c,14.212988383558265,15.178563697179428
104,c,52.264769500966956,52.264769500966956
105,c,52.264769500966956,52.264769500966956
106,c,52.264769500966956,52.264769500966956
107,c,52.264769500966956,52.264769500966956
108,c,52.264769500966956,52.264769500966956
109,na,4.617809596774413,7.364772293803857
110,t,52.264769500966956,52.264769500966956
111,c,52.264769500966956,52.264769500966956
112,c,52.264769500966956,52.264769500966956
113,c,52.264769500966956,52.264769500966956
114,c,52.264769500966956,52.264769500966956
115,c,52.264769500966956,52.264769500966956
116,c,52.264769500966956,52.264769500966956
117,c,1.9797024276396193,7.010917629499232
118,c,52.264769500966956,52.264769500966956
119,c,52.264769500966956,52.264769500966956
120,c,52.264769500966956,52.264769500966956
121,c,52.264769500966956,52.264769500966956
122,c,52.264769500966956,52.264769500966956
123,c,52.264769500966956,52.264769500966956
124,t,52.264769500966956,52.264769500966956
125,t,52.264769500966956,52.264769500966956
126,c,52.264769500966956,52.264769500966956
127,c,52.264769500966956,52.264769500966956
128,c,52.264769500966956,52.264769500966956
129,c,52.264769500966956,52.264769500966956
130,c,52.264769500966956,52.264769500966956
131,t,52.264769500966956,52.264769500966956
132,c,52.264769500966956,52.264769500966956
133,t,52.264769500966956,52.264769500966956
134,c,52.264769500966956,52.264769500966956
135,c,52.264769500966956,52.264769500966956
136,c,52.264769500966956,52.264769500966956
137,c,52.264769500966956,52.264769500966956
138,c,52.264769500966956,52.264769500966956
139,c,52.264769500966956,52.264769500966956
140,t,52.264769500966956,52.264769500966956
141,t,52.264769500966956,52.264769500966956
142,c,52.264769500966956,52.264769500966956
143,c,52.264769500966956,52.264769500966956
144,c,52.264769500966956,52.264769500966956
145,t,52.264769500966956,52.264769500966956
146,c,52.264769500966956,52.264769500966956
147,c,52.264769500966956,52.264769500966956
148,c,52.264769500966956,52.264769500966956
149,c,52.264769500966956,52.264769500966956
150,t,52.264769500966956,52.264769500966956
151,t,52.264769500966956,52.264769500966956
152,c,52.264769500966956,52.264769500966956
153,c,52.264769500966956,52.264769500966956
154,t,52.264769500966956,52.264769500966956
155,c,52.264769500966956,52.264769500966956
156,c,52.264769500966956,52.264769500966956
157,t,52.264769500966956,52.264769500966956
158,c,52.264769500966956,52.264769500966956
159,c,52.264769500966956,52.264769500966956
160,c,52.264769500966956,52.264769500966956
161,c,52.264769500966956,52.264769500966956
162,c,52.264769500966956,52.264769500966956
163,c,52.264769500966956,52.264769500966956
164,c,52.264769500966956,52.264769500966956
165,c,52.264769500966956,52.264769500966956
166,c,52.264769500966956,52.264769500966956
167,t,52.264769500966956,52.264769500966956
168,c,52.264769500966956,52.264769500966956
169,t,52.264769500966956,52.264769500966956
170,c,52.264769500966956,52.264769500966956
171,c,52.264769500966956,52.264769500966956
172,t,52.264769500966956,52.264769500966956
173,c,12.074988773809837,13.42051051600772
174,c,52.264769500966956,52.264769500966956
175,t,52.264769500966956,52.264769500966956
176,c,52.264769500966956,52.264769500966956
177,c,52.264769500966956,52.264769500966956
178,c,52.264769500966956,52.264769500966956
179,c,52.264769500966956,52.264769500966956
180,c,52.264769500966956,52.264769500966956
181,c,52.264769500966956,52.264769500966956
182,c,3.3766214851304177,7.797910884766128
183,c,52.264769500966956,52.264769500966956
184,c,16.90493394633119,26.89839508001858
185,t,52.264769500966956,52.264769500966956
186,t,52.264769500966956,52.264769500966956
187,c,52.264769500966956,52.264769500966956
188,c,52.264769500966956,52.264769500966956
189,c,52.264769500966956,52.264769500966956
190,c,52.264769500966956,52.264769500966956
191,c,52.264769500966956,52.264769500966956
192,c,52.264769500966956,52.264769500966956
193,c,52.264769500966956,52.264769500966956
194,c,52.264769500966956,52.264769500966956
195,c,52.264769500966956,52.264769500966956
196,t,52.264769500966956,52.264769500966956
197,c,52.264769500966956,52.264769500966956
198,t,52.264769500966956,52.264769500966956
199,t,52.264769500966956,52.264769500966956
200,c,52.264769500966956,52.264769500966956
201,c,52.264769500966956,52.264769500966956
202,c,52.264769500966956,52.264769500966956
203,c,52.264769500966956,52.264769500966956
204,c,52.264769500966956,52.264769500966956
205,c,52.264769500966956,52.264769500966956
206,c,52.264769500966956,52.264769500966956
207,c,52.264769500966956,52.264769500966956
208,c,52.264769500966956,52.264769500966956
209,c,52.264769500966956,52.264769500966956
210,c,28.60910615689824,30.256647257002033
211,c,52.264769500966956,52.264769500966956
212,t,52.264769500966956,52.264769500966956
213,c,52.264769500966956,52.264769500966956
214,c,52.264769500966956,52.264769500966956
215,c,52.264769500966956,52.264769500966956
216,c,52.264769500966956,52.264769500966956
217,c,52.264769500966956,52.264769500966956
218,t,52.264769500966956,52.264769500966956
219,c,12.153331941556909,12.815931950940628
220,c,52.264769500966956,52.264769500966956
221,c,52.264769500966956,52.264769500966956
222,t,52.264769500966956,52.264769500966956
223,t,52.264769500966956,52.264769500966956
224,c,52.264769500966956,52.264769500966956
225,t,52.264769500966956,52.264769500966956
226,c,52.264769500966956,52.264769500966956
227,c,52.264769500966956,52.264769500966956
228,t,52.264769500966956,52.264769500966956
229,t,52.264769500966956,52.264769500966956
230,c,52.264769500966956,52.264769500966956
231,c,52.264769500966956,52.264769500966956
232,c,52.264769500966956,52.264769500966956
233,c,52.264769500966956,52.264769500966956
234,c,52.264769500966956,52.264769500966956
235,c,52.264769500966956,52.264769500966956
236,c,52.264769500966956,52.264769500966956
237,t,52.264769500966956,52.264769500966956
238,c,52.264769500966956,52.264769500966956
239,c,52.264769500966956,52.264769500966956
240,c,52.264769500966956,52.264769500966956
241,c,52.264769500966956,52.264769500966956
242,c,52.264769500966956,52.264769500966956
243,c,52.264769500966956,52.264769500966956
244,c,52.264769500966956,52.264769500966956
245,c,52.264769500966956,52.264769500966956
246,c,52.264769500966956,52.264769500966956
247,c,52.264769500966956,52.264769500966956
248,c,52.264769500966956,52.264769500966956
249,c,52.264769500966956,52.264769500966956
250,c,52.264769500966956,52.264769500966956
251,c,52.264769500966956,52.264769500966956
252,c,52.264769500966956,52.264769500966956
253,c,52.264769500966956,52.264769500966956
254,c,52.264769500966956,52.264769500966956
255,c,52.264769500966956,52.264769500966956
256,t,52.264769500966956,52.264769500966956
257,t,52.264769500966956,52.264769500966956
258,c,52.264769500966956,52.264769500966956
259,t,52.264769500966956,52.264769500966956
260,t,52.264769500966956,52.264769500966956
261,c,52.264769500966956,52.264769500966956
262,t,52.264769500966956,52.264769500966956
263,c,52.264769500966956,52.264769500966956
264,c,52.264769500966956,52.264769500966956
265,t,52.264769500966956,52.264769500966956
266,c,52.264769500966956,52.264769500966956
267,c,52.264769500966956,52.264769500966956
268,c,52.264769500966956,52.264769500966956
269,c,52.264769500966956,52.264769500966956
270,c,52.264769500966956,52.264769500966956
271,c,52.264769500966956,52.264769500966956
272,c,52.264769500966956,52.264769500966956
273,c,52.264769500966956,52.264769500966956
274,t,52.264769500966956,52.264769500966956
275,c,52.264769500966956,52.264769500966956
276,c,52.264769500966956,52.264769500966956
277,c,52.264769500966956,52.264769500966956
278,c,52.264769500966956,52.264769500966956
279,na,-1,0
280,c,52.264769500966956,52.264769500966956
281,c,52.264769500966956,52.264769500966956
282,c,52.264769500966956,52.264769500966956
283,c,52.264769500966956,52.264769500966956
284,c,52.264769500966956,52.264769500966956
285,c,52.264769500966956,52.264769500966956
286,c,52.264769500966956,52.264769500966956
287,t,52.264769500966956,52.264769500966956
288,c,52.264769500966956,52.264769500966956
289,c,52.264769500966956,52.264769500966956
290,c,52.264769500966956,52.264769500966956
291,c,52.264769500966956,52.264769500966956
292,c,52.264769500966956,52.264769500966956
293,c,52.264769500966956,52.264769500966956
294,c,52.264769500966956,52.264769500966956
295,c,52.264769500966956,52.264769500966956
296,c,12.994764656637507,13.167153154904465
297,c,52.264769500966956,52.264769500966956
298,c,52.264769500966956,52.264769500966956
299,c,52.264769500966956,52.264769500966956
300,c,52.264769500966956,52.264769500966956
301,t,52.264769500966956,52.264769500966956
302,c,52.264769500966956,52.264769500966956
303,c,52.264769500966956,52.264769500966956
304,c,52.264769500966956,52.264769500966956
305,c,52.264769500966956,52.264769500966956
306,c,52.264769500966956,52.264769500966956
307,c,52.264769500966956,52.264769500966956
308,c,52.264769500966956,52.264769500966956
309,c,52.264769500966956,52.264769500966956
310,t,52.264769500966956,52.264769500966956
311,c,52.264769500966956,52.264769500966956
312,c,52.264769500966956,52.264769500966956
313,t,52.264769500966956,52.264769500966956
314,c,52.264769500966956,52.264769500966956
315,c,52.264769500966956,52.264769500966956
316,c,52.264769500966956,52.264769500966956
317,t,52.264769500966956,52.264769500966956
318,t,52.264769500966956,52.264769500966956
319,c,52.264769500966956,52.264769500966956
320,c,52.264769500966956,52.264769500966956
321,t,52.264769500966956,52.264769500966956
322,c,52.264769500966956,52.264769500966956
323,t,52.264769500966956,52.264769500966956
324,c,52.264769500966956,52.264769500966956
325,c,52.264769500966956,52.264769500966956
326,c,52.264769500966956,52.264769500966956
327,t,52.264769500966956,52.264769500966956
328,c,52.264769500966956,52.264769500966956
329,t,52.264769500966956,52.264769500966956
330,t,52.264769500966956,52.264769500966956
331,c,52.264769500966956,52.264769500966956
332,c,52.264769500966956,52.264769500966956
333,c,52.264769500966956,52.264769500966956
334,na,1.1147407075749947,4.133398257192016
335,c,52.264769500966956,52.264769500966956
336,t,52.264769500966956,52.264769500966956
337,t,52.264769500966956,52.264769500966956
338,c,52.264769500966956,52.264769500966956
339,t,52.264769500966956,52.264769500966956
340,c,52.264769500966956,52.264769500966956
341,c,52.264769500966956,52.264769500966956
342,c,52.264769500966956,52.264769500966956
343,c,52.264769500966956,52.264769500966956
344,c,52.264769500966956,52.264769500966956
345,c,52.264769500966956,52.264769500966956
346,c,52.264769500966956,52.264769500966956
347,c,52.264769500966956,52.264769500966956
348,c,52.264769500966956,52.264769500966956
349,t,52.264769500966956,52.264769500966956
350,c,52.264769500966956,52.264769500966956
351,c,52.264769500966956,52.264769500966956
352,c,52.264769500966956,52.264769500966956
353,c,52.264769500966956,52.264769500966956
354,c,52.264769500966956,52.264769500966956
355,c,52.264769500966956,52.264769500966956
356,c,52.264769500966956,52.264769500966956
357,c,52.264769500966956,52.264769500966956
358,c,52.264769500966956,52.264769500966956
359,c,52.264769500966956,52.264769500966956
360,c,52.264769500966956,52.264769500966956
361,c,52.264769500966956,52.264769500966956
362,c,14.23230726103082,22.47367506741325
363,c,52.264769500966956,52.264769500966956
364,c,52.264769500966956,52.264769500966956
365,c,52.264769500966956,52.264769500966956
366,c,52.264769500966956,52.264769500966956
367,c,52.264769500966956,52.264769500966956
368,c,52.264769500966956,52.264769500966956
369,na,4.807634124814011,19.396125357247293
370,t,52.264769500966956,52.264769500966956
371,c,52.264769500966956,52.264769500966956
372,c,52.264769500966956,52.264769500966956
373,t,52.264769500966956,52.264769500966956
374,c,52.264769500966956,52.264769500966956
375,t,52.264769500966956,52.264769500966956
376,c,52.264769500966956,52.264769500966956
377,t,52.264769500966956,52.264769500966956
378,t,52.264769500966956,52.264769500966956
379,c,52.264769500966956,52.264769500966956
380,c,52.264769500966956,52.264769500966956
381,t,52.264769500966956,52.264769500966956
382,t,52.264769500966956,52.264769500966956
383,c,52.264769500966956,52.264769500966956
384,t,52.264769500966956,52.264769500966956
385,c,52.264769500966956,52.264769500966956
386,c,52.264769500966956,52.264769500966956
387,c,52.264769500966956,52.264769500966956
388,c,52.264769500966956,52.264769500966956
389,t,52.264769500966956,52.264769500966956
390,c,8.816617844532932,13.661892489703964
391,c,52.264769500966956,52.264769500966956
392,c,52.264769500966956,52.264769500966956
393,c,52.264769500966956,52.264769500966956
394,c,52.264769500966956,52.264769500966956
395,c,52.264769500966956,52.264769500966956
396,c,52.264769500966956,52.264769500966956
397,c,52.264769500966956,52.264769500966956
398,na,-1,0
399,c,52.264769500966956,52.264769500966956
400,c,52.264769500966956,52.264769500966956
401,c,52.264769500966956,52.264769500966956
402,c,52.264769500966956,52.264769500966956
403,c,52.264769500966956,52.264769500966956
404,c,52.264769500966956,52.264769500966956
405,c,52.264769500966956,52.264769500966956
406,t,52.264769500966956,52.264769500966956
407,c,52.264769500966956,52.264769500966956
408,c,52.264769500966956,52.264769500966956
409,c,52.264769500966956,52.264769500966956
410,c,52.264769500966956,52.264769500966956
411,c,52.264769500966956,52.264769500966956
412,t,52.264769500966956,52.264769500966956
413,c,52.264769500966956,52.264769500966956
414,c,52.264769500966956,52.264769500966956
415,t,52.264769500966956,52.264769500966956
416,c,52.264769500966956,52.264769500966956
417,t,52.264769500966956,52.264769500966956
418,c,52.264769500966956,52.264769500966956
419,c,52.264769500966956,52.264769500966956
420,c,52.264769500966956,52.264769500966956
421,t,52.264769500966956,52.264769500966956
422,c,52.264769500966956,52.264769500966956
423,c,52.264769500966956,52.264769500966956
424,c,52.264769500966956,52.264769500966956
425,c,52.264769500966956,52.264769500966956
426,t,52.264769500966956,52.264769500966956
427,c,52.264769500966956,52.264769500966956
428,na,0,52.264769500966956
429,c,52.264769500966956,52.264769500966956
430,c,52.264769500966956,52.264769500966956
431,c,52.264769500966956,52.264769500966956
432,na,5.295455649060871,10.805951706405871
433,c,52.264769500966956,52.264769500966956
434,t,52.264769500966956,52.264769500966956
435,t,52.264769500966956,52.264769500966956
436,c,52.264769500966956,52.264769500966956
437,t,52.264769500966956,52.264769500966956
438,c,52.264769500966956,52.264769500966956
439,c,52.264769500966956,52.264769500966956
440,t,52.264769500966956,52.264769500966956
441,t,52.264769500966956,52.264769500966956
442,c,3.288808586878496,4.362349044582459
443,c,52.264769500966956,52.264769500966956
444,t,52.264769500966956,52.264769500966956
445,c,52.264769500966956,52.264769500966956
446,c,52.264769500966956,52.264769500966956
447,na,-1,0
448,c,52.264769500966956,52.264769500966956
449,c,52.264769500966956,52.264769500966956
450,c,52.264769500966956,52.264769500966956
451,c,52.264769500966956,52.264769500966956
452,c,52.264769500966956,52.264769500966956
453,c,52.264769500966956,52.264769500966956
454,c,52.264769500966956,52.264769500966956
455,t,52.264769500966956,52.264769500966956
456,c,52.264769500966956,52.264769500966956
457,c,52.264769500966956,52.264769500966956
458,c,52.264769500966956,52.264769500966956
459,t,52.264769500966956,52.264769500966956
460,c,52.264769500966956,52.264769500966956
461,t,52.264769500966956,52.264769500966956
462,t,52.264769500966956,52.264769500966956
463,c,52.264769500966956,52.264769500966956
464,c,52.264769500966956,52.264769500966956
465,t,52.264769500966956,52.264769500966956
466,c,52.264769500966956,52.264769500966956
467,c,52.264769500966956,52.264769500966956
468,c,52.264769500966956,52.264769500966956
469,c,52.264769500966956,52.264769500966956
470,c,15.049701242329926,19.347582787753847
471,c,52.264769500966956,52.264769500966956
472,c,52.264769500966956,52.264769500966956
473,c,52.264769500966956,52.264769500966956
474,c,52.264769500966956,52.264769500966956
475,c,52.264769500966956,52.264769500966956
476,t,52.264769500966956,52.264769500966956
477,c,52.264769500966956,52.264769500966956
478,t,52.264769500966956,52.264769500966956
479,c,52.264769500966956,52.264769500966956
480,t,52.264769500966956,52.264769500966956
481,c,52.264769500966956,52.264769500966956
482,t,52.264769500966956,52.264769500966956
483,c,52.264769500966956,52.264769500966956
484,t,52.264769500966956,52.264769500966956
485,c,52.264769500966956,52.264769500966956
486,c,52.264769500966956,52.264769500966956
487,na,12.984276557795804,26.32438933279102
488,c,52.264769500966956,52.264769500966956
489,c,52.264769500966956,52.264769500966956
490,c,52.264769500966956,52.264769500966956
491,c,52.264769500966956,52.264769500966956
492,c,52.264769500966956,52.264769500966956
493,c,52.264769500966956,52.264769500966956
494,c,52.264769500966956,52.264769500966956
495,c,11.779631692352643,13.226935154711754
496,c,52.264769500966956,52.264769500966956
497,c,6.390567261694928,9.192265920375698
498,c,52.264769500966956,52.264769500966956
499,c,52.264769500966956,52.264769500966956
500,c,52.264769500966956,52.264769500966956
501,c,52.264769500966956,52.264769500966956
502,t,52.264769500966956,52.264769500966956
503,t,52.264769500966956,52.264769500966956
504,c,52.264769500966956,52.264769500966956
505,c,52.264769500966956,52.264769500966956
506,c,52.264769500966956,52.264769500966956
507,t,52.264769500966956,52.264769500966956
508,c,52.264769500966956,52.264769500966956
509,c,52.264769500966956,52.264769500966956
510,c,52.264769500966956,52.264769500966956
511,c,52.264769500966956,52.264769500966956
512,c,52.264769500966956,52.264769500966956
513,t,52.264769500966956,52.264769500966956
514,c,52.264769500966956,52.264769500966956
515,t,52.264769500966956,52.264769500966956
516,c,52.264769500966956,52.264769500966956
517,c,52.264769500966956,52.264769500966956
518,c,52.264769500966956,52.264769500966956
519,c,52.264769500966956,52.264769500966956
520,c,52.264769500966956,52.264769500966956
521,c,52.264769500966956,52.264769500966956
522,c,52.264769500966956,52.264769500966956
523,c,52.264769500966956,52.264769500966956
524,t,52.264769500966956,52.264769500966956
525,c,52.264769500966956,52.264769500966956
526,t,52.264769500966956,52.264769500966956
527,c,52.264769500966956,52.264769500966956
528,c,52.264769500966956,52.264769500966956
529,c,52.264769500966956,52.264769500966956
530,c,52.264769500966956,52.264769500966956
531,t,52.264769500966956,52.264769500966956
532,c,52.264769500966956,52.264769500966956
533,c,52.264769500966956,52.264769500966956
534,t,52.264769500966956,52.264769500966956
535,t,52.264769500966956,52.264769500966956
536,c,52.264769500966956,52.264769500966956
537,c,52.264769500966956,52.264769500966956
538,c,52.264769500966956,52.264769500966956
539,t,52.264769500966956,52.264769500966956
540,c,52.264769500966956,52.264769500966956
541,c,52.264769500966956,52.264769500966956
542,na,1.9154568669972332,7.3194483578030525
543,c,52.264769500966956,52.264769500966956
544,c,52.264769500966956,52.264769500966956
545,t,52.264769500966956,52.264769500966956
546,c,52.264769500966956,52.264769500966956
547,c,52.264769500966956,52.264769500966956
548,c,52.264769500966956,52.264769500966956
549,c,17.49589085107957,27.470040298013878
550,c,52.264769500966956,52.264769500966956
551,c,52.264769500966956,52.264769500966956
552,c,52.264769500966956,52.264769500966956
553,c,52.264769500966956,52.264769500966956
554,c,52.264769500966956,52.264769500966956
555,t,52.264769500966956,52.264769500966956
556,c,52.264769500966956,52.264769500966956
557,c,52.264769500966956,52.264769500966956
558,c,52.264769500966956,52.264769500966956
559,c,52.264769500966956,52.264769500966956
560,t,52.264769500966956,52.264769500966956
561,t,52.264769500966956,52.264769500966956
562,c,52.264769500966956,52.264769500966956
563,t,52.264769500966956,52.264769500966956
564,c,52.264769500966956,52.264769500966956
565,c,7.932147319989738,19.640752635135915
566,c,52.264769500966956,52.264769500966956
567,c,52.264769500966956,52.264769500966956
568,c,52.264769500966956,52.264769500966956
569,t,52.264769500966956,52.264769500966956
570,c,52.264769500966956,52.264769500966956
571,c,52.264769500966956,52.264769500966956
572,c,52.264769500966956,52.264769500966956
573,c,52.264769500966956,52.264769500966956
574,c,3.575037581108368,9.410519784906182
575,c,52.264769500966956,52.264769500966956
576,t,52.264769500966956,52.264769500966956
577,c,52.264769500966956,52.264769500966956
578,c,52.264769500966956,52.264769500966956
579,c,52.264769500966956,52.264769500966956
580,t,52.264769500966956,52.264769500966956
581,c,52.264769500966956,52.264769500966956
582,c,7.682491753336586,8.448024400418362
583,t,52.264769500966956,52.264769500966956
584,c,52.264769500966956,52.264769500966956
585,c,52.264769500966956,52.264769500966956
586,t,52.264769500966956,52.264769500966956
587,c,52.264769500966956,52.264769500966956
588,c,52.264769500966956,52.264769500966956
589,c,52.264769500966956,52.264769500966956
590,c,52.264769500966956,52.264769500966956
591,c,52.264769500966956,52.264769500966956
592,c,52.264769500966956,52.264769500966956
593,c,52.264769500966956,52.264769500966956
594,t,52.264769500966956,52.264769500966956
595,t,52.264769500966956,52.264769500966956
596,c,52.264769500966956,52.264769500966956
597,c,52.264769500966956,52.264769500966956
598,c,52.264769500966956,52.264769500966956
599,c,52.264769500966956,52.264769500966956
600,t,52.264769500966956,52.264769500966956
601,c,52.264769500966956,52.264769500966956
602,t,52.264769500966956,52.264769500966956
603,c,52.264769500966956,52.264769500966956
604,na,0.3188128982128649,2.9164288103629743
605,c,52.264769500966956,52.264769500966956
606,c,52.264769500966956,52.264769500966956
607,c,52.264769500966956,52.264769500966956
608,c,52.264769500966956,52.264769500966956
609,t,52.264769500966956,52.264769500966956
610,c,52.264769500966956,52.264769500966956
611,c,52.264769500966956,52.264769500966956
612,t,52.264769500966956,52.264769500966956
613,c,52.264769500966956,52.264769500966956
614,t,52.264769500966956,52.264769500966956
615,c,52.264769500966956,52.264769500966956
616,c,52.264769500966956,52.264769500966956
617,c,52.264769500966956,52.264769500966956
618,t,52.264769500966956,52.264769500966956
619,t,52.264769500966956,52.264769500966956
620,c,52.264769500966956,52.264769500966956
621,c,52.264769500966956,52.264769500966956
622,c,52.264769500966956,52.264769500966956
623,c,52.264769500966956,52.264769500966956
624,c,52.264769500966956,52.264769500966956
625,c,52.264769500966956,52.264769500966956
626,c,52.264769500966956,52.264769500966956
627,c,52.264769500966956,52.264769500966956
628,c,52.264769500966956,52.264769500966956
629,c,52.264769500966956,52.264769500966956
630,t,52.264769500966956,52.264769500966956
631,t,52.264769500966956,52.264769500966956
632,c,52.264769500966956,52.264769500966956
633,c,52.264769500966956,52.264769500966956
634,na,9.682360817126177,52.264769500966956
635,c,52.264769500966956,52.264769500966956
636,c,52.264769500966956,52.264769500966956
637,c,52.264769500966956,52.264769500966956
638,c,52.264769500966956,52.264769500966956
639,c,52.264769500966956,52.264769500966956
640,c,52.264769500966956,52.264769500966956
641,na,4.911170326797081,7.274907753607388
642,c,52.264769500966956,52.264769500966956
643,c,8.540382411731278,13.201662942176991
644,c,52.264769500966956,52.264769500966956
645,c,52.264769500966956,52.264769500966956
646,c,52.264769500966956,52.264769500966956
647,c,52.264769500966956,52.264769500966956
648,c,52.264769500966956,52.264769500966956
649,c,52.264769500966956,52.264769500966956
650,t,52.264769500966956,52.264769500966956
651,c,52.264769500966956,52.264769500966956
652,c,52.264769500966956,52.264769500966956
653,c,52.264769500966956,52.264769500966956
654,c,52.264769500966956,52.264769500966956
655,c,52.264769500966956,52.264769500966956
656,c,52.264769500966956,52.264769500966956
657,c,52.264769500966956,52.264769500966956
658,c,52.264769500966956,52.264769500966956
659,t,52.264769500966956,52.264769500966956
660,t,52.264769500966956,52.264769500966956
661,c,52.264769500966956,52.264769500966956
662,c,52.264769500966956,52.264769500966956
663,c,52.264769500966956,52.264769500966956
664,c,52.264769500966956,52.264769500966956
665,c,52.264769500966956,52.264769500966956
666,c,52.264769500966956,52.264769500966956
667,c,52.264769500966956,52.264769500966956
668,c,52.264769500966956,52.264769500966956
669,c,52.264769500966956,52.264769500966956
670,c,52.264769500966956,52.264769500966956
671,t,52.264769500966956,52.264769500966956
672,na,-1,0
673,c,52.264769500966956,52.264769500966956
674,c,24.17839562534788,48.03108955571014
675,c,52.264769500966956,52.264769500966956
676,c,52.264769500966956,52.264769500966956
677,c,52.264769500966956,52.264769500966956
678,c,52.264769500966956,52.264769500966956
679,c,52.264769500966956,52.264769500966956
680,c,52.264769500966956,52.264769500966956
681,t,52.264769500966956,52.264769500966956
682,c,52.264769500966956,52.264769500966956
683,t,52.264769500966956,52.264769500966956
684,c,52.264769500966956,52.264769500966956
685,t,52.264769500966956,52.264769500966956
686,c,10.077860687013642,28.63130940605579
687,t,52.264769500966956,52.264769500966956
688,c,52.264769500966956,52.264769500966956
689,c,52.264769500966956,52.264769500966956
690,c,52.264769500966956,52.264769500966956
691,c,52.264769500966956,52.264769500966956
692,c,52.264769500966956,52.264769500966956
693,c,52.264769500966956,52.264769500966956
694,c,52.264769500966956,52.264769500966956
695,c,52.264769500966956,52.264769500966956
696,c,52.264769500966956,52.264769500966956
697,c,52.264769500966956,52.264769500966956
698,c,52.264769500966956,52.264769500966956
699,t,52.264769500966956,52.264769500966956
700,t,52.264769500966956,52.264769500966956
701,c,52.264769500966956,52.264769500966956
702,c,52.264769500966956,52.264769500966956
703,c,52.264769500966956,52.264769500966956
704,c,52.264769500966956,52.264769500966956
705,c,52.264769500966956,52.264769500966956
706,c,52.264769500966956,52.264769500966956
707,c,52.264769500966956,52.264769500966956
708,t,52.264769500966956,52.264769500966956
709,t,52.264769500966956,52.264769500966956
710,c,52.264769500966956,52.264769500966956
711,c,52.264769500966956,52.264769500966956
712,c,52.264769500966956,52.264769500966956
713,c,52.264769500966956,52.264769500966956
714,t,52.264769500966956,52.264769500966956
715,t,52.264769500966956,52.264769500966956
716,c,52.264769500966956,52.264769500966956
717,c,52.264769500966956,52.264769500966956
718,c,52.264769500966956,52.264769500966956
719,c,52.264769500966956,52.264769500966956
720,t,52.264769500966956,52.264769500966956
721,c,52.264769500966956,52.264769500966956
722,c,52.264769500966956,52.264769500966956
723,c,6.5085096539430705,6.642683981964617
724,c,52.264769500966956,52.264769500966956
725,c,52.264769500966956,52.264769500966956
726,t,52.264769500966956,52.264769500966956
727,t,52.264769500966956,52.264769500966956
728,c,52.264769500966956,52.264769500966956
729,c,52.264769500966956,52.264769500966956
730,na,9.332236144039454,15.445352942288439
731,c,52.264769500966956,52.264769500966956
732,c,52.264769500966956,52.264769500966956
733,c,52.264769500966956,52.264769500966956
734,c,52.264769500966956,52.264769500966956
735,c,52.264769500966956,52.264769500966956
736,c,52.264769500966956,52.264769500966956
737,t,52.264769500966956,52.264769500966956
738,c,52.264769500966956,52.264769500966956
739,t,52.264769500966956,52.264769500966956
740,c,52.264769500966956,52.264769500966956
741,c,52.264769500966956,52.264769500966956
742,c,52.264769500966956,52.264769500966956
743,c,52.264769500966956,52.264769500966956
744,c,52.264769500966956,52.264769500966956
745,c,52.264769500966956,52.264769500966956
746,c,11.702656137504004,14.69403729316761
747,na,-1,0
748,c,52.264769500966956,52.264769500966956
749,c,52.264769500966956,52.264769500966956
750,t,52.264769500966956,52.264769500966956
751,c,52.264769500966956,52.264769500966956
752,c,52.264769500966956,52.264769500966956
753,c,52.264769500966956,52.264769500966956
754,c,52.264769500966956,52.264769500966956
755,c,52.264769500966956,52.264769500966956
756,t,52.264769500966956,52.264769500966956
757,c,19.591420389458587,21.53902176233412
758,c,52.264769500966956,52.264769500966956
759,na,0.6428923811290035,10.51630017945895
760,c,52.264769500966956,52.264769500966956
761,c,16.277894925579314,16.952008095165407
762,c,52.264769500966956,52.264769500966956
763,c,52.264769500966956,52.264769500966956
764,c,52.264769500966956,52.264769500966956
765,t,52.264769500966956,52.264769500966956
766,c,52.264769500966956,52.264769500966956
767,c,52.264769500966956,52.264769500966956
768,c,52.264769500966956,52.264769500966956
769,c,52.264769500966956,52.264769500966956
770,c,52.264769500966956,52.264769500966956
771,c,52.264769500966956,52.264769500966956
772,c,52.264769500966956,52.264769500966956
773,c,52.264769500966956,52.264769500966956
774,c,52.264769500966956,52.264769500966956
775,c,52.264769500966956,52.264769500966956
776,c,52.264769500966956,52.264769500966956
777,c,52.264769500966956,52.264769500966956
778,c,52.264769500966956,52.264769500966956
779,c,52.264769500966956,52.264769500966956
780,c,52.264769500966956,52.264769500966956
781,c,52.264769500966956,52.264769500966956
782,c,52.264769500966956,52.264769500966956
783,c,52.264769500966956,52.264769500966956
784,t,52.264769500966956,52.264769500966956
785,c,52.264769500966956,52.264769500966956
786,c,52.264769500966956,52.264769500966956
787,c,52.264769500966956,52.264769500966956
788,c,52.264769500966956,52.264769500966956
789,c,52.264769500966956,52.264769500966956
790,c,52.264769500966956,52.264769500966956
791,t,52.264769500966956,52.264769500966956
792,t,52.264769500966956,52.264769500966956
793,c,52.264769500966956,52.264769500966956
794,c,52.264769500966956,52.264769500966956
795,c,52.264769500966956,52.264769500966956
796,c,52.264769500966956,52.264769500966956
797,c,52.264769500966956,52.264769500966956
798,c,52.264769500966956,52.264769500966956
799,c,52.264769500966956,52.264769500966956
800,c,52.264769500966956,52.264769500966956
801,c,52.264769500966956,52.264769500966956
802,t,52.264769500966956,52.264769500966956
803,c,52.264769500966956,52.264769500966956
804,c,52.264769500966956,52.264769500966956
805,c,52.264769500966956,52.264769500966956
806,c,52.264769500966956,52.264769500966956
807,c,52.264769500966956,52.264769500966956
808,c,52.264769500966956,52.264769500966956
809,t,52.264769500966956,52.264769500966956
810,c,52.264769500966956,52.264769500966956
811,c,52.264769500966956,52.264769500966956
812,c,52.264769500966956,52.264769500966956
813,c,52.264769500966956,52.264769500966956
814,c,52.264769500966956,52.264769500966956
815,c,52.264769500966956,52.264769500966956
816,t,52.264769500966956,52.264769500966956
817,c,52.264769500966956,52.264769500966956
818,c,52.264769500966956,52.264769500966956
819,c,52.264769500966956,52.264769500966956
820,c,52.264769500966956,52.264769500966956
821,c,52.264769500966956,52.264769500966956
822,c,4.905674894135483,12.726615493468977
823,c,52.264769500966956,52.264769500966956
824,c,52.264769500966956,52.264769500966956
825,c,52.264769500966956,52.264769500966956
826,c,52.264769500966956,52.264769500966956
827,c,52.264769500966956,52.264769500966956
828,c,52.264769500966956,52.264769500966956
829,c,52.264769500966956,52.264769500966956
830,t,52.264769500966956,52.264769500966956
831,t,52.264769500966956,52.264769500966956
832,c,52.264769500966956,52.264769500966956
833,c,52.264769500966956,52.264769500966956
834,c,52.264769500966956,52.264769500966956
835,c,52.264769500966956,52.264769500966956
836,c,52.264769500966956,52.264769500966956
837,c,52.264769500966956,52.264769500966956
838,c,52.264769500966956,52.264769500966956
839,c,52.264769500966956,52.264769500966956
840,c,52.264769500966956,52.264769500966956
841,c,52.264769500966956,52.264769500966956
842,c,52.264769500966956,52.264769500966956
843,c,52.264769500966956,52.264769500966956
844,c,52.264769500966956,52.264769500966956
845,c,52.264769500966956,52.264769500966956
846,c,52.264769500966956,52.264769500966956
847,c,52.264769500966956,52.264769500966956
848,t,52.264769500966956,52.264769500966956
849,c,52.264769500966956,52.264769500966956
850,c,52.264769500966956,52.264769500966956
851,c,52.264769500966956,52.264769500966956
852,c,52.264769500966956,52.264769500966956
853,c,52.264769500966956,52.264769500966956
854,t,52.264769500966956,52.264769500966956
855,c,52.264769500966956,52.264769500966956
856,c,52.264769500966956,52.264769500966956
857,t,52.264769500966956,52.264769500966956
858,t,52.264769500966956,52.264769500966956
859,t,52.264769500966956,52.264769500966956
860,c,52.264769500966956,52.264769500966956
861,t,52.264769500966956,52.264769500966956
862,c,52.264769500966956,52.264769500966956
863,t,52.264769500966956,52.264769500966956
864,c,52.264769500966956,52.264769500966956
865,c,52.264769500966956,52.264769500966956
866,c,52.264769500966956,52.264769500966956
867,c,52.264769500966956,52.264769500966956
868,c,52.264769500966956,52.264769500966956
869,t,52.264769500966956,52.264769500966956
870,c,52.264769500966956,52.264769500966956
871,c,52.264769500966956,52.264769500966956
872,c,52.264769500966956,52.264769500966956
873,c,52.264769500966956,52.264769500966956
874,t,52.264769500966956,52.264769500966956
875,t,52.264769500966956,52.264769500966956
876,c,52.264769500966956,52.264769500966956
877,c,52.264769500966956,52.264769500966956
878,c,52.264769500966956,52.264769500966956
879,c,52.264769500966956,52.264769500966956
880,c,52.264769500966956,52.264769500966956
881,t,52.264769500966956,52.264769500966956
882,c,52.264769500966956,52.264769500966956
883,t,52.264769500966956,52.264769500966956
884,t,52.264769500966956,52.264769500966956
885,c,52.264769500966956,52.264769500966956
886,t,52.264769500966956,52.264769500966956
887,c,9.962817921849643,29.761491872468874
888,c,52.264769500966956,52.264769500966956
889,c,52.264769500966956,52.264769500966956
890,c,52.264769500966956,52.264769500966956
891,c,52.264769500966956,52.264769500966956
892,c,52.264769500966956,52.264769500966956
893,c,52.264769500966956,52.264769500966956
894,t,52.264769500966956,52.264769500966956
895,c,52.264769500966956,52.264769500966956
896,c,52.264769500966956,52.264769500966956
897,c,52.264769500966956,52.264769500966956
898,c,52.264769500966956,52.264769500966956
899,c,52.264769500966956,52.264769500966956
900,t,52.264769500966956,52.264769500966956
901,c,52.264769500966956,52.264769500966956
902,c,52.264769500966956,52.264769500966956
903,c,52.264769500966956,52.264769500966956
904,c,9.9471079318423,23.75880676729299
905,c,52.264769500966956,52.264769500966956
906,c,52.264769500966956,52.264769500966956
907,c,52.264769500966956,52.264769500966956
908,c,52.264769500966956,52.264769500966956
909,c,52.264769500966956,52.264769500966956
910,t,52.264769500966956,52.264769500966956
911,c,52.264769500966956,52.264769500966956
912,c,52.264769500966956,52.264769500966956
913,c,52.264769500966956,52.264769500966956
914,c,52.264769500966956,52.264769500966956
915,t,52.264769500966956,52.264769500966956
916,c,52.264769500966956,52.264769500966956
917,c,52.264769500966956,52.264769500966956
918,t,52.264769500966956,52.264769500966956
919,c,52.264769500966956,52.264769500966956
920,t,52.264769500966956,52.264769500966956
921,t,52.264769500966956,52.264769500966956
922,c,52.264769500966956,52.264769500966956
923,c,52.264769500966956,52.264769500966956
924,c,52.264769500966956,52.264769500966956
925,c,52.264769500966956,52.264769500966956
926,c,52.264769500966956,52.264769500966956
927,t,52.264769500966956,52.264769500966956
928,c,52.264769500966956,52.264769500966956
929,c,52.264769500966956,52.264769500966956
930,t,52.264769500966956,52.264769500966956
931,c,52.264769500966956,52.264769500966956
932,c,52.264769500966956,52.264769500966956
933,c,52.264769500966956,52.264769500966956
934,c,52.264769500966956,52.264769500966956
935,c,52.264769500966956,52.264769500966956
936,c,52.264769500966956,52.264769500966956
937,c,52.264769500966956,52.264769500966956
938,c,52.264769500966956,52.264769500966956
939,t,52.264769500966956,52.264769500966956
940,c,52.264769500966956,52.264769500966956
941,c,52.264769500966956,52.264769500966956
942,t,52.264769500966956,52.264769500966956
943,t,52.264769500966956,52.264769500966956
944,c,52.264769500966956,52.264769500966956
945,c,52.264769500966956,52.264769500966956
946,c,52.264769500966956,52.264769500966956
947,c,52.264769500966956,52.264769500966956
948,c,52.264769500966956,52.264769500966956
949,c,52.264769500966956,52.264769500966956
950,t,52.264769500966956,52.264769500966956
951,c,2.48762667172775,3.5857269555319853
952,c,52.264769500966956,52.264769500966956
953,c,52.264769500966956,52.264769500966956
954,c,52.264769500966956,52.264769500966956
955,t,52.264769500966956,52.264769500966956
956,t,52.264769500966956,52.264769500966956
957,c,52.264769500966956,52.264769500966956
958,c,52.264769500966956,52.264769500966956
959,c,52.264769500966956,52.264769500966956
960,c,52.264769500966956,52.264769500966956
961,t,52.264769500966956,52.264769500966956
962,c,52.264769500966956,52.264769500966956
963,c,52.264769500966956,52.264769500966956
964,c,52.264769500966956,52.264769500966956
965,c,52.264769500966956,52.264769500966956
966,c,52.264769500966956,52.264769500966956
967,t,52.264769500966956,52.264769500966956
968,c,52.264769500966956,52.264769500966956
969,c,52.264769500966956,52.264769500966956
970,t,52.264769500966956,52.264769500966956
971,c,52.264769500966956,52.264769500966956
972,c,52.264769500966956,52.264769500966956
973,c,52.264769500966956,52.264769500966956
974,c,52.264769500966956,52.264769500966956
975,c,52.264769500966956,52.264769500966956
976,c,52.264769500966956,52.264769500966956
977,c,52.264769500966956,52.264769500966956
978,t,52.264769500966956,52.264769500966956
979,c,52.264769500966956,52.264769500966956
980,c,52.264769500966956,52.264769500966956
981,c,52.264769500966956,52.264769500966956
982,t,52.264769500966956,52.264769500966956
983,c,52.264769500966956,52.264769500966956
984,c,52.264769500966956,52.264769500966956
985,c,52.264769500966956,52.264769500966956
986,na,0,52.264769500966956
987,c,52.264769500966956,52.264769500966956
988,c,52.264769500966956,52.264769500966956
989,c,52.264769500966956,52.264769500966956
990,c,52.264769500966956,52.264769500966956
991,c,52.264769500966956,52.264769500966956
992,t,52.264769500966956,52.264769500966956
993,c,52.264769500966956,52.264769500966956
994,c,52.264769500966956,52.264769500966956
995,c,52.264769500966956,52.264769500966956
996,c,52.264769500966956,52.264769500966956
997,c,52.264769500966956,52.264769500966956
998,c,52.264769500966956,52.264769500966956
999,c,52.264769500966956,52.264769500966956
1000,t,52.264769500966956,52.264769500966956
1001,c,52.264769500966956,52.264769500966956
1002,c,52.264769500966956,52.264769500966956
1003,c,52.264769500966956,52.264769500966956
1004,t,52.264769500966956,52.264769500966956
1005,t,52.264769500966956,52.264769500966956
1006,t,52.264769500966956,52.264769500966956
1007,t,52.264769500966956,52.264769500966956
1008,c,52.264769500966956,52.264769500966956
1009,c,52.264769500966956,52.264769500966956
1010,t,52.264769500966956,52.264769500966956
1011,c,52.264769500966956,52.264769500966956
1012,c,52.264769500966956,52.264769500966956
1013,c,7.901064319286659,11.812605450561543
1014,t,52.264769500966956,52.264769500966956
1015,t,52.264769500966956,52.264769500966956
1016,c,52.264769500966956,52.264769500966956
1017,t,52.264769500966956,52.264769500966956
1018,c,52.264769500966956,52.264769500966956
1019,c,52.264769500966956,52.264769500966956
1020,c,52.264769500966956,52.264769500966956
1021,c,52.264769500966956,52.264769500966956
1022,c,52.264769500966956,52.264769500966956
1023,t,52.264769500966956,52.264769500966956
1024,c,52.264769500966956,52.264769500966956
1025,c,52.264769500966956,52.264769500966956
1026,c,52.264769500966956,52.264769500966956
1027,c,52.264769500966956,52.264769500966956
1028,c,52.264769500966956,52.264769500966956
1029,c,52.264769500966956,52.264769500966956
1030,na,0,3.083713373029382
1031,c,52.264769500966956,52.264769500966956
1032,t,52.264769500966956,52.264769500966956
1033,c,52.264769500966956,52.264769500966956
1034,c,52.264769500966956,52.264769500966956
1035,c,52.264769500966956,52.264769500966956
1036,c,52.264769500966956,52.264769500966956
1037,na,19.489131731314576,25.895276752544067
1038,c,52.264769500966956,52.264769500966956
1039,c,52.264769500966956,52.264769500966956
1040,t,52.264769500966956,52.264769500966956
1041,c,52.264769500966956,52.264769500966956
1042,c,52.264769500966956,52.264769500966956
1043,c,52.264769500966956,52.264769500966956
1044,c,52.264769500966956,52.264769500966956
1045,c,52.264769500966956,52.264769500966956
1046,c,52.264769500966956,52.264769500966956
1047,c,52.264769500966956,52.264769500966956
1048,c,52.264769500966956,52.264769500966956
1049,c,52.264769500966956,52.264769500966956
1050,t,52.264769500966956,52.264769500966956
1051,c,52.264769500966956,52.264769500966956
1052,c,52.264769500966956,52.264769500966956
1053,c,52.264769500966956,52.264769500966956
1054,c,52.264769500966956,52.264769500966956
1055,na,0.4809637479631595,1.6680196255468875
1056,c,52.264769500966956,52.264769500966956
1057,c,52.264769500966956,52.264769500966956
1058,c,52.264769500966956,52.264769500966956
1059,t,52.264769500966956,52.264769500966956
1060,c,52.264769500966956,52.264769500966956
1061,c,52.264769500966956,52.264769500966956
1062,c,52.264769500966956,52.264769500966956
1063,c,52.264769500966956,52.264769500966956
1064,t,52.264769500966956,52.264769500966956
1065,c,52.264769500966956,52.264769500966956
1066,c,25.484768110518818,52.264769500966956
1067,c,52.264769500966956,52.264769500966956
1068,c,52.264769500966956,52.264769500966956
1069,c,52.264769500966956,52.264769500966956
1070,c,52.264769500966956,52.264769500966956
1071,c,52.264769500966956,52.264769500966956
1072,c,52.264769500966956,52.264769500966956
1073,c,52.264769500966956,52.264769500966956
1074,c,52.264769500966956,52.264769500966956
1075,c,52.264769500966956,52.264769500966956
1076,c,52.264769500966956,52.264769500966956
1077,t,52.264769500966956,52.264769500966956
1078,t,52.264769500966956,52.264769500966956
1079,c,52.264769500966956,52.264769500966956
1080,c,52.264769500966956,52.264769500966956
1081,c,52.264769500966956,52.264769500966956
1082,c,52.264769500966956,52.264769500966956
1083,c,52.264769500966956,52.264769500966956
1084,c,52.264769500966956,52.264769500966956
1085,c,52.264769500966956,52.264769500966956
1086,c,52.264769500966956,52.264769500966956
1087,c,52.264769500966956,52.264769500966956
1088,c,52.264769500966956,52.264769500966956
1089,c,52.264769500966956,52.264769500966956
1090,c,52.264769500966956,52.264769500966956
1091,t,52.264769500966956,52.264769500966956
1092,c,52.264769500966956,52.264769500966956
1093,t,52.264769500966956,52.264769500966956
1094,t,52.264769500966956,52.264769500966956
1095,t,52.264769500966956,52.264769500966956
1096,c,52.264769500966956,52.264769500966956
1097,c,52.264769500966956,52.264769500966956
1098,c,52.264769500966956,52.264769500966956
1099,t,52.264769500966956,52.264769500966956
1100,t,52.264769500966956,52.264769500966956
1101,c,52.264769500966956,52.264769500966956
1102,c,52.264769500966956,52.264769500966956
1103,c,52.264769500966956,52.264769500966956
1104,c,52.264769500966956,52.264769500966956
1105,c,52.264769500966956,52.264769500966956
1106,c,52.264769500966956,52.264769500966956
1107,c,52.264769500966956,52.264769500966956
1108,t,52.264769500966956,52.264769500966956
1109,c,52.264769500966956,52.264769500966956
1110,c,52.264769500966956,52.264769500966956
1111,t,52.264769500966956,52.264769500966956
1112,c,52.264769500966956,52.264769500966956
1113,c,52.264769500966956,52.264769500966956
1114,c,52.264769500966956,52.264769500966956
1115,t,52.264769500966956,52.264769500966956
1116,c,52.264769500966956,52.264769500966956
1117,c,52.264769500966956,52.264769500966956
1118,c,52.264769500966956,52.264769500966956
1119,t,52.264769500966956,52.264769500966956
1120,t,52.264769500966956,52.264769500966956
1121,c,52.264769500966956,52.264769500966956
1122,c,52.264769500966956,52.264769500966956
1123,t,52.264769500966956,52.264769500966956
1124,c,52.264769500966956,52.264769500966956
1125,c,52.264769500966956,52.264769500966956
1126,c,52.264769500966956,52.264769500966956
1127,c,52.264769500966956,52.264769500966956
1128,t,52.264769500966956,52.264769500966956
1129,c,52.264769500966956,52.264769500966956
1130,c,52.264769500966956,52.264769500966956
1131,c,52.264769500966956,52.264769500966956
1132,c,52.264769500966956,52.264769500966956
1133,c,52.264769500966956,52.264769500966956
1134,c,52.264769500966956,52.264769500966956
1135,t,52.264769500966956,52.264769500966956
1136,c,52.264769500966956,52.264769500966956
1137,c,52.264769500966956,52.264769500966956
1138,c,52.264769500966956,52.264769500966956
1139,c,52.264769500966956,52.264769500966956
1140,c,52.264769500966956,52.264769500966956
1141,c,52.264769500966956,52.264769500966956
1142,c,52.264769500966956,52.264769500966956
1143,c,52.264769500966956,52.264769500966956
1144,c,52.264769500966956,52.264769500966956
1145,t,52.264769500966956,52.264769500966956
1146,c,52.264769500966956,52.264769500966956
1147,t,52.264769500966956,52.264769500966956
1148,c,52.264769500966956,52.264769500966956
1149,c,52.264769500966956,52.264769500966956
1150,c,52.264769500966956,52.264769500966956
1151,t,52.264769500966956,52.264769500966956
1152,c,52.264769500966956,52.264769500966956
1153,c,52.264769500966956,52.264769500966956
1154,c,52.264769500966956,52.264769500966956
1155,c,52.264769500966956,52.264769500966956
1156,c,52.264769500966956,52.264769500966956
1157,t,52.264769500966956,52.264769500966956
1158,c,52.264769500966956,52.264769500966956
1159,c,52.264769500966956,52.264769500966956
1160,na,-1,0
1161,c,52.264769500966956,52.264769500966956
1162,t,52.264769500966956,52.264769500966956
1163,na,2.635271246295725,2.9496154742563734
1164,t,52.264769500966956,52.264769500966956
1165,c,52.264769500966956,52.264769500966956
1166,c,52.264769500966956,52.264769500966956
1167,c,52.264769500966956,52.264769500966956
1168,c,52.264769500966956,52.264769500966956
1169,c,52.264769500966956,52.264769500966956
1170,c,52.264769500966956,52.264769500966956
1171,c,52.264769500966956,52.264769500966956
1172,c,52.264769500966956,52.264769500966956
1173,c,52.264769500966956,52.264769500966956
1174,c,52.264769500966956,52.264769500966956
1175,c,52.264769500966956,52.264769500966956
1176,c,52.264769500966956,52.264769500966956
1177,c,52.264769500966956,52.264769500966956
1178,c,52.264769500966956,52.264769500966956
1179,t,52.264769500966956,52.264769500966956
1180,c,52.264769500966956,52.264769500966956
1181,c,52.264769500966956,52.264769500966956
1182,c,16.58265294041361,22.383073703106916
1183,c,52.264769500966956,52.264769500966956
1184,c,52.264769500966956,52.264769500966956
1185,c,52.264769500966956,52.264769500966956
1186,c,52.264769500966956,52.264769500966956
1187,na,0,0.6610110718134605
1188,c,52.264769500966956,52.264769500966956
1189,c,52.264769500966956,52.264769500966956
1190,t,52.264769500966956,52.264769500966956
1191,c,52.264769500966956,52.264769500966956
1192,t,52.264769500966956,52.264769500966956
1193,t,52.264769500966956,52.264769500966956
1194,c,52.264769500966956,52.264769500966956
1195,c,52.264769500966956,52.264769500966956
1196,c,52.264769500966956,52.264769500966956
1197,c,52.264769500966956,52.264769500966956
1198,c,52.264769500966956,52.264769500966956
1199,c,52.264769500966956,52.264769500966956
1200,c,52.264769500966956,52.264769500966956
1201,t,52.264769500966956,52.264769500966956
1202,na,2.231868689138084,52.264769500966956
1203,c,52.264769500966956,52.264769500966956
1204,t,52.264769500966956,52.264769500966956
1205,c,52.264769500966956,52.264769500966956
1206,t,52.264769500966956,52.264769500966956
1207,c,52.264769500966956,52.264769500966956
1208,c,52.264769500966956,52.264769500966956
1209,c,52.264769500966956,52.264769500966956
1210,c,6.324868130897821,10.96503524923085
1211,c,52.264769500966956,52.264769500966956
1212,c,52.264769500966956,52.264769500966956
1213,c,52.264769500966956,52.264769500966956
1214,t,52.264769500966956,52.264769500966956
1215,c,52.264769500966956,52.264769500966956
1216,c,52.264769500966956,52.264769500966956
1217,t,52.264769500966956,52.264769500966956
1218,c,52.264769500966956,52.264769500966956
1219,c,52.264769500966956,52.264769500966956
1220,t,52.264769500966956,52.264769500966956
1221,c,52.264769500966956,52.264769500966956
1222,c,52.264769500966956,52.264769500966956
1223,c,52.264769500966956,52.264769500966956
1224,c,52.264769500966956,52.264769500966956
1225,c,52.264769500966956,52.264769500966956
1226,c,52.264769500966956,52.264769500966956
1227,c,52.264769500966956,52.264769500966956
1228,c,52.264769500966956,52.264769500966956
1229,c,52.264769500966956,52.264769500966956
1230,c,52.264769500966956,52.264769500966956
1231,c,52.264769500966956,52.264769500966956
1232,t,52.264769500966956,52.264769500966956
1233,c,52.264769500966956,52.264769500966956
1234,c,52.264769500966956,52.264769500966956
1235,c,52.264769500966956,52.264769500966956
1236,c,52.264769500966956,52.264769500966956
1237,c,52.264769500966956,52.264769500966956
1238,t,52.264769500966956,52.264769500966956
1239,c,52.264769500966956,52.264769500966956
1240,c,52.264769500966956,52.264769500966956
1241,c,52.264769500966956,52.264769500966956
1242,c,52.264769500966956,52.264769500966956
1243,c,52.264769500966956,52.264769500966956
1244,c,52.264769500966956,52.264769500966956
1245,c,52.264769500966956,52.264769500966956
1246,t,52.264769500966956,52.264769500966956
1247,c,52.264769500966956,52.264769500966956
1248,c,52.264769500966956,52.264769500966956
1249,c,52.264769500966956,52.264769500966956
1250,t,52.264769500966956,52.264769500966956
1251,c,52.264769500966956,52.264769500966956
1252,c,52.264769500966956,52.264769500966956
1253,c,52.264769500966956,52.264769500966956
1254,t,52.264769500966956,52.264769500966956
1255,c,52.264769500966956,52.264769500966956
1256,t,52.264769500966956,52.264769500966956
1257,c,52.264769500966956,52.264769500966956
1258,c,52.264769500966956,52.264769500966956
1259,t,52.264769500966956,52.264769500966956
1260,c,52.264769500966956,52.264769500966956
1261,c,52.264769500966956,52.264769500966956
1262,t,52.264769500966956,52.264769500966956
1263,c,52.264769500966956,52.264769500966956
1264,c,52.264769500966956,52.264769500966956
1265,t,52.264769500966956,52.264769500966956
1266,c,52.264769500966956,52.264769500966956
1267,c,52.264769500966956,52.264769500966956
1268,c,52.264769500966956,52.264769500966956
1269,c,52.264769500966956,52.264769500966956
1270,c,52.264769500966956,52.264769500966956
1271,c,52.264769500966956,52.264769500966956
1272,c,52.264769500966956,52.264769500966956
1273,c,52.264769500966956,52.264769500966956
1274,c,52.264769500966956,52.264769500966956
1275,t,52.264769500966956,52.264769500966956
1276,c,52.264769500966956,52.264769500966956
1277,c,52.264769500966956,52.264769500966956
1278,c,52.264769500966956,52.264769500966956
1279,c,52.264769500966956,52.264769500966956
1280,na,0,3.546253977513294
1281,t,52.264769500966956,52.264769500966956
1282,c,52.264769500966956,52.264769500966956
1283,c,52.264769500966956,52.264769500966956
1284,c,52.264769500966956,52.264769500966956
1285,c,52.264769500966956,52.264769500966956
1286,c,52.264769500966956,52.264769500966956
1287,na,0,6.69004434386478
1288,c,52.264769500966956,52.264769500966956
1289,c,52.264769500966956,52.264769500966956
1290,c,52.264769500966956,52.264769500966956
1291,c,52.264769500966956,52.264769500966956
1292,c,52.264769500966956,52.264769500966956
1293,na,-1,0
1294,c,52.264769500966956,52.264769500966956
1295,c,52.264769500966956,52.264769500966956
1296,c,52.264769500966956,52.264769500966956
1297,c,52.264769500966956,52.264769500966956
1298,c,52.264769500966956,52.264769500966956
1299,c,52.264769500966956,52.264769500966956
1300,t,52.264769500966956,52.264769500966956
1301,c,52.264769500966956,52.264769500966956
1302,t,52.264769500966956,52.264769500966956
1303,c,52.264769500966956,52.264769500966956
1304,t,52.264769500966956,52.264769500966956
1305,c,52.264769500966956,52.264769500966956
1306,c,52.264769500966956,52.264769500966956
1307,c,52.264769500966956,52.264769500966956
1308,c,52.264769500966956,52.264769500966956
1309,c,52.264769500966956,52.264769500966956
1310,c,52.264769500966956,52.264769500966956
1311,c,52.264769500966956,52.264769500966956
1312,c,52.264769500966956,52.264769500966956
1313,c,52.264769500966956,52.264769500966956
1314,c,52.264769500966956,52.264769500966956
1315,c,52.264769500966956,52.264769500966956
1316,c,16.668039304104575,17.415256757522187
1317,c,52.264769500966956,52.264769500966956
1318,c,52.264769500966956,52.264769500966956
1319,c,52.264769500966956,52.264769500966956
1320,c,52.264769500966956,52.264769500966956
1321,c,52.264769500966956,52.264769500966956
1322,c,52.264769500966956,52.264769500966956
1323,t,52.264769500966956,52.264769500966956
1324,t,52.264769500966956,52.264769500966956
1325,c,52.264769500966956,52.264769500966956
1326,c,20.30235493297536,26.8437675512438
1327,t,52.264769500966956,52.264769500966956
1328,c,52.264769500966956,52.264769500966956
1329,c,52.264769500966956,52.264769500966956
1330,c,52.264769500966956,52.264769500966956
1331,t,52.264769500966956,52.264769500966956
1332,c,4.298942578124004,6.732244248654518
1333,t,52.264769500966956,52.264769500966956
1334,c,52.264769500966956,52.264769500966956
1335,c,52.264769500966956,52.264769500966956
1336,c,17.720195752753593,21.01965341183898
1337,c,52.264769500966956,52.264769500966956
1338,t,52.264769500966956,52.264769500966956
1339,c,52.264769500966956,52.264769500966956
1340,c,52.264769500966956,52.264769500966956
1341,t,52.264769500966956,52.264769500966956
1342,c,52.264769500966956,52.264769500966956
1343,c,52.264769500966956,52.264769500966956
1344,c,52.264769500966956,52.264769500966956
1345,t,52.264769500966956,52.264769500966956
1346,c,13.03544593080937,15.741829447272645
1347,c,52.264769500966956,52.264769500966956
1348,t,52.264769500966956,52.264769500966956
1349,c,52.264769500966956,52.264769500966956
1350,c,52.264769500966956,52.264769500966956
1351,c,52.264769500966956,52.264769500966956
1352,t,52.264769500966956,52.264769500966956
1353,c,52.264769500966956,52.264769500966956
1354,c,52.264769500966956,52.264769500966956
1355,t,52.264769500966956,52.264769500966956
1356,c,52.264769500966956,52.264769500966956
1357,c,52.264769500966956,52.264769500966956
1358,c,52.264769500966956,52.264769500966956
1359,t,52.264769500966956,52.264769500966956
1360,c,52.264769500966956,52.264769500966956
1361,c,52.264769500966956,52.264769500966956
1362,c,52.264769500966956,52.264769500966956
1363,na,0,2.1389555801298825
1364,t,52.264769500966956,52.264769500966956
1365,c,52.264769500966956,52.264769500966956
1366,c,52.264769500966956,52.264769500966956
1367,c,52.264769500966956,52.264769500966956
1368,c,52.264769500966956,52.264769500966956
1369,t,52.264769500966956,52.264769500966956
1370,c,52.264769500966956,52.264769500966956
1371,c,52.264769500966956,52.264769500966956
1372,t,52.264769500966956,52.264769500966956
1373,t,52.264769500966956,52.264769500966956
1374,c,52.264769500966956,52.264769500966956
1375,c,52.264769500966956,52.264769500966956
1376,t,52.264769500966956,52.264769500966956
1377,c,52.264769500966956,52.264769500966956
1378,c,52.264769500966956,52.264769500966956
1379,t,52.264769500966956,52.264769500966956
1380,c,12.021006581635532,23.599957617973853
1381,c,52.264769500966956,52.264769500966956
1382,c,52.264769500966956,52.264769500966956
1383,c,52.264769500966956,52.264769500966956
1384,c,6.9646337652748365,11.953216228442004
1385,t,52.264769500966956,52.264769500966956
1386,c,52.264769500966956,52.264769500966956
1387,c,52.264769500966956,52.264769500966956
1388,c,52.264769500966956,52.264769500966956
1389,c,52.264769500966956,52.264769500966956
1390,c,52.264769500966956,52.264769500966956
1391,c,52.264769500966956,52.264769500966956
1392,c,16.677671635564785,18.688700045906387
1393,c,52.264769500966956,52.264769500966956
1394,c,52.264769500966956,52.264769500966956
1395,c,52.264769500966956,52.264769500966956
1396,t,52.264769500966956,52.264769500966956
1397,c,52.264769500966956,52.264769500966956
1398,c,52.264769500966956,52.264769500966956
1399,c,52.264769500966956,52.264769500966956
1400,c,52.264769500966956,52.264769500966956
1401,c,52.264769500966956,52.264769500966956
1402,c,52.264769500966956,52.264769500966956
1403,c,52.264769500966956,52.264769500966956
1404,t,52.264769500966956,52.264769500966956
1405,c,52.264769500966956,52.264769500966956
1406,c,52.264769500966956,52.264769500966956
1407,c,52.264769500966956,52.264769500966956
1408,c,52.264769500966956,52.264769500966956
1409,c,52.264769500966956,52.264769500966956
1410,c,52.264769500966956,52.264769500966956
1411,c,52.264769500966956,52.264769500966956
1412,c,52.264769500966956,52.264769500966956
1413,c,52.264769500966956,52.264769500966956
1414,c,52.264769500966956,52.264769500966956
1415,c,52.264769500966956,52.264769500966956
1416,c,52.264769500966956,52.264769500966956
1417,c,52.264769500966956,52.264769500966956
1418,c,52.264769500966956,52.264769500966956
1419,c,52.264769500966956,52.264769500966956
1420,c,52.264769500966956,52.264769500966956
1421,c,52.264769500966956,52.264769500966956
1422,c,52.264769500966956,52.264769500966956
1423,t,52.264769500966956,52.264769500966956
1424,c,52.264769500966956,52.264769500966956
1425,c,52.264769500966956,52.264769500966956
1426,t,52.264769500966956,52.264769500966956
1427,c,52.264769500966956,52.264769500966956
1428,t,52.264769500966956,52.264769500966956
1429,c,52.264769500966956,52.264769500966956
1430,c,52.264769500966956,52.264769500966956
1431,t,52.264769500966956,52.264769500966956
1432,c,52.264769500966956,52.264769500966956
1433,c,52.264769500966956,52.264769500966956
1434,c,52.264769500966956,52.264769500966956
1435,c,52.264769500966956,52.264769500966956
1436,t,52.264769500966956,52.264769500966956
1437,c,52.264769500966956,52.264769500966956
1438,c,52.264769500966956,52.264769500966956
1439,t,52.264769500966956,52.264769500966956
1440,c,52.264769500966956,52.264769500966956
1441,c,52.264769500966956,52.264769500966956
1442,c,52.264769500966956,52.264769500966956
1443,c,52.264769500966956,52.264769500966956
1444,c,52.264769500966956,52.264769500966956
1445,c,11.737568914834686,13.321683579546272
1446,c,52.264769500966956,52.264769500966956
1447,c,52.264769500966956,52.264769500966956
1448,na,0,9.450770808072958
1449,t,52.264769500966956,52.264769500966956
1450,c,52.264769500966956,52.264769500966956
1451,c,52.264769500966956,52.264769500966956
1452,t,52.264769500966956,52.264769500966956
1453,c,52.264769500966956,52.264769500966956
1454,t,52.264769500966956,52.264769500966956
1455,c,52.264769500966956,52.264769500966956
1456,t,52.264769500966956,52.264769500966956
1457,c,52.264769500966956,52.264769500966956
1458,c,52.264769500966956,52.264769500966956
1459,c,52.264769500966956,52.264769500966956
1460,c,52.264769500966956,52.264769500966956
1461,c,52.264769500966956,52.264769500966956
1462,c,52.264769500966956,52.264769500966956
1463,c,52.264769500966956,52.264769500966956
1464,t,52.264769500966956,52.264769500966956
1465,c,52.264769500966956,52.264769500966956
1466,c,52.264769500966956,52.264769500966956
1467,c,52.264769500966956,52.264769500966956
1468,c,52.264769500966956,52.264769500966956
1469,c,52.264769500966956,52.264769500966956
1470,c,52.264769500966956,52.264769500966956
1471,t,52.264769500966956,52.264769500966956
1472,c,52.264769500966956,52.264769500966956
1473,c,52.264769500966956,52.264769500966956
1474,t,52.264769500966956,52.264769500966956
1475,c,52.264769500966956,52.264769500966956
1476,c,52.264769500966956,52.264769500966956
1477,t,52.264769500966956,52.264769500966956
1478,c,52.264769500966956,52.264769500966956
1479,c,52.264769500966956,52.264769500966956
1480,t,52.264769500966956,52.264769500966956
1481,t,52.264769500966956,52.264769500966956
1482,na,4.56329342613951,7.893321881299551
1483,c,52.264769500966956,52.264769500966956
1484,c,52.264769500966956,52.264769500966956
1485,c,52.264769500966956,52.264769500966956
1486,t,52.264769500966956,52.264769500966956
1487,c,52.264769500966956,52.264769500966956
1488,c,52.264769500966956,52.264769500966956
1489,c,52.264769500966956,52.264769500966956
1490,c,52.264769500966956,52.264769500966956
1491,c,52.264769500966956,52.264769500966956
1492,c,52.264769500966956,52.264769500966956
1493,c,52.264769500966956,52.264769500966956
1494,c,52.264769500966956,52.264769500966956
1495,c,52.264769500966956,52.264769500966956
1496,c,52.264769500966956,52.264769500966956
1497,c,52.264769500966956,52.264769500966956
1498,c,4.860301947018067,14.347176591714152
1499,c,52.264769500966956,52.264769500966956
1500,c,52.264769500966956,52.264769500966956
1501,c,52.264769500966956,52.264769500966956
1502,c,52.264769500966956,52.264769500966956
1503,c,52.264769500966956,52.264769500966956
1504,c,52.264769500966956,52.264769500966956
1505,c,52.264769500966956,52.264769500966956
1506,c,52.264769500966956,52.264769500966956
1507,t,52.264769500966956,52.264769500966956
1508,t,52.264769500966956,52.264769500966956
1509,na,0,2.881960866049442
1510,c,52.264769500966956,52.264769500966956
1511,c,52.264769500966956,52.264769500966956
1512,c,52.264769500966956,52.264769500966956
1513,c,52.264769500966956,52.264769500966956
1514,c,52.264769500966956,52.264769500966956
1515,c,52.264769500966956,52.264769500966956
1516,c,52.264769500966956,52.264769500966956
1517,t,52.264769500966956,52.264769500966956
1518,c,52.264769500966956,52.264769500966956
1519,na,2.512628339976383,6.819255749701159
1520,c,52.264769500966956,52.264769500966956
1521,c,52.264769500966956,52.264769500966956
1522,t,52.264769500966956,52.264769500966956
1523,t,52.264769500966956,52.264769500966956
1524,c,52.264769500966956,52.264769500966956
1525,c,52.264769500966956,52.264769500966956
1526,c,52.264769500966956,52.264769500966956
1527,t,52.264769500966956,52.264769500966956
1528,t,52.264769500966956,52.264769500966956
1529,c,52.264769500966956,52.264769500966956
1530,t,52.264769500966956,52.264769500966956
1531,c,52.264769500966956,52.264769500966956
1532,c,52.264769500966956,52.264769500966956
1533,c,52.264769500966956,52.264769500966956
1534,t,52.264769500966956,52.264769500966956
1535,c,52.264769500966956,52.264769500966956
1536,c,52.264769500966956,52.264769500966956
1537,c,52.264769500966956,52.264769500966956
1538,c,6.239253555555177,14.369869018878207
1539,c,52.264769500966956,52.264769500966956
1540,c,52.264769500966956,52.264769500966956
1541,t,52.264769500966956,52.264769500966956
1542,c,52.264769500966956,52.264769500966956
1543,c,52.264769500966956,52.264769500966956
1544,c,52.264769500966956,52.264769500966956
1545,c,52.264769500966956,52.264769500966956
1546,c,52.264769500966956,52.264769500966956
1547,c,52.264769500966956,52.264769500966956
1548,c,52.264769500966956,52.264769500966956
1549,c,52.264769500966956,52.264769500966956
1550,t,52.264769500966956,52.264769500966956
1551,c,52.264769500966956,52.264769500966956
1552,c,52.264769500966956,52.264769500966956
1553,c,52.264769500966956,52.264769500966956
1554,c,52.264769500966956,52.264769500966956
1555,c,52.264769500966956,52.264769500966956
1556,c,52.264769500966956,52.264769500966956
1557,c,52.264769500966956,52.264769500966956
1558,t,52.264769500966956,52.264769500966956
1559,t,52.264769500966956,52.264769500966956
1560,c,52.264769500966956,52.264769500966956
1561,c,52.264769500966956,52.264769500966956
1562,c,52.264769500966956,52.264769500966956
1563,t,52.264769500966956,52.264769500966956
1564,c,52.264769500966956,52.264769500966956
1565,c,52.264769500966956,52.264769500966956
1566,c,52.264769500966956,52.264769500966956
1567,c,52.264769500966956,52.264769500966956
1568,c,52.264769500966956,52.264769500966956
1569,c,52.264769500966956,52.264769500966956
1570,na,0,0.5942375315215724
1571,t,52.264769500966956,52.264769500966956
1572,c,52.264769500966956,52.264769500966956
1573,c,52.264769500966956,52.264769500966956
1574,c,52.264769500966956,52.264769500966956
1575,c,52.264769500966956,52.264769500966956
1576,t,52.264769500966956,52.264769500966956
1577,c,52.264769500966956,52.264769500966956
1578,c,52.264769500966956,52.264769500966956
1579,c,52.264769500966956,52.264769500966956
1580,c,52.264769500966956,52.264769500966956
1581,c,52.264769500966956,52.264769500966956
1582,c,52.264769500966956,52.264769500966956
1583,c,52.264769500966956,52.264769500966956
1584,c,52.264769500966956,52.264769500966956
1585,c,52.264769500966956,52.264769500966956
1586,c,52.264769500966956,52.264769500966956
1587,t,52.264769500966956,52.264769500966956
1588,c,52.264769500966956,52.264769500966956
1589,c,52.264769500966956,52.264769500966956
1590,c,52.264769500966956,52.264769500966956
1591,c,11.032087006219163,14.684251001200108
1592,c,52.264769500966956,52.264769500966956
1593,na,-1,0
1594,t,52.264769500966956,52.264769500966956
1595,c,52.264769500966956,52.264769500966956
1596,c,52.264769500966956,52.264769500966956
1597,c,52.264769500966956,52.264769500966956
1598,c,52.264769500966956,52.264769500966956
1599,c,52.264769500966956,52.264769500966956
1600,c,52.264769500966956,52.264769500966956
1601,c,52.264769500966956,52.264769500966956
1602,c,52.264769500966956,52.264769500966956
1603,c,52.264769500966956,52.264769500966956
1604,t,52.264769500966956,52.264769500966956
1605,c,52.264769500966956,52.264769500966956
1606,c,52.264769500966956,52.264769500966956
1607,c,52.264769500966956,52.264769500966956
1608,c,52.264769500966956,52.264769500966956
1609,c,52.264769500966956,52.264769500966956
1610,c,52.264769500966956,52.264769500966956
1611,t,52.264769500966956,52.264769500966956
1612,c,52.264769500966956,52.264769500966956
1613,c,52.264769500966956,52.264769500966956
1614,t,52.264769500966956,52.264769500966956
1615,c,52.264769500966956,52.264769500966956
1616,c,52.264769500966956,52.264769500966956
1617,c,52.264769500966956,52.264769500966956
1618,c,52.264769500966956,52.264769500966956
1619,c,52.264769500966956,52.264769500966956
1620,c,52.264769500966956,52.264769500966956
1621,c,52.264769500966956,52.264769500966956
1622,c,52.264769500966956,52.264769500966956
1623,c,52.264769500966956,52.264769500966956
1624,c,52.264769500966956,52.264769500966956
1625,c,52.264769500966956,52.264769500966956
1626,c,52.264769500966956,52.264769500966956
1627,c,52.264769500966956,52.264769500966956
1628,c,52.264769500966956,52.264769500966956
1629,c,52.264769500966956,52.264769500966956
1630,c,52.264769500966956,52.264769500966956
1631,c,52.264769500966956,52.264769500966956
1632,c,52.264769500966956,52.264769500966956
1633,t,52.264769500966956,52.264769500966956
1634,c,52.264769500966956,52.264769500966956
1635,c,52.264769500966956,52.264769500966956
1636,t,52.264769500966956,52.264769500966956
1637,c,52.264769500966956,52.264769500966956
1638,t,52.264769500966956,52.264769500966956
1639,c,52.264769500966956,52.264769500966956
1640,c,52.264769500966956,52.264769500966956
1641,c,52.264769500966956,52.264769500966956
1642,c,52.264769500966956,52.264769500966956
1643,t,52.264769500966956,52.264769500966956
1644,c,52.264769500966956,52.264769500966956
1645,c,52.264769500966956,52.264769500966956
1646,c,22.158095939644742,24.36954292175942
1647,c,52.264769500966956,52.264769500966956
1648,c,52.264769500966956,52.264769500966956
1649,c,52.264769500966956,52.264769500966956
1650,t,52.264769500966956,52.264769500966956
1651,c,52.264769500966956,52.264769500966956
1652,t,52.264769500966956,52.264769500966956
1653,c,52.264769500966956,52.264769500966956
1654,c,52.264769500966956,52.264769500966956
1655,c,52.264769500966956,52.264769500966956
1656,c,52.264769500966956,52.264769500966956
1657,t,52.264769500966956,52.264769500966956
1658,c,19.601601651533908,22.90687831856369
1659,c,52.264769500966956,52.264769500966956
1660,c,52.264769500966956,52.264769500966956
1661,t,52.264769500966956,52.264769500966956
1662,c,52.264769500966956,52.264769500966956
1663,c,52.264769500966956,52.264769500966956
1664,c,52.264769500966956,52.264769500966956
1665,c,52.264769500966956,52.264769500966956
1666,c,11.215138680573661,17.154700399214867
1667,t,52.264769500966956,52.264769500966956
1668,c,52.264769500966956,52.264769500966956
1669,na,2.5554411699735877,4.777521385073809
1670,c,52.264769500966956,52.264769500966956
1671,c,52.264769500966956,52.264769500966956
1672,c,52.264769500966956,52.264769500966956
1673,c,52.264769500966956,52.264769500966956
1674,t,52.264769500966956,52.264769500966956
1675,c,52.264769500966956,52.264769500966956
1676,c,52.264769500966956,52.264769500966956
1677,t,52.264769500966956,52.264769500966956
1678,c,52.264769500966956,52.264769500966956
1679,t,52.264769500966956,52.264769500966956
1680,c,52.264769500966956,52.264769500966956
1681,c,52.264769500966956,52.264769500966956
1682,c,52.264769500966956,52.264769500966956
1683,c,52.264769500966956,52.264769500966956
1684,c,52.264769500966956,52.264769500966956
1685,t,52.264769500966956,52.264769500966956
1686,c,52.264769500966956,52.264769500966956
1687,c,52.264769500966956,52.264769500966956
1688,c,52.264769500966956,52.264769500966956
1689,c,52.264769500966956,52.264769500966956
1690,c,23.57804018207658,34.56395195260342
1691,c,52.264769500966956,52.264769500966956
1692,t,52.264769500966956,52.264769500966956
1693,c,52.264769500966956,52.264769500966956
1694,c,52.264769500966956,52.264769500966956
1695,c,52.264769500966956,52.264769500966956
1696,na,7.805072978064047,14.239485894968324
1697,c,52.264769500966956,52.264769500966956
1698,c,52.264769500966956,52.264769500966956
1699,t,52.264769500966956,52.264769500966956
1700,c,52.264769500966956,52.264769500966956
1701,c,52.264769500966956,52.264769500966956
1702,c,52.264769500966956,52.264769500966956
1703,c,52.264769500966956,52.264769500966956
1704,c,52.264769500966956,52.264769500966956
1705,c,52.264769500966956,52.264769500966956
1706,c,52.264769500966956,52.264769500966956
1707,c,52.264769500966956,52.264769500966956
1708,c,52.264769500966956,52.264769500966956
1709,c,52.264769500966956,52.264769500966956
1710,c,52.264769500966956,52.264769500966956
1711,c,52.264769500966956,52.264769500966956
1712,c,52.264769500966956,52.264769500966956
1713,c,52.264769500966956,52.264769500966956
1714,c,52.264769500966956,52.264769500966956
1715,c,9.324951744960677,11.540447410527074
1716,t,52.264769500966956,52.264769500966956
1717,c,52.264769500966956,52.264769500966956
1718,c,52.264769500966956,52.264769500966956
1719,c,52.264769500966956,52.264769500966956
1720,c,52.264769500966956,52.264769500966956
1721,c,52.264769500966956,52.264769500966956
1722,c,52.264769500966956,52.264769500966956
1723,c,52.264769500966956,52.264769500966956
1724,c,52.264769500966956,52.264769500966956
1725,t,52.264769500966956,52.264769500966956
1726,c,52.264769500966956,52.264769500966956
1727,c,52.264769500966956,52.264769500966956
1728,c,52.264769500966956,52.264769500966956
1729,c,52.264769500966956,52.264769500966956
1730,t,52.264769500966956,52.264769500966956
1731,t,52.264769500966956,52.264769500966956
1732,c,52.264769500966956,52.264769500966956
1733,c,52.264769500966956,52.264769500966956
1734,c,52.264769500966956,52.264769500966956
1735,c,52.264769500966956,52.264769500966956
1736,c,52.264769500966956,52.264769500966956
1737,c,52.264769500966956,52.264769500966956
1738,c,52.264769500966956,52.264769500966956
1739,c,52.264769500966956,52.264769500966956
1740,t,52.264769500966956,52.264769500966956
1741,c,52.264769500966956,52.264769500966956
1742,c,52.264769500966956,52.264769500966956
1743,c,52.264769500966956,52.264769500966956
1744,c,52.264769500966956,52.264769500966956
1745,c,52.264769500966956,52.264769500966956
1746,c,52.264769500966956,52.264769500966956
1747,c,3.054079245874901,52.264769500966956
1748,c,52.264769500966956,52.264769500966956
1749,t,52.264769500966956,52.264769500966956
1750,na,0.6312675425952992,3.3820853895414653
1751,c,52.264769500966956,52.264769500966956
1752,c,52.264769500966956,52.264769500966956
1753,c,52.264769500966956,52.264769500966956
1754,c,52.264769500966956,52.264769500966956
1755,c,52.264769500966956,52.264769500966956
1756,t,52.264769500966956,52.264769500966956
1757,c,52.264769500966956,52.264769500966956
1758,na,3.685540831357241,52.264769500966956
1759,c,52.264769500966956,52.264769500966956
1760,t,52.264769500966956,52.264769500966956
1761,c,52.264769500966956,52.264769500966956
1762,c,52.264769500966956,52.264769500966956
1763,c,52.264769500966956,52.264769500966956
1764,c,52.264769500966956,52.264769500966956
1765,c,52.264769500966956,52.264769500966956
1766,c,10.576427318247095,16.871928920561775
1767,c,52.264769500966956,52.264769500966956
1768,c,52.264769500966956,52.264769500966956
1769,c,52.264769500966956,52.264769500966956
1770,t,52.264769500966956,52.264769500966956
1771,c,52.264769500966956,52.264769500966956
1772,c,52.264769500966956,52.264769500966956
1773,c,52.264769500966956,52.264769500966956
1774,c,52.264769500966956,52.264769500966956
1775,c,52.264769500966956,52.264769500966956
1776,c,52.264769500966956,52.264769500966956
1777,c,52.264769500966956,52.264769500966956
1778,c,52.264769500966956,52.264769500966956
1779,c,52.264769500966956,52.264769500966956
1780,t,52.264769500966956,52.264769500966956
1781,c,52.264769500966956,52.264769500966956
1782,c,52.264769500966956,52.264769500966956
1783,c,52.264769500966956,52.264769500966956
1784,t,52.264769500966956,52.264769500966956
1785,c,52.264769500966956,52.264769500966956
1786,c,52.264769500966956,52.264769500966956
1787,t,52.264769500966956,52.264769500966956
1788,t,52.264769500966956,52.264769500966956
1789,c,52.264769500966956,52.264769500966956
1790,c,7.288701327681377,9.782945825527824
1791,c,52.264769500966956,52.264769500966956
1792,t,52.264769500966956,52.264769500966956
1793,c,52.264769500966956,52.264769500966956
1794,t,52.264769500966956,52.264769500966956
1795,t,52.264769500966956,52.264769500966956
1796,t,52.264769500966956,52.264769500966956
1797,c,52.264769500966956,52.264769500966956
1798,c,7.378319853656223,16.36160811920609
1799,c,52.264769500966956,52.264769500966956
1800,c,52.264769500966956,52.264769500966956
1801,c,52.264769500966956,52.264769500966956
1802,t,52.264769500966956,52.264769500966956
1803,c,52.264769500966956,52.264769500966956
1804,c,52.264769500966956,52.264769500966956
1805,c,52.264769500966956,52.264769500966956
1806,c,52.264769500966956,52.264769500966956
1807,c,52.264769500966956,52.264769500966956
1808,c,52.264769500966956,52.264769500966956
1809,c,52.264769500966956,52.264769500966956
1810,c,52.264769500966956,52.264769500966956
1811,c,52.264769500966956,52.264769500966956
1812,c,52.264769500966956,52.264769500966956
1813,c,52.264769500966956,52.264769500966956
1814,c,52.264769500966956,52.264769500966956
1815,c,52.264769500966956,52.264769500966956
1816,c,52.264769500966956,52.264769500966956
1817,c,52.264769500966956,52.264769500966956
1818,c,52.264769500966956,52.264769500966956
1819,c,52.264769500966956,52.264769500966956
1820,t,52.264769500966956,52.264769500966956
1821,c,52.264769500966956,52.264769500966956
1822,c,52.264769500966956,52.264769500966956
1823,c,52.264769500966956,52.264769500966956
1824,c,52.264769500966956,52.264769500966956
1825,c,52.264769500966956,52.264769500966956
1826,c,52.264769500966956,52.264769500966956
1827,t,52.264769500966956,52.264769500966956
1828,t,52.264769500966956,52.264769500966956
1829,c,52.264769500966956,52.264769500966956
1830,t,52.264769500966956,52.264769500966956
1831,c,52.264769500966956,52.264769500966956
1832,c,52.264769500966956,52.264769500966956
1833,c,52.264769500966956,52.264769500966956
1834,c,52.264769500966956,52.264769500966956
1835,c,52.264769500966956,52.264769500966956
1836,c,52.264769500966956,52.264769500966956
1837,t,52.264769500966956,52.264769500966956
1838,t,52.264769500966956,52.264769500966956
1839,t,52.264769500966956,52.264769500966956
1840,c,52.264769500966956,52.264769500966956
1841,c,52.264769500966956,52.264769500966956
1842,c,52.264769500966956,52.264769500966956
1843,t,52.264769500966956,52.264769500966956
1844,c,52.264769500966956,52.264769500966956
1845,c,52.264769500966956,52.264769500966956
1846,t,52.264769500966956,52.264769500966956
1847,c,52.264769500966956,52.264769500966956
1848,c,52.264769500966956,52.264769500966956
1849,t,52.264769500966956,52.264769500966956
1850,c,52.264769500966956,52.264769500966956
1851,c,52.264769500966956,52.264769500966956
1852,c,52.264769500966956,52.264769500966956
1853,c,52.264769500966956,52.264769500966956
1854,t,52.264769500966956,52.264769500966956
1855,t,52.264769500966956,52.264769500966956
1856,t,52.264769500966956,52.264769500966956
1857,c,52.264769500966956,52.264769500966956
1858,c,52.264769500966956,52.264769500966956
1859,c,52.264769500966956,52.264769500966956
1860,c,52.264769500966956,52.264769500966956
1861,c,20.229870595549265,28.20430404079939
1862,c,52.264769500966956,52.264769500966956
1863,c,52.264769500966956,52.264769500966956
1864,c,52.264769500966956,52.264769500966956
1865,c,52.264769500966956,52.264769500966956
1866,c,52.264769500966956,52.264769500966956
1867,c,52.264769500966956,52.264769500966956
1868,t,52.264769500966956,52.264769500966956
1869,c,52.264769500966956,52.264769500966956
1870,c,52.264769500966956,52.264769500966956
1871,c,52.264769500966956,52.264769500966956
1872,c,52.264769500966956,52.264769500966956
1873,c,52.264769500966956,52.264769500966956
1874,c,52.264769500966956,52.264769500966956
1875,c,52.264769500966956,52.264769500966956
1876,t,52.264769500966956,52.264769500966956
1877,t,52.264769500966956,52.264769500966956
1878,c,52.264769500966956,52.264769500966956
1879,c,52.264769500966956,52.264769500966956
1880,c,52.264769500966956,52.264769500966956
1881,c,52.264769500966956,52.264769500966956
1882,c,52.264769500966956,52.264769500966956
1883,c,52.264769500966956,52.264769500966956
1884,c,3.188263593895968,7.469240791796163
1885,c,52.264769500966956,52.264769500966956
1886,c,17.3118920562918,20.05672951632415
1887,c,52.264769500966956,52.264769500966956
1888,c,52.264769500966956,52.264769500966956
1889,c,52.264769500966956,52.264769500966956
1890,c,52.264769500966956,52.264769500966956
1891,c,52.264769500966956,52.264769500966956
1892,c,52.264769500966956,52.264769500966956
1893,c,52.264769500966956,52.264769500966956
1894,t,52.264769500966956,52.264769500966956
1895,c,52.264769500966956,52.264769500966956
1896,t,52.264769500966956,52.264769500966956
1897,t,52.264769500966956,52.264769500966956
1898,c,52.264769500966956,52.264769500966956
1899,c,18.79264144052668,27.686818924751492
1900,c,52.264769500966956,52.264769500966956
1901,t,52.264769500966956,52.264769500966956
1902,c,52.264769500966956,52.264769500966956
1903,t,52.264769500966956,52.264769500966956
1904,t,52.264769500966956,52.264769500966956
1905,c,52.264769500966956,52.264769500966956
1906,c,52.264769500966956,52.264769500966956
1907,c,52.264769500966956,52.264769500966956
1908,c,52.264769500966956,52.264769500966956
1909,c,52.264769500966956,52.264769500966956
1910,c,52.264769500966956,52.264769500966956
1911,c,16.64068210256787,16.764562162369284
1912,c,52.264769500966956,52.264769500966956
1913,c,52.264769500966956,52.264769500966956
1914,c,52.264769500966956,52.264769500966956
1915,c,52.264769500966956,52.264769500966956
1916,c,52.264769500966956,52.264769500966956
1917,c,52.264769500966956,52.264769500966956
1918,na,10.138699031027654,13.77169793823221
1919,c,52.264769500966956,52.264769500966956
1920,c,52.264769500966956,52.264769500966956
1921,c,52.264769500966956,52.264769500966956
1922,c,52.264769500966956,52.264769500966956
1923,c,12.671986636844844,30.246160855233423
1924,c,52.264769500966956,52.264769500966956
1925,c,52.264769500966956,52.264769500966956
1926,c,52.264769500966956,52.264769500966956
1927,t,52.264769500966956,52.264769500966956
1928,c,52.264769500966956,52.264769500966956
1929,c,52.264769500966956,52.264769500966956
1930,c,52.264769500966956,52.264769500966956
1931,c,52.264769500966956,52.264769500966956
1932,c,52.264769500966956,52.264769500966956
1933,c,52.264769500966956,52.264769500966956
1934,c,52.264769500966956,52.264769500966956
1935,c,52.264769500966956,52.264769500966956
1936,t,52.264769500966956,52.264769500966956
1937,t,52.264769500966956,52.264769500966956
1938,t,52.264769500966956,52.264769500966956
1939,c,52.264769500966956,52.264769500966956
1940,na,1.9945043914598752,13.571619416255404
1941,c,52.264769500966956,52.264769500966956
1942,c,52.264769500966956,52.264769500966956
1943,c,52.264769500966956,52.264769500966956
1944,c,52.264769500966956,52.264769500966956
1945,c,52.264769500966956,52.264769500966956
1946,t,52.264769500966956,52.264769500966956
1947,c,52.264769500966956,52.264769500966956
1948,c,52.264769500966956,52.264769500966956
1949,c,52.264769500966956,52.264769500966956
1950,c,52.264769500966956,52.264769500966956
1951,c,52.264769500966956,52.264769500966956
1952,c,52.264769500966956,52.264769500966956
1953,c,52.264769500966956,52.264769500966956
1954,c,52.264769500966956,52.264769500966956
1955,t,52.264769500966956,52.264769500966956
1956,t,52.264769500966956,52.264769500966956
1957,c,52.264769500966956,52.264769500966956
1958,c,52.264769500966956,52.264769500966956
1959,c,52.264769500966956,52.264769500966956
1960,t,52.264769500966956,52.264769500966956
1961,c,52.264769500966956,52.264769500966956
1962,c,52.264769500966956,52.264769500966956
1963,c,52.264769500966956,52.264769500966956
1964,c,52.264769500966956,52.264769500966956
1965,c,52.264769500966956,52.264769500966956
1966,c,52.264769500966956,52.264769500966956
1967,c,52.264769500966956,52.264769500966956
1968,c,52.264769500966956,52.264769500966956
1969,t,52.264769500966956,52.264769500966956
1970,t,52.264769500966956,52.264769500966956
1971,c,52.264769500966956,52.264769500966956
1972,c,52.264769500966956,52.264769500966956
1973,c,52.264769500966956,52.264769500966956
1974,t,52.264769500966956,52.264769500966956
1975,c,52.264769500966956,52.264769500966956
1976,c,52.264769500966956,52.264769500966956
1977,c,52.264769500966956,52.264769500966956
1978,c,52.264769500966956,52.264769500966956
1979,c,52.264769500966956,52.264769500966956
1980,c,52.264769500966956,52.264769500966956
1981,c,52.264769500966956,52.264769500966956
1982,t,52.264769500966956,52.264769500966956
1983,c,52.264769500966956,52.264769500966956
1984,c,52.264769500966956,52.264769500966956
1985,c,52.264769500966956,52.264769500966956
1986,c,52.264769500966956,52.264769500966956
1987,c,52.264769500966956,52.264769500966956
1988,c,52.264769500966956,52.264769500966956
1989,c,52.264769500966956,52.264769500966956
1990,c,52.264769500966956,52.264769500966956
1991,c,52.264769500966956,52.264769500966956
1992,c,52.264769500966956,52.264769500966956
1993,c,52.264769500966956,52.264769500966956
1994,c,52.264769500966956,52.264769500966956
1995,c,52.264769500966956,52.264769500966956
1996,c,52.264769500966956,52.264769500966956
1997,c,52.264769500966956,52.264769500966956
1998,c,52.264769500966956,52.264769500966956
1999,c,52.264769500966956,52.264769500966956
2000,c,52.264769500966956,52.264769500966956
2001,c,52.264769500966956,52.264769500966956
2002,c,52.264769500966956,52.264769500966956
2003,c,52.264769500966956,52.264769500966956
2004,c,52.264769500966956,52.264769500966956
2005,c,52.264769500966956,52.264769500966956
2006,c,52.264769500966956,52.264769500966956
2007,c,52.264769500966956,52.264769500966956
2008,c,52.264769500966956,52.264769500966956
2009,c,52.264769500966956,52.264769500966956
2010,c,52.264769500966956,52.264769500966956
2011,c,52.264769500966956,52.264769500966956
2012,t,52.264769500966956,52.264769500966956
2013,c,3.422280109367437,14.39343449937629
2014,t,52.264769500966956,52.264769500966956
2015,c,52.264769500966956,52.264769500966956
2016,c,52.264769500966956,52.264769500966956
2017,c,52.264769500966956,52.264769500966956
2018,c,52.264769500966956,52.264769500966956
2019,c,52.264769500966956,52.264769500966956
2020,c,52.264769500966956,52.264769500966956
2021,c,52.264769500966956,52.264769500966956
2022,c,52.264769500966956,52.264769500966956
2023,c,52.264769500966956,52.264769500966956
2024,c,52.264769500966956,52.264769500966956
2025,c,52.264769500966956,52.264769500966956
2026,c,52.264769500966956,52.264769500966956
2027,c,52.264769500966956,52.264769500966956
2028,c,52.264769500966956,52.264769500966956
2029,c,52.264769500966956,52.264769500966956
2030,c,52.264769500966956,52.264769500966956
2031,c,52.264769500966956,52.264769500966956
2032,c,52.264769500966956,52.264769500966956
2033,c,52.264769500966956,52.264769500966956
2034,t,52.264769500966956,52.264769500966956
2035,na,8.747571407909717,16.327149920114188
2036,t,52.264769500966956,52.264769500966956
2037,c,52.264769500966956,52.264769500966956
2038,c,52.264769500966956,52.264769500966956
2039,c,52.264769500966956,52.264769500966956
2040,c,52.264769500966956,52.264769500966956
2041,c,52.264769500966956,52.264769500966956
2042,c,52.264769500966956,52.264769500966956
2043,c,52.264769500966956,52.264769500966956
2044,t,52.264769500966956,52.264769500966956
2045,c,52.264769500966956,52.264769500966956
2046,c,52.264769500966956,52.264769500966956
2047,c,52.264769500966956,52.264769500966956
2048,c,52.264769500966956,52.264769500966956
2049,c,52.264769500966956,52.264769500966956
2050,c,52.264769500966956,52.264769500966956
2051,t,52.264769500966956,52.264769500966956
2052,t,52.264769500966956,52.264769500966956
2053,c,52.264769500966956,52.264769500966956
2054,c,52.264769500966956,52.264769500966956
2055,c,52.264769500966956,52.264769500966956
2056,c,52.264769500966956,52.264769500966956
2057,c,52.264769500966956,52.264769500966956
2058,c,52.264769500966956,52.264769500966956
2059,c,52.264769500966956,52.264769500966956
2060,t,52.264769500966956,52.264769500966956
2061,c,52.264769500966956,52.264769500966956
2062,na,-1,0
2063,c,52.264769500966956,52.264769500966956
2064,c,52.264769500966956,52.264769500966956
2065,c,52.264769500966956,52.264769500966956
2066,c,52.264769500966956,52.264769500966956
2067,c,52.264769500966956,52.264769500966956
2068,c,52.264769500966956,52.264769500966956
2069,c,52.264769500966956,52.264769500966956
2070,c,52.264769500966956,52.264769500966956
2071,c,52.264769500966956,52.264769500966956
2072,t,52.264769500966956,52.264769500966956
2073,t,52.264769500966956,52.264769500966956
2074,na,-1,0
2075,c,52.264769500966956,52.264769500966956
2076,c,52.264769500966956,52.264769500966956
2077,c,52.264769500966956,52.264769500966956
2078,c,52.264769500966956,52.264769500966956
2079,t,52.264769500966956,52.264769500966956
2080,na,0,5.622883369152591
2081,t,52.264769500966956,52.264769500966956
2082,t,52.264769500966956,52.264769500966956
2083,c,52.264769500966956,52.264769500966956
2084,c,52.264769500966956,52.264769500966956
2085,t,52.264769500966956,52.264769500966956
2086,c,52.264769500966956,52.264769500966956
2087,c,52.264769500966956,52.264769500966956
2088,t,52.264769500966956,52.264769500966956
2089,c,52.264769500966956,52.264769500966956
2090,c,52.264769500966956,52.264769500966956
2091,c,52.264769500966956,52.264769500966956
2092,c,52.264769500966956,52.264769500966956
2093,c,52.264769500966956,52.264769500966956
2094,c,52.264769500966956,52.264769500966956
2095,c,52.264769500966956,52.264769500966956
2096,c,52.264769500966956,52.264769500966956
2097,c,52.264769500966956,52.264769500966956
2098,c,52.264769500966956,52.264769500966956
2099,t,52.264769500966956,52.264769500966956
2100,c,52.264769500966956,52.264769500966956
2101,c,52.264769500966956,52.264769500966956
2102,c,52.264769500966956,52.264769500966956
2103,c,52.264769500966956,52.264769500966956
2104,t,52.264769500966956,52.264769500966956
2105,c,52.264769500966956,52.264769500966956
2106,t,52.264769500966956,52.264769500966956
2107,c,52.264769500966956,52.264769500966956
2108,t,52.264769500966956,52.264769500966956
2109,c,52.264769500966956,52.264769500966956
2110,t,52.264769500966956,52.264769500966956
2111,c,52.264769500966956,52.264769500966956
2112,c,52.264769500966956,52.264769500966956
2113,t,52.264769500966956,52.264769500966956
2114,c,52.264769500966956,52.264769500966956
2115,c,52.264769500966956,52.264769500966956
2116,t,52.264769500966956,52.264769500966956
2117,c,52.264769500966956,52.264769500966956
2118,t,52.264769500966956,52.264769500966956
2119,c,52.264769500966956,52.264769500966956
2120,c,52.264769500966956,52.264769500966956
2121,c,52.264769500966956,52.264769500966956
2122,t,52.264769500966956,52.264769500966956
2123,c,52.264769500966956,52.264769500966956
2124,c,52.264769500966956,52.264769500966956
2125,c,52.264769500966956,52.264769500966956
2126,t,52.264769500966956,52.264769500966956
2127,c,52.264769500966956,52.264769500966956
2128,t,52.264769500966956,52.264769500966956
2129,c,52.264769500966956,52.264769500966956
2130,c,52.264769500966956,52.264769500966956
2131,c,52.264769500966956,52.264769500966956
2132,c,52.264769500966956,52.264769500966956
2133,c,52.264769500966956,52.264769500966956
2134,c,52.264769500966956,52.264769500966956
2135,t,52.264769500966956,52.264769500966956
2136,c,52.264769500966956,52.264769500966956
2137,c,52.264769500966956,52.264769500966956
2138,c,52.264769500966956,52.264769500966956
2139,c,52.264769500966956,52.264769500966956
2140,t,52.264769500966956,52.264769500966956
2141,t,52.264769500966956,52.264769500966956
2142,t,52.264769500966956,52.264769500966956
2143,c,52.264769500966956,52.264769500966956
2144,c,52.264769500966956,52.264769500966956
2145,c,52.264769500966956,52.264769500966956
2146,c,52.264769500966956,52.264769500966956
2147,c,52.264769500966956,52.264769500966956
2148,c,52.264769500966956,52.264769500966956
2149,c,52.264769500966956,52.264769500966956
2150,c,52.264769500966956,52.264769500966956
2151,c,52.264769500966956,52.264769500966956
2152,c,52.264769500966956,52.264769500966956
2153,c,52.264769500966956,52.264769500966956
2154,c,52.264769500966956,52.264769500966956
2155,na,2.7865008634051147,8.337162346943273
2156,c,52.264769500966956,52.264769500966956
2157,c,52.264769500966956,52.264769500966956
2158,c,52.264769500966956,52.264769500966956
2159,t,52.264769500966956,52.264769500966956
2160,t,52.264769500966956,52.264769500966956
2161,c,52.264769500966956,52.264769500966956
2162,c,52.264769500966956,52.264769500966956
2163,c,52.264769500966956,52.264769500966956
2164,c,52.264769500966956,52.264769500966956
2165,t,52.264769500966956,52.264769500966956
2166,t,52.264769500966956,52.264769500966956
2167,c,52.264769500966956,52.264769500966956
2168,c,52.264769500966956,52.264769500966956
2169,c,52.264769500966956,52.264769500966956
2170,c,52.264769500966956,52.264769500966956
2171,c,52.264769500966956,52.264769500966956
2172,c,52.264769500966956,52.264769500966956
2173,t,52.264769500966956,52.264769500966956
2174,c,52.264769500966956,52.264769500966956
2175,t,52.264769500966956,52.264769500966956
2176,c,52.264769500966956,52.264769500966956
2177,c,52.264769500966956,52.264769500966956
2178,c,52.264769500966956,52.264769500966956
2179,c,52.264769500966956,52.264769500966956
2180,c,52.264769500966956,52.264769500966956
2181,c,52.264769500966956,52.264769500966956
2182,t,52.264769500966956,52.264769500966956
2183,c,52.264769500966956,52.264769500966956
2184,c,52.264769500966956,52.264769500966956
2185,c,52.264769500966956,52.264769500966956
2186,c,52.264769500966956,52.264769500966956
2187,c,52.264769500966956,52.264769500966956
2188,c,52.264769500966956,52.264769500966956
2189,t,52.264769500966956,52.264769500966956
2190,c,52.264769500966956,52.264769500966956
2191,t,52.264769500966956,52.264769500966956
2192,c,52.264769500966956,52.264769500966956
2193,c,52.264769500966956,52.264769500966956
2194,c,52.264769500966956,52.264769500966956
2195,c,52.264769500966956,52.264769500966956
2196,t,52.264769500966956,52.264769500966956
2197,c,52.264769500966956,52.264769500966956
2198,t,52.264769500966956,52.264769500966956
2199,t,52.264769500966956,52.264769500966956
2200,c,52.264769500966956,52.264769500966956
2201,na,0,2.6949231125845228
2202,t,52.264769500966956,52.264769500966956
2203,c,52.264769500966956,52.264769500966956
2204,c,52.264769500966956,52.264769500966956
2205,c,52.264769500966956,52.264769500966956
2206,t,52.264769500966956,52.264769500966956
2207,c,52.264769500966956,52.264769500966956
2208,c,20.278396583126987,22.177556139775454
2209,t,52.264769500966956,52.264769500966956
2210,c,52.264769500966956,52.264769500966956
2211,c,52.264769500966956,52.264769500966956
2212,t,52.264769500966956,52.264769500966956
2213,c,6.29937505258785,19.39959869914637
2214,c,52.264769500966956,52.264769500966956
2215,c,52.264769500966956,52.264769500966956
2216,c,52.264769500966956,52.264769500966956
2217,t,52.264769500966956,52.264769500966956
2218,c,52.264769500966956,52.264769500966956
2219,t,52.264769500966956,52.264769500966956
2220,c,18.760032375029752,22.90401985343775
2221,c,10.903546908964564,13.221389526258553
2222,t,52.264769500966956,52.264769500966956
2223,t,52.264769500966956,52.264769500966956
2224,c,52.264769500966956,52.264769500966956
2225,c,52.264769500966956,52.264769500966956
2226,c,52.264769500966956,52.264769500966956
2227,c,52.264769500966956,52.264769500966956
2228,c,52.264769500966956,52.264769500966956
2229,t,52.264769500966956,52.264769500966956
2230,c,52.264769500966956,52.264769500966956
2231,c,52.264769500966956,52.264769500966956
2232,c,52.264769500966956,52.264769500966956
2233,c,52.264769500966956,52.264769500966956
2234,t,52.264769500966956,52.264769500966956
2235,t,52.264769500966956,52.264769500966956
2236,c,52.264769500966956,52.264769500966956
2237,na,4.052363295131064,6.5744891573059085
2238,c,52.264769500966956,52.264769500966956
2239,c,52.264769500966956,52.264769500966956
2240,t,52.264769500966956,52.264769500966956
2241,t,52.264769500966956,52.264769500966956
2242,c,52.264769500966956,52.264769500966956
2243,c,52.264769500966956,52.264769500966956
2244,c,52.264769500966956,52.264769500966956
2245,c,52.264769500966956,52.264769500966956
2246,c,52.264769500966956,52.264769500966956
2247,c,52.264769500966956,52.264769500966956
2248,c,52.264769500966956,52.264769500966956
2249,c,52.264769500966956,52.264769500966956
2250,c,52.264769500966956,52.264769500966956
2251,c,52.264769500966956,52.264769500966956
2252,t,52.264769500966956,52.264769500966956
2253,c,52.264769500966956,52.264769500966956
2254,c,52.264769500966956,52.264769500966956
2255,c,52.264769500966956,52.264769500966956
2256,c,52.264769500966956,52.264769500966956
2257,c,52.264769500966956,52.264769500966956
2258,t,52.264769500966956,52.264769500966956
2259,t,52.264769500966956,52.264769500966956
2260,c,52.264769500966956,52.264769500966956
2261,c,52.264769500966956,52.264769500966956
2262,c,52.264769500966956,52.264769500966956
2263,c,52.264769500966956,52.264769500966956
2264,c,52.264769500966956,52.264769500966956
2265,c,52.264769500966956,52.264769500966956
2266,c,52.264769500966956,52.264769500966956
2267,c,52.264769500966956,52.264769500966956
2268,c,52.264769500966956,52.264769500966956
2269,c,52.264769500966956,52.264769500966956
2270,t,52.264769500966956,52.264769500966956
2271,t,52.264769500966956,52.264769500966956
2272,c,52.264769500966956,52.264769500966956
2273,c,52.264769500966956,52.264769500966956
2274,c,52.264769500966956,52.264769500966956
2275,t,52.264769500966956,52.264769500966956
2276,c,52.264769500966956,52.264769500966956
2277,c,52.264769500966956,52.264769500966956
2278,c,52.264769500966956,52.264769500966956
2279,c,52.264769500966956,52.264769500966956
2280,c,52.264769500966956,52.264769500966956
2281,c,52.264769500966956,52.264769500966956
2282,c,52.264769500966956,52.264769500966956
2283,c,52.264769500966956,52.264769500966956
2284,c,52.264769500966956,52.264769500966956
2285,c,52.264769500966956,52.264769500966956
2286,c,52.264769500966956,52.264769500966956
2287,c,52.264769500966956,52.264769500966956
2288,c,52.264769500966956,52.264769500966956
2289,c,52.264769500966956,52.264769500966956
2290,c,52.264769500966956,52.264769500966956
2291,c,52.264769500966956,52.264769500966956
2292,c,52.264769500966956,52.264769500966956
2293,t,52.264769500966956,52.264769500966956
2294,c,52.264769500966956,52.264769500966956
2295,c,52.264769500966956,52.264769500966956
2296,c,52.264769500966956,52.264769500966956
2297,c,52.264769500966956,52.264769500966956
2298,na,0,1.4169463403044804
2299,c,52.264769500966956,52.264769500966956
2300,c,52.264769500966956,52.264769500966956
2301,t,52.264769500966956,52.264769500966956
2302,c,52.264769500966956,52.264769500966956
2303,c,52.264769500966956,52.264769500966956
2304,c,52.264769500966956,52.264769500966956
2305,c,52.264769500966956,52.264769500966956
2306,c,52.264769500966956,52.264769500966956
2307,c,52.264769500966956,52.264769500966956
2308,c,52.264769500966956,52.264769500966956
2309,c,3.953277515406646,11.307927409451446
2310,c,52.264769500966956,52.264769500966956
2311,c,52.264769500966956,52.264769500966956
2312,c,52.264769500966956,52.264769500966956
2313,c,52.264769500966956,52.264769500966956
2314,c,52.264769500966956,52.264769500966956
2315,c,52.264769500966956,52.264769500966956
2316,t,52.264769500966956,52.264769500966956
2317,c,52.264769500966956,52.264769500966956
2318,c,52.264769500966956,52.264769500966956
2319,c,52.264769500966956,52.264769500966956
2320,c,52.264769500966956,52.264769500966956
2321,c,52.264769500966956,52.264769500966956
2322,c,17.91216059361795,20.984671090689886
2323,c,52.264769500966956,52.264769500966956
2324,c,52.264769500966956,52.264769500966956
2325,c,52.264769500966956,52.264769500966956
2326,c,52.264769500966956,52.264769500966956
2327,t,52.264769500966956,52.264769500966956
2328,c,52.264769500966956,52.264769500966956
2329,c,52.264769500966956,52.264769500966956
2330,t,52.264769500966956,52.264769500966956
2331,c,52.264769500966956,52.264769500966956
2332,t,52.264769500966956,52.264769500966956
2333,c,52.264769500966956,52.264769500966956
2334,t,52.264769500966956,52.264769500966956
2335,c,52.264769500966956,52.264769500966956
2336,c,52.264769500966956,52.264769500966956
2337,t,52.264769500966956,52.264769500966956
2338,c,52.264769500966956,52.264769500966956
2339,c,52.264769500966956,52.264769500966956
2340,c,52.264769500966956,52.264769500966956
2341,c,52.264769500966956,52.264769500966956
2342,c,52.264769500966956,52.264769500966956
2343,t,52.264769500966956,52.264769500966956
2344,na,4.957890559158556,7.819633861576191
2345,c,52.264769500966956,52.264769500966956
2346,c,52.264769500966956,52.264769500966956
2347,c,52.264769500966956,52.264769500966956
2348,c,52.264769500966956,52.264769500966956
2349,c,52.264769500966956,52.264769500966956
2350,c,52.264769500966956,52.264769500966956
2351,c,52.264769500966956,52.264769500966956
2352,c,52.264769500966956,52.264769500966956
2353,c,52.264769500966956,52.264769500966956
2354,c,52.264769500966956,52.264769500966956
2355,c,52.264769500966956,52.264769500966956
2356,t,52.264769500966956,52.264769500966956
2357,c,52.264769500966956,52.264769500966956
2358,c,52.264769500966956,52.264769500966956
2359,c,52.264769500966956,52.264769500966956
2360,c,52.264769500966956,52.264769500966956
2361,c,52.264769500966956,52.264769500966956
2362,c,52.264769500966956,52.264769500966956
2363,c,52.264769500966956,52.264769500966956
2364,c,52.264769500966956,52.264769500966956
2365,c,52.264769500966956,52.264769500966956
2366,c,52.264769500966956,52.264769500966956
2367,c,52.264769500966956,52.264769500966956
2368,c,52.264769500966956,52.264769500966956
2369,c,52.264769500966956,52.264769500966956
2370,c,52.264769500966956,52.264769500966956
2371,c,52.264769500966956,52.264769500966956
2372,c,52.264769500966956,52.264769500966956
2373,c,52.264769500966956,52.264769500966956
2374,t,52.264769500966956,52.264769500966956
2375,c,52.264769500966956,52.264769500966956
2376,c,52.264769500966956,52.264769500966956
2377,c,52.264769500966956,52.264769500966956
2378,t,52.264769500966956,52.264769500966956
2379,c,52.264769500966956,52.264769500966956
2380,c,52.264769500966956,52.264769500966956
2381,c,52.264769500966956,52.264769500966956
2382,t,52.264769500966956,52.264769500966956
2383,t,52.264769500966956,52.264769500966956
2384,t,52.264769500966956,52.264769500966956
2385,t,52.264769500966956,52.264769500966956
2386,t,52.264769500966956,52.264769500966956
2387,c,52.264769500966956,52.264769500966956
2388,t,52.264769500966956,52.264769500966956
2389,c,52.264769500966956,52.264769500966956
2390,t,52.264769500966956,52.264769500966956
2391,c,52.264769500966956,52.264769500966956
2392,t,52.264769500966956,52.264769500966956
2393,c,52.264769500966956,52.264769500966956
2394,t,52.264769500966956,52.264769500966956
2395,c,52.264769500966956,52.264769500966956
2396,c,52.264769500966956,52.264769500966956
2397,c,52.264769500966956,52.264769500966956
2398,c,52.264769500966956,52.264769500966956
2399,c,52.264769500966956,52.264769500966956
2400,c,52.264769500966956,52.264769500966956
2401,c,52.264769500966956,52.264769500966956
2402,t,52.264769500966956,52.264769500966956
2403,t,52.264769500966956,52.264769500966956
2404,c,52.264769500966956,52.264769500966956
2405,t,52.264769500966956,52.264769500966956
2406,c,52.264769500966956,52.264769500966956
2407,c,52.264769500966956,52.264769500966956
2408,t,52.264769500966956,52.264769500966956
2409,c,52.264769500966956,52.264769500966956
2410,c,52.264769500966956,52.264769500966956
2411,c,52.264769500966956,52.264769500966956
2412,c,52.264769500966956,52.264769500966956
2413,c,52.264769500966956,52.264769500966956
2414,c,52.264769500966956,52.264769500966956
2415,c,52.264769500966956,52.264769500966956
2416,c,52.264769500966956,52.264769500966956
2417,c,52.264769500966956,52.264769500966956
2418,c,52.264769500966956,52.264769500966956
2419,c,52.264769500966956,52.264769500966956
2420,c,52.264769500966956,52.264769500966956
2421,c,52.264769500966956,52.264769500966956
2422,c,52.264769500966956,52.264769500966956
2423,c,52.264769500966956,52.264769500966956
2424,c,52.264769500966956,52.264769500966956
2425,c,52.264769500966956,52.264769500966956
2426,c,52.264769500966956,52.264769500966956
2427,c,52.264769500966956,52.264769500966956
2428,c,52.264769500966956,52.264769500966956
2429,c,52.264769500966956,52.264769500966956
2430,c,52.264769500966956,52.264769500966956
2431,c,52.264769500966956,52.264769500966956
2432,c,52.264769500966956,52.264769500966956
2433,c,52.264769500966956,52.264769500966956
2434,c,52.264769500966956,52.264769500966956
2435,c,52.264769500966956,52.264769500966956
2436,c,52.264769500966956,52.264769500966956
2437,c,52.264769500966956,52.264769500966956
2438,t,52.264769500966956,52.264769500966956
2439,c,52.264769500966956,52.264769500966956
2440,c,52.264769500966956,52.264769500966956
2441,c,52.264769500966956,52.264769500966956
2442,t,52.264769500966956,52.264769500966956
2443,t,52.264769500966956,52.264769500966956
2444,c,52.264769500966956,52.264769500966956
2445,c,9.805677591735718,12.239287563224075
2446,c,52.264769500966956,52.264769500966956
2447,t,52.264769500966956,52.264769500966956
2448,c,52.264769500966956,52.264769500966956
2449,c,52.264769500966956,52.264769500966956
2450,c,52.264769500966956,52.264769500966956
2451,c,52.264769500966956,52.264769500966956
2452,c,52.264769500966956,52.264769500966956
2453,c,52.264769500966956,52.264769500966956
2454,c,52.264769500966956,52.264769500966956
2455,c,52.264769500966956,52.264769500966956
2456,c,52.264769500966956,52.264769500966956
2457,c,52.264769500966956,52.264769500966956
2458,c,52.264769500966956,52.264769500966956
2459,c,52.264769500966956,52.264769500966956
2460,t,52.264769500966956,52.264769500966956
2461,c,52.264769500966956,52.264769500966956
2462,c,52.264769500966956,52.264769500966956
2463,c,52.264769500966956,52.264769500966956
2464,c,52.264769500966956,52.264769500966956
2465,c,52.264769500966956,52.264769500966956
2466,c,52.264769500966956,52.264769500966956
2467,c,52.264769500966956,52.264769500966956
2468,c,52.264769500966956,52.264769500966956
2469,t,52.264769500966956,52.264769500966956
2470,t,52.264769500966956,52.264769500966956
2471,c,52.264769500966956,52.264769500966956
2472,c,52.264769500966956,52.264769500966956
2473,c,52.264769500966956,52.264769500966956
2474,t,52.264769500966956,52.264769500966956
2475,c,52.264769500966956,52.264769500966956
2476,t,52.264769500966956,52.264769500966956
2477,c,52.264769500966956,52.264769500966956
2478,c,52.264769500966956,52.264769500966956
2479,c,52.264769500966956,52.264769500966956
2480,c,52.264769500966956,52.264769500966956
2481,c,52.264769500966956,52.264769500966956
2482,c,52.264769500966956,52.264769500966956
2483,t,52.264769500966956,52.264769500966956
2484,t,52.264769500966956,52.264769500966956
2485,c,52.264769500966956,52.264769500966956
2486,c,52.264769500966956,52.264769500966956
2487,t,52.264769500966956,52.264769500966956
2488,c,52.264769500966956,52.264769500966956
2489,t,52.264769500966956,52.264769500966956
2490,c,52.264769500966956,52.264769500966956
2491,c,52.264769500966956,52.264769500966956
2492,c,52.264769500966956,52.264769500966956
2493,c,52.264769500966956,52.264769500966956
2494,c,52.264769500966956,52.264769500966956
2495,t,52.264769500966956,52.264769500966956
2496,t,52.264769500966956,52.264769500966956
2497,c,52.264769500966956,52.264769500966956
2498,t,52.264769500966956,52.264769500966956
2499,c,52.264769500966956,52.264769500966956
2500,na,-1,0
2501,t,52.264769500966956,52.264769500966956
2502,c,52.264769500966956,52.264769500966956
2503,c,52.264769500966956,52.264769500966956
2504,c,52.264769500966956,52.264769500966956
2505,c,52.264769500966956,52.264769500966956
2506,t,52.264769500966956,52.264769500966956
2507,c,4.483829709751075,5.077889706253069
2508,t,52.264769500966956,52.264769500966956
2509,c,52.264769500966956,52.264769500966956
2510,c,52.264769500966956,52.264769500966956
2511,c,52.264769500966956,52.264769500966956
2512,c,52.264769500966956,52.264769500966956
2513,c,52.264769500966956,52.264769500966956
2514,t,52.264769500966956,52.264769500966956
2515,t,52.264769500966956,52.264769500966956
2516,c,52.264769500966956,52.264769500966956
2517,c,52.264769500966956,52.264769500966956
2518,c,52.264769500966956,52.264769500966956
2519,c,52.264769500966956,52.264769500966956
2520,c,52.264769500966956,52.264769500966956
2521,t,52.264769500966956,52.264769500966956
2522,c,52.264769500966956,52.264769500966956
2523,t,52.264769500966956,52.264769500966956
2524,t,52.264769500966956,52.264769500966956
2525,c,52.264769500966956,52.264769500966956
2526,c,52.264769500966956,52.264769500966956
2527,c,52.264769500966956,52.264769500966956
2528,c,52.264769500966956,52.264769500966956
2529,c,52.264769500966956,52.264769500966956
2530,c,52.264769500966956,52.264769500966956
2531,c,52.264769500966956,52.264769500966956
2532,c,52.264769500966956,52.264769500966956
2533,t,52.264769500966956,52.264769500966956
2534,c,52.264769500966956,52.264769500966956
2535,t,52.264769500966956,52.264769500966956
2536,c,52.264769500966956,52.264769500966956
2537,t,52.264769500966956,52.264769500966956
2538,t,52.264769500966956,52.264769500966956
2539,t,52.264769500966956,52.264769500966956
2540,c,52.264769500966956,52.264769500966956
2541,c,52.264769500966956,52.264769500966956
2542,c,52.264769500966956,52.264769500966956
2543,c,52.264769500966956,52.264769500966956
2544,c,52.264769500966956,52.264769500966956
2545,c,52.264769500966956,52.264769500966956
2546,c,52.264769500966956,52.264769500966956
2547,t,52.264769500966956,52.264769500966956
2548,c,52.264769500966956,52.264769500966956
2549,c,52.264769500966956,52.264769500966956
2550,c,52.264769500966956,52.264769500966956
2551,c,52.264769500966956,52.264769500966956
2552,t,52.264769500966956,52.264769500966956
2553,c,52.264769500966956,52.264769500966956
2554,c,52.264769500966956,52.264769500966956
2555,c,2.079906820465727,4.834485166777056
2556,t,52.264769500966956,52.264769500966956
2557,c,52.264769500966956,52.264769500966956
2558,c,52.264769500966956,52.264769500966956
2559,c,52.264769500966956,52.264769500966956
2560,t,52.264769500966956,52.264769500966956
2561,c,52.264769500966956,52.264769500966956
2562,t,52.264769500966956,52.264769500966956
2563,c,52.264769500966956,52.264769500966956
2564,c,52.264769500966956,52.264769500966956
2565,c,52.264769500966956,52.264769500966956
2566,c,52.264769500966956,52.264769500966956
2567,c,52.264769500966956,52.264769500966956
2568,c,52.264769500966956,52.264769500966956
2569,t,52.264769500966956,52.264769500966956
2570,c,52.264769500966956,52.264769500966956
2571,c,52.264769500966956,52.264769500966956
2572,t,52.264769500966956,52.264769500966956
2573,c,20.602553675571674,22.532140798430788
2574,c,52.264769500966956,52.264769500966956
2575,c,52.264769500966956,52.264769500966956
2576,c,52.264769500966956,52.264769500966956
2577,t,52.264769500966956,52.264769500966956
2578,t,52.264769500966956,52.264769500966956
2579,c,52.264769500966956,52.264769500966956
2580,c,52.264769500966956,52.264769500966956
2581,c,52.264769500966956,52.264769500966956
2582,c,52.264769500966956,52.264769500966956
2583,t,52.264769500966956,52.264769500966956
2584,c,52.264769500966956,52.264769500966956
2585,c,52.264769500966956,52.264769500966956
2586,c,52.264769500966956,52.264769500966956
2587,c,52.264769500966956,52.264769500966956
2588,c,52.264769500966956,52.264769500966956
2589,c,52.264769500966956,52.264769500966956
2590,c,52.264769500966956,52.264769500966956
2591,c,52.264769500966956,52.264769500966956
2592,c,52.264769500966956,52.264769500966956
2593,c,52.264769500966956,52.264769500966956
2594,t,52.264769500966956,52.264769500966956
2595,c,52.264769500966956,52.264769500966956
2596,c,52.264769500966956,52.264769500966956
2597,c,52.264769500966956,52.264769500966956
2598,c,52.264769500966956,52.264769500966956
2599,c,52.264769500966956,52.264769500966956
2600,t,52.264769500966956,52.264769500966956
2601,t,52.264769500966956,52.264769500966956
2602,c,52.264769500966956,52.264769500966956
2603,c,52.264769500966956,52.264769500966956
2604,c,52.264769500966956,52.264769500966956
2605,c,52.264769500966956,52.264769500966956
2606,c,52.264769500966956,52.264769500966956
2607,c,52.264769500966956,52.264769500966956
2608,c,52.264769500966956,52.264769500966956
2609,c,52.264769500966956,52.264769500966956
2610,c,52.264769500966956,52.264769500966956
2611,c,52.264769500966956,52.264769500966956
2612,c,52.264769500966956,52.264769500966956
2613,t,52.264769500966956,52.264769500966956
2614,c,52.264769500966956,52.264769500966956
2615,t,52.264769500966956,52.264769500966956
2616,c,52.264769500966956,52.264769500966956
2617,c,52.264769500966956,52.264769500966956
2618,c,52.264769500966956,52.264769500966956
2619,c,52.264769500966956,52.264769500966956
2620,c,52.264769500966956,52.264769500966956
2621,c,52.264769500966956,52.264769500966956
2622,c,52.264769500966956,52.264769500966956
2623,c,52.264769500966956,52.264769500966956
2624,c,52.264769500966956,52.264769500966956
2625,c,52.264769500966956,52.264769500966956
2626,t,52.264769500966956,52.264769500966956
2627,c,52.264769500966956,52.264769500966956
2628,c,52.264769500966956,52.264769500966956
2629,c,52.264769500966956,52.264769500966956
2630,c,52.264769500966956,52.264769500966956
2631,t,52.264769500966956,52.264769500966956
2632,c,52.264769500966956,52.264769500966956
2633,c,52.264769500966956,52.264769500966956
2634,t,52.264769500966956,52.264769500966956
2635,c,52.264769500966956,52.264769500966956
2636,c,52.264769500966956,52.264769500966956
2637,t,52.264769500966956,52.264769500966956
2638,c,52.264769500966956,52.264769500966956
2639,c,52.264769500966956,52.264769500966956
2640,c,52.264769500966956,52.264769500966956
2641,c,21.070577077432958,24.139102685813597
2642,na,0.19951229549925908,0.7240224927665201
2643,c,52.264769500966956,52.264769500966956
2644,c,52.264769500966956,52.264769500966956
2645,t,52.264769500966956,52.264769500966956
2646,c,52.264769500966956,52.264769500966956
2647,c,52.264769500966956,52.264769500966956
2648,c,52.264769500966956,52.264769500966956
2649,c,52.264769500966956,52.264769500966956
2650,c,52.264769500966956,52.264769500966956
2651,c,52.264769500966956,52.264769500966956
2652,t,52.264769500966956,52.264769500966956
2653,c,52.264769500966956,52.264769500966956
2654,c,52.264769500966956,52.264769500966956
2655,c,52.264769500966956,52.264769500966956
2656,c,52.264769500966956,52.264769500966956
2657,c,52.264769500966956,52.264769500966956
2658,c,52.264769500966956,52.264769500966956
2659,c,52.264769500966956,52.264769500966956
2660,c,52.264769500966956,52.264769500966956
2661,c,52.264769500966956,52.264769500966956
2662,c,52.264769500966956,52.264769500966956
2663,c,52.264769500966956,52.264769500966956
2664,na,15.228267122362887,23.781664656685663
2665,c,52.264769500966956,52.264769500966956
2666,c,52.264769500966956,52.264769500966956
2667,c,52.264769500966956,52.264769500966956
2668,c,52.264769500966956,52.264769500966956
2669,t,52.264769500966956,52.264769500966956
2670,c,52.264769500966956,52.264769500966956
2671,c,52.264769500966956,52.264769500966956
2672,c,52.264769500966956,52.264769500966956
2673,c,52.264769500966956,52.264769500966956
2674,c,52.264769500966956,52.264769500966956
2675,c,52.264769500966956,52.264769500966956
2676,c,52.264769500966956,52.264769500966956
2677,c,11.470576570083274,15.207938704667166
2678,t,52.264769500966956,52.264769500966956
2679,c,52.264769500966956,52.264769500966956
2680,c,52.264769500966956,52.264769500966956
2681,c,52.264769500966956,52.264769500966956
2682,t,52.264769500966956,52.264769500966956
2683,c,52.264769500966956,52.264769500966956
2684,c,52.264769500966956,52.264769500966956
2685,c,52.264769500966956,52.264769500966956
2686,c,52.264769500966956,52.264769500966956
2687,c,52.264769500966956,52.264769500966956
2688,c,52.264769500966956,52.264769500966956
2689,t,52.264769500966956,52.264769500966956
2690,c,52.264769500966956,52.264769500966956
2691,t,52.264769500966956,52.264769500966956
2692,c,52.264769500966956,52.264769500966956
2693,c,52.264769500966956,52.264769500966956
2694,t,52.264769500966956,52.264769500966956
2695,c,10.741077226547482,18.27708202491914
2696,na,0,17.516900431501277
2697,c,52.264769500966956,52.264769500966956
2698,c,52.264769500966956,52.264769500966956
2699,c,52.264769500966956,52.264769500966956
2700,t,52.264769500966956,52.264769500966956
2701,c,52.264769500966956,52.264769500966956
2702,c,52.264769500966956,52.264769500966956
2703,t,52.264769500966956,52.264769500966956
2704,c,52.264769500966956,52.264769500966956
2705,c,52.264769500966956,52.264769500966956
2706,c,52.264769500966956,52.264769500966956
2707,t,52.264769500966956,52.264769500966956
2708,t,52.264769500966956,52.264769500966956
2709,c,52.264769500966956,52.264769500966956
2710,c,52.264769500966956,52.264769500966956
2711,c,52.264769500966956,52.264769500966956
2712,t,52.264769500966956,52.264769500966956
2713,c,52.264769500966956,52.264769500966956
2714,t,52.264769500966956,52.264769500966956
2715,c,52.264769500966956,52.264769500966956
2716,c,52.264769500966956,52.264769500966956
2717,c,52.264769500966956,52.264769500966956
2718,c,52.264769500966956,52.264769500966956
2719,c,52.264769500966956,52.264769500966956
2720,c,52.264769500966956,52.264769500966956
2721,c,52.264769500966956,52.264769500966956
2722,c,52.264769500966956,52.264769500966956
2723,na,0.6108933213435281,0.7404315549948699
2724,c,52.264769500966956,52.264769500966956
2725,t,52.264769500966956,52.264769500966956
2726,t,52.264769500966956,52.264769500966956
2727,c,52.264769500966956,52.264769500966956
2728,c,52.264769500966956,52.264769500966956
2729,c,52.264769500966956,52.264769500966956
2730,c,52.264769500966956,52.264769500966956
2731,c,52.264769500966956,52.264769500966956
2732,c,52.264769500966956,52.264769500966956
2733,c,52.264769500966956,52.264769500966956
2734,c,52.264769500966956,52.264769500966956
2735,t,52.264769500966956,52.264769500966956
2736,c,52.264769500966956,52.264769500966956
2737,t,52.264769500966956,52.264769500966956
2738,c,52.264769500966956,52.264769500966956
2739,c,52.264769500966956,52.264769500966956
2740,c,6.836850844802261,7.265336836330895
2741,c,52.264769500966956,52.264769500966956
2742,c,52.264769500966956,52.264769500966956
2743,c,52.264769500966956,52.264769500966956
2744,c,52.264769500966956,52.264769500966956
2745,c,52.264769500966956,52.264769500966956
2746,t,52.264769500966956,52.264769500966956
2747,c,52.264769500966956,52.264769500966956
2748,c,52.264769500966956,52.264769500966956
2749,c,52.264769500966956,52.264769500966956
2750,c,52.264769500966956,52.264769500966956
2751,c,52.264769500966956,52.264769500966956
2752,c,52.264769500966956,52.264769500966956
2753,c,52.264769500966956,52.264769500966956
2754,c,52.264769500966956,52.264769500966956
2755,t,52.264769500966956,52.264769500966956
2756,c,52.264769500966956,52.264769500966956
2757,c,52.264769500966956,52.264769500966956
2758,c,52.264769500966956,52.264769500966956
2759,c,52.264769500966956,52.264769500966956
2760,c,52.264769500966956,52.264769500966956
2761,c,52.264769500966956,52.264769500966956
2762,c,52.264769500966956,52.264769500966956
2763,c,52.264769500966956,52.264769500966956
2764,c,52.264769500966956,52.264769500966956
2765,t,52.264769500966956,52.264769500966956
2766,c,52.264769500966956,52.264769500966956
2767,c,17.112800770312028,18.011655374706358
2768,c,52.264769500966956,52.264769500966956
2769,t,52.264769500966956,52.264769500966956
2770,t,52.264769500966956,52.264769500966956
2771,c,52.264769500966956,52.264769500966956
2772,c,52.264769500966956,52.264769500966956
2773,c,9.995837384024837,10.492555547793359
2774,c,52.264769500966956,52.264769500966956
2775,c,8.8611654259138,15.18598541940344
2776,c,52.264769500966956,52.264769500966956
2777,c,52.264769500966956,52.264769500966956
2778,c,52.264769500966956,52.264769500966956
2779,c,52.264769500966956,52.264769500966956
2780,c,52.264769500966956,52.264769500966956
2781,c,52.264769500966956,52.264769500966956
2782,c,52.264769500966956,52.264769500966956
2783,t,52.264769500966956,52.264769500966956
2784,t,52.264769500966956,52.264769500966956
2785,t,52.264769500966956,52.264769500966956
2786,na,2.7826033509907693,4.465941167818913
2787,c,52.264769500966956,52.264769500966956
2788,c,52.264769500966956,52.264769500966956
2789,c,52.264769500966956,52.264769500966956
2790,c,52.264769500966956,52.264769500966956
2791,c,52.264769500966956,52.264769500966956
2792,t,52.264769500966956,52.264769500966956
2793,t,52.264769500966956,52.264769500966956
2794,c,52.264769500966956,52.264769500966956
2795,t,52.264769500966956,52.264769500966956
2796,c,52.264769500966956,52.264769500966956
2797,c,52.264769500966956,52.264769500966956
2798,c,52.264769500966956,52.264769500966956
2799,t,52.264769500966956,52.264769500966956
2800,c,52.264769500966956,52.264769500966956
2801,c,52.264769500966956,52.264769500966956
2802,c,52.264769500966956,52.264769500966956
2803,c,52.264769500966956,52.264769500966956
2804,t,52.264769500966956,52.264769500966956
2805,t,52.264769500966956,52.264769500966956
2806,c,52.264769500966956,52.264769500966956
2807,c,52.264769500966956,52.264769500966956
2808,c,52.264769500966956,52.264769500966956
2809,t,52.264769500966956,52.264769500966956
2810,t,52.264769500966956,52.264769500966956
2811,c,13.963873245771616,19.756340774775047
2812,c,52.264769500966956,52.264769500966956
2813,t,52.264769500966956,52.264769500966956
2814,c,52.264769500966956,52.264769500966956
2815,c,52.264769500966956,52.264769500966956
2816,c,52.264769500966956,52.264769500966956
2817,c,52.264769500966956,52.264769500966956
2818,c,52.264769500966956,52.264769500966956
2819,c,52.264769500966956,52.264769500966956
2820,t,52.264769500966956,52.264769500966956
2821,c,52.264769500966956,52.264769500966956
2822,c,52.264769500966956,52.264769500966956
2823,c,52.264769500966956,52.264769500966956
2824,c,52.264769500966956,52.264769500966956
2825,c,52.264769500966956,52.264769500966956
2826,c,52.264769500966956,52.264769500966956
2827,c,2.9460590981538575,9.837646915011149
2828,t,52.264769500966956,52.264769500966956
2829,c,5.910649423521675,10.869645425128715
2830,c,52.264769500966956,52.264769500966956
2831,c,52.264769500966956,52.264769500966956
2832,t,52.264769500966956,52.264769500966956
2833,t,52.264769500966956,52.264769500966956
2834,c,52.264769500966956,52.264769500966956
2835,c,52.264769500966956,52.264769500966956
2836,c,52.264769500966956,52.264769500966956
2837,c,52.264769500966956,52.264769500966956
2838,c,52.264769500966956,52.264769500966956
2839,c,52.264769500966956,52.264769500966956
2840,t,52.264769500966956,52.264769500966956
2841,t,52.264769500966956,52.264769500966956
2842,c,52.264769500966956,52.264769500966956
2843,c,52.264769500966956,52.264769500966956
2844,c,52.264769500966956,52.264769500966956
2845,c,52.264769500966956,52.264769500966956
2846,c,52.264769500966956,52.264769500966956
2847,c,52.264769500966956,52.264769500966956
2848,c,52.264769500966956,52.264769500966956
2849,c,52.264769500966956,52.264769500966956
2850,c,52.264769500966956,52.264769500966956
2851,c,52.264769500966956,52.264769500966956
2852,c,52.264769500966956,52.264769500966956
2853,c,52.264769500966956,52.264769500966956
2854,c,52.264769500966956,52.264769500966956
2855,c,52.264769500966956,52.264769500966956
2856,c,52.264769500966956,52.264769500966956
2857,na,2.0193626236299624,52.264769500966956
2858,c,52.264769500966956,52.264769500966956
2859,c,52.264769500966956,52.264769500966956
2860,t,52.264769500966956,52.264769500966956
2861,t,52.264769500966956,52.264769500966956
2862,t,52.264769500966956,52.264769500966956
2863,t,52.264769500966956,52.264769500966956
2864,c,52.264769500966956,52.264769500966956
2865,c,52.264769500966956,52.264769500966956
2866,t,52.264769500966956,52.264769500966956
2867,c,52.264769500966956,52.264769500966956
2868,t,52.264769500966956,52.264769500966956
2869,t,52.264769500966956,52.264769500966956
2870,c,52.264769500966956,52.264769500966956
2871,c,5.228134761538658,6.159432699119726
2872,c,52.264769500966956,52.264769500966956
2873,t,52.264769500966956,52.264769500966956
2874,c,52.264769500966956,52.264769500966956
2875,c,52.264769500966956,52.264769500966956
2876,c,52.264769500966956,52.264769500966956
2877,c,52.264769500966956,52.264769500966956
2878,t,52.264769500966956,52.264769500966956
2879,c,52.264769500966956,52.264769500966956
2880,c,52.264769500966956,52.264769500966956
2881,na,11.354456315869776,13.854954290690301
2882,c,52.264769500966956,52.264769500966956
2883,c,5.597469479625541,6.778056064838921
2884,c,52.264769500966956,52.264769500966956
2885,c,52.264769500966956,52.264769500966956
2886,t,52.264769500966956,52.264769500966956
2887,c,52.264769500966956,52.264769500966956
2888,c,52.264769500966956,52.264769500966956
2889,c,52.264769500966956,52.264769500966956
2890,t,52.264769500966956,52.264769500966956
2891,t,52.264769500966956,52.264769500966956
2892,c,52.264769500966956,52.264769500966956
2893,c,16.735917727742265,18.647113277914308
2894,t,52.264769500966956,52.264769500966956
2895,c,52.264769500966956,52.264769500966956
2896,c,19.70502205662193,20.22968504772387
2897,c,52.264769500966956,52.264769500966956
2898,c,52.264769500966956,52.264769500966956
2899,c,52.264769500966956,52.264769500966956
2900,c,52.264769500966956,52.264769500966956
2901,c,52.264769500966956,52.264769500966956
2902,t,52.264769500966956,52.264769500966956
2903,c,52.264769500966956,52.264769500966956
2904,c,52.264769500966956,52.264769500966956
2905,c,52.264769500966956,52.264769500966956
2906,c,52.264769500966956,52.264769500966956
2907,na,0.7583721776683527,52.264769500966956
2908,c,52.264769500966956,52.264769500966956
2909,c,52.264769500966956,52.264769500966956
2910,c,52.264769500966956,52.264769500966956
2911,c,52.264769500966956,52.264769500966956
2912,c,52.264769500966956,52.264769500966956
2913,c,52.264769500966956,52.264769500966956
2914,c,52.264769500966956,52.264769500966956
2915,c,52.264769500966956,52.264769500966956
2916,c,52.264769500966956,52.264769500966956
2917,c,52.264769500966956,52.264769500966956
2918,t,52.264769500966956,52.264769500966956
2919,c,52.264769500966956,52.264769500966956
2920,c,52.264769500966956,52.264769500966956
2921,c,52.264769500966956,52.264769500966956
2922,t,52.264769500966956,52.264769500966956
2923,c,52.264769500966956,52.264769500966956
2924,c,52.264769500966956,52.264769500966956
2925,c,52.264769500966956,52.264769500966956
2926,c,52.264769500966956,52.264769500966956
2927,c,52.264769500966956,52.264769500966956
2928,t,52.264769500966956,52.264769500966956
2929,t,52.264769500966956,52.264769500966956
2930,c,52.264769500966956,52.264769500966956
2931,c,52.264769500966956,52.264769500966956
2932,c,52.264769500966956,52.264769500966956
2933,c,52.264769500966956,52.264769500966956
2934,c,52.264769500966956,52.264769500966956
2935,c,52.264769500966956,52.264769500966956
2936,c,52.264769500966956,52.264769500966956
2937,c,52.264769500966956,52.264769500966956
2938,c,52.264769500966956,52.264769500966956
2939,t,52.264769500966956,52.264769500966956
2940,c,52.264769500966956,52.264769500966956
2941,t,52.264769500966956,52.264769500966956
2942,na,1.0379560190810821,11.356359594473373
2943,c,52.264769500966956,52.264769500966956
2944,c,52.264769500966956,52.264769500966956
2945,c,52.264769500966956,52.264769500966956
2946,c,52.264769500966956,52.264769500966956
2947,c,52.264769500966956,52.264769500966956
2948,c,52.264769500966956,52.264769500966956
2949,c,52.264769500966956,52.264769500966956
2950,c,52.264769500966956,52.264769500966956
2951,c,52.264769500966956,52.264769500966956
2952,c,52.264769500966956,52.264769500966956
2953,c,52.264769500966956,52.264769500966956
2954,c,52.264769500966956,52.264769500966956
2955,c,52.264769500966956,52.264769500966956
2956,c,52.264769500966956,52.264769500966956
2957,c,52.264769500966956,52.264769500966956
2958,c,52.264769500966956,52.264769500966956
2959,c,52.264769500966956,52.264769500966956
2960,t,52.264769500966956,52.264769500966956
2961,t,52.264769500966956,52.264769500966956
2962,c,52.264769500966956,52.264769500966956
2963,c,52.264769500966956,52.264769500966956
2964,c,52.264769500966956,52.264769500966956
2965,c,52.264769500966956,52.264769500966956
2966,t,52.264769500966956,52.264769500966956
2967,t,52.264769500966956,52.264769500966956
2968,c,52.264769500966956,52.264769500966956
2969,c,52.264769500966956,52.264769500966956
2970,c,26.308277438912008,27.246374457968752
2971,c,52.264769500966956,52.264769500966956
2972,c,52.264769500966956,52.264769500966956
2973,c,52.264769500966956,52.264769500966956
2974,c,52.264769500966956,52.264769500966956
2975,c,52.264769500966956,52.264769500966956
2976,c,52.264769500966956,52.264769500966956
2977,t,52.264769500966956,52.264769500966956
2978,c,52.264769500966956,52.264769500966956
2979,c,52.264769500966956,52.264769500966956
2980,c,52.264769500966956,52.264769500966956
2981,c,52.264769500966956,52.264769500966956
2982,c,52.264769500966956,52.264769500966956
2983,c,52.264769500966956,52.264769500966956
2984,c,41.829686251100995,52.264769500966956
2985,c,52.264769500966956,52.264769500966956
2986,c,52.264769500966956,52.264769500966956
2987,t,52.264769500966956,52.264769500966956
2988,c,52.264769500966956,52.264769500966956
2989,t,52.264769500966956,52.264769500966956
2990,c,52.264769500966956,52.264769500966956
2991,c,52.264769500966956,52.264769500966956
2992,c,52.264769500966956,52.264769500966956
2993,t,52.264769500966956,52.264769500966956
2994,c,52.264769500966956,52.264769500966956
2995,t,52.264769500966956,52.264769500966956
2996,c,52.264769500966956,52.264769500966956
2997,c,52.264769500966956,52.264769500966956
2998,c,52.264769500966956,52.264769500966956
2999,c,52.264769500966956,52.264769500966956
3000,c,52.264769500966956,52.264769500966956
3001,t,52.264769500966956,52.264769500966956
3002,c,52.264769500966956,52.264769500966956
3003,c,52.264769500966956,52.264769500966956
3004,c,52.264769500966956,52.264769500966956
3005,c,14.354070245627234,15.625147950125715
3006,c,52.264769500966956,52.264769500966956
3007,c,52.264769500966956,52.264769500966956
3008,c,52.264769500966956,52.264769500966956
3009,c,52.264769500966956,52.264769500966956
3010,c,52.264769500966956,52.264769500966956
3011,c,52.264769500966956,52.264769500966956
3012,c,52.264769500966956,52.264769500966956
3013,t,52.264769500966956,52.264769500966956
3014,t,52.264769500966956,52.264769500966956
3015,c,52.264769500966956,52.264769500966956
3016,t,52.264769500966956,52.264769500966956
3017,t,52.264769500966956,52.264769500966956
3018,c,52.264769500966956,52.264769500966956
3019,t,52.264769500966956,52.264769500966956
3020,c,52.264769500966956,52.264769500966956
3021,c,52.264769500966956,52.264769500966956
3022,t,52.264769500966956,52.264769500966956
3023,t,52.264769500966956,52.264769500966956
3024,c,52.264769500966956,52.264769500966956
3025,t,52.264769500966956,52.264769500966956
3026,c,52.264769500966956,52.264769500966956
3027,c,52.264769500966956,52.264769500966956
3028,c,52.264769500966956,52.264769500966956
3029,c,52.264769500966956,52.264769500966956
3030,c,52.264769500966956,52.264769500966956
3031,c,52.264769500966956,52.264769500966956
3032,c,52.264769500966956,52.264769500966956
3033,c,52.264769500966956,52.264769500966956
3034,c,52.264769500966956,52.264769500966956
3035,c,52.264769500966956,52.264769500966956
3036,c,52.264769500966956,52.264769500966956
3037,c,52.264769500966956,52.264769500966956
3038,c,52.264769500966956,52.264769500966956
3039,t,52.264769500966956,52.264769500966956
3040,c,52.264769500966956,52.264769500966956
3041,t,52.264769500966956,52.264769500966956
3042,c,52.264769500966956,52.264769500966956
3043,c,52.264769500966956,52.264769500966956
3044,c,52.264769500966956,52.264769500966956
3045,c,52.264769500966956,52.264769500966956
3046,c,52.264769500966956,52.264769500966956
3047,c,52.264769500966956,52.264769500966956
3048,c,52.264769500966956,52.264769500966956
3049,t,52.264769500966956,52.264769500966956
3050,c,52.264769500966956,52.264769500966956
3051,c,52.264769500966956,52.264769500966956
3052,c,52.264769500966956,52.264769500966956
3053,c,52.264769500966956,52.264769500966956
3054,c,52.264769500966956,52.264769500966956
3055,c,52.264769500966956,52.264769500966956
3056,c,52.264769500966956,52.264769500966956
3057,c,52.264769500966956,52.264769500966956
3058,c,52.264769500966956,52.264769500966956
3059,c,52.264769500966956,52.264769500966956
3060,c,52.264769500966956,52.264769500966956
3061,c,52.264769500966956,52.264769500966956
3062,c,52.264769500966956,52.264769500966956
3063,c,52.264769500966956,52.264769500966956
3064,c,52.264769500966956,52.264769500966956
3065,t,52.264769500966956,52.264769500966956
3066,c,52.264769500966956,52.264769500966956
3067,t,52.264769500966956,52.264769500966956
3068,c,52.264769500966956,52.264769500966956
3069,c,52.264769500966956,52.264769500966956
3070,c,52.264769500966956,52.264769500966956
3071,c,52.264769500966956,52.264769500966956
3072,c,52.264769500966956,52.264769500966956
3073,c,52.264769500966956,52.264769500966956
3074,c,52.264769500966956,52.264769500966956
3075,c,52.264769500966956,52.264769500966956
3076,c,52.264769500966956,52.264769500966956
3077,t,52.264769500966956,52.264769500966956
3078,t,52.264769500966956,52.264769500966956
3079,na,0,1.135601246961724
3080,c,52.264769500966956,52.264769500966956
3081,c,52.264769500966956,52.264769500966956
3082,t,52.264769500966956,52.264769500966956
3083,c,52.264769500966956,52.264769500966956
3084,t,52.264769500966956,52.264769500966956
3085,c,52.264769500966956,52.264769500966956
3086,c,52.264769500966956,52.264769500966956
3087,c,52.264769500966956,52.264769500966956
3088,t,52.264769500966956,52.264769500966956
3089,c,52.264769500966956,52.264769500966956
3090,c,52.264769500966956,52.264769500966956
3091,c,52.264769500966956,52.264769500966956
3092,c,52.264769500966956,52.264769500966956
3093,c,52.264769500966956,52.264769500966956
3094,c,52.264769500966956,52.264769500966956
3095,t,52.264769500966956,52.264769500966956
3096,c,52.264769500966956,52.264769500966956
3097,c,52.264769500966956,52.264769500966956
3098,c,52.264769500966956,52.264769500966956
3099,c,52.264769500966956,52.264769500966956
3100,c,52.264769500966956,52.264769500966956
3101,c,52.264769500966956,52.264769500966956
3102,t,52.264769500966956,52.264769500966956
3103,c,52.264769500966956,52.264769500966956
3104,c,52.264769500966956,52.264769500966956
3105,t,52.264769500966956,52.264769500966956
3106,c,52.264769500966956,52.264769500966956
3107,t,52.264769500966956,52.264769500966956
3108,c,52.264769500966956,52.264769500966956
3109,c,52.264769500966956,52.264769500966956
3110,t,52.264769500966956,52.264769500966956
3111,t,52.264769500966956,52.264769500966956
3112,c,52.264769500966956,52.264769500966956
3113,c,52.264769500966956,52.264769500966956
3114,na,6.309650205615066,14.701649450529787
3115,t,52.264769500966956,52.264769500966956
3116,c,52.264769500966956,52.264769500966956
3117,c,52.264769500966956,52.264769500966956
3118,t,52.264769500966956,52.264769500966956
3119,c,52.264769500966956,52.264769500966956
3120,c,52.264769500966956,52.264769500966956
3121,c,52.264769500966956,52.264769500966956
3122,c,52.264769500966956,52.264769500966956
3123,t,52.264769500966956,52.264769500966956
3124,c,52.264769500966956,52.264769500966956
3125,t,52.264769500966956,52.264769500966956
3126,c,52.264769500966956,52.264769500966956
3127,c,52.264769500966956,52.264769500966956
3128,c,52.264769500966956,52.264769500966956
3129,t,52.264769500966956,52.264769500966956
3130,c,52.264769500966956,52.264769500966956
3131,c,52.264769500966956,52.264769500966956
3132,t,52.264769500966956,52.264769500966956
3133,c,52.264769500966956,52.264769500966956
3134,t,52.264769500966956,52.264769500966956
3135,c,52.264769500966956,52.264769500966956
3136,c,52.264769500966956,52.264769500966956
3137,t,52.264769500966956,52.264769500966956
3138,c,52.264769500966956,52.264769500966956
3139,c,52.264769500966956,52.264769500966956
3140,c,52.264769500966956,52.264769500966956
3141,c,52.264769500966956,52.264769500966956
3142,c,52.264769500966956,52.264769500966956
3143,c,52.264769500966956,52.264769500966956
3144,c,52.264769500966956,52.264769500966956
3145,c,52.264769500966956,52.264769500966956
3146,t,52.264769500966956,52.264769500966956
3147,c,52.264769500966956,52.264769500966956
3148,t,52.264769500966956,52.264769500966956
3149,c,52.264769500966956,52.264769500966956
3150,c,52.264769500966956,52.264769500966956
3151,na,3.844599378913957,7.161703208041039
3152,c,52.264769500966956,52.264769500966956
3153,c,52.264769500966956,52.264769500966956
3154,c,52.264769500966956,52.264769500966956
3155,c,52.264769500966956,52.264769500966956
3156,c,7.094440804546953,7.227646737833322
3157,c,52.264769500966956,52.264769500966956
3158,t,52.264769500966956,52.264769500966956
3159,c,52.264769500966956,52.264769500966956
3160,t,52.264769500966956,52.264769500966956
3161,c,52.264769500966956,52.264769500966956
3162,c,52.264769500966956,52.264769500966956
3163,c,52.264769500966956,52.264769500966956
3164,t,52.264769500966956,52.264769500966956
3165,c,52.264769500966956,52.264769500966956
3166,t,52.264769500966956,52.264769500966956
3167,c,52.264769500966956,52.264769500966956
3168,c,52.264769500966956,52.264769500966956
3169,c,52.264769500966956,52.264769500966956
3170,c,52.264769500966956,52.264769500966956
3171,c,52.264769500966956,52.264769500966956
3172,c,52.264769500966956,52.264769500966956
3173,c,52.264769500966956,52.264769500966956
3174,c,52.264769500966956,52.264769500966956
3175,c,52.264769500966956,52.264769500966956
3176,c,52.264769500966956,52.264769500966956
3177,c,52.264769500966956,52.264769500966956
3178,c,52.264769500966956,52.264769500966956
3179,c,52.264769500966956,52.264769500966956
3180,c,52.264769500966956,52.264769500966956
3181,t,52.264769500966956,52.264769500966956
3182,c,52.264769500966956,52.264769500966956
3183,t,52.264769500966956,52.264769500966956
3184,c,52.264769500966956,52.264769500966956
3185,c,52.264769500966956,52.264769500966956
3186,t,52.264769500966956,52.264769500966956
3187,t,52.264769500966956,52.264769500966956
3188,t,52.264769500966956,52.264769500966956
3189,c,52.264769500966956,52.264769500966956
3190,c,52.264769500966956,52.264769500966956
3191,c,52.264769500966956,52.264769500966956
3192,c,52.264769500966956,52.264769500966956
3193,c,52.264769500966956,52.264769500966956
3194,c,52.264769500966956,52.264769500966956
3195,c,52.264769500966956,52.264769500966956
3196,t,52.264769500966956,52.264769500966956
3197,c,52.264769500966956,52.264769500966956
3198,c,52.264769500966956,52.264769500966956
3199,c,52.264769500966956,52.264769500966956
3200,t,52.264769500966956,52.264769500966956
3201,c,52.264769500966956,52.264769500966956
3202,t,52.264769500966956,52.264769500966956
3203,c,52.264769500966956,52.264769500966956
3204,c,52.264769500966956,52.264769500966956
3205,t,52.264769500966956,52.264769500966956
3206,c,52.264769500966956,52.264769500966956
3207,t,52.264769500966956,52.264769500966956
3208,c,52.264769500966956,52.264769500966956
3209,t,52.264769500966956,52.264769500966956
3210,c,52.264769500966956,52.264769500966956
3211,c,52.264769500966956,52.264769500966956
3212,c,52.264769500966956,52.264769500966956
3213,c,52.264769500966956,52.264769500966956
3214,c,52.264769500966956,52.264769500966956
3215,c,52.264769500966956,52.264769500966956
3216,t,52.264769500966956,52.264769500966956
3217,c,52.264769500966956,52.264769500966956
3218,t,52.264769500966956,52.264769500966956
3219,c,52.264769500966956,52.264769500966956
3220,c,52.264769500966956,52.264769500966956
3221,c,52.264769500966956,52.264769500966956
3222,c,52.264769500966956,52.264769500966956
3223,c,52.264769500966956,52.264769500966956
3224,c,52.264769500966956,52.264769500966956
3225,c,52.264769500966956,52.264769500966956
3226,c,52.264769500966956,52.264769500966956
3227,t,52.264769500966956,52.264769500966956
3228,c,52.264769500966956,52.264769500966956
3229,t,52.264769500966956,52.264769500966956
3230,t,52.264769500966956,52.264769500966956
3231,c,52.264769500966956,52.264769500966956
3232,c,52.264769500966956,52.264769500966956
3233,t,52.264769500966956,52.264769500966956
3234,c,52.264769500966956,52.264769500966956
3235,c,52.264769500966956,52.264769500966956
3236,c,52.264769500966956,52.264769500966956
3237,c,52.264769500966956,52.264769500966956
3238,c,52.264769500966956,52.264769500966956
3239,t,52.264769500966956,52.264769500966956
3240,c,52.264769500966956,52.264769500966956
3241,c,52.264769500966956,52.264769500966956
3242,t,52.264769500966956,52.264769500966956
3243,c,52.264769500966956,52.264769500966956
3244,c,52.264769500966956,52.264769500966956
3245,c,52.264769500966956,52.264769500966956
3246,t,52.264769500966956,52.264769500966956
3247,c,52.264769500966956,52.264769500966956
3248,c,52.264769500966956,52.264769500966956
3249,c,52.264769500966956,52.264769500966956
3250,t,52.264769500966956,52.264769500966956
3251,c,5.159941255806993,7.658781942621052
3252,c,52.264769500966956,52.264769500966956
3253,c,52.264769500966956,52.264769500966956
3254,c,14.090562066199695,14.69242482696717
3255,c,10.747992195415677,11.936498137340513
3256,c,52.264769500966956,52.264769500966956
3257,c,52.264769500966956,52.264769500966956
3258,c,52.264769500966956,52.264769500966956
3259,c,52.264769500966956,52.264769500966956
3260,c,52.264769500966956,52.264769500966956
3261,c,52.264769500966956,52.264769500966956
3262,t,52.264769500966956,52.264769500966956
3263,c,52.264769500966956,52.264769500966956
3264,c,52.264769500966956,52.264769500966956
3265,na,-1,0
3266,t,52.264769500966956,52.264769500966956
3267,c,52.264769500966956,52.264769500966956
3268,t,52.264769500966956,52.264769500966956
3269,t,52.264769500966956,52.264769500966956
3270,c,52.264769500966956,52.264769500966956
3271,c,52.264769500966956,52.264769500966956
3272,c,52.264769500966956,52.264769500966956
3273,c,52.264769500966956,52.264769500966956
3274,c,52.264769500966956,52.264769500966956
3275,c,52.264769500966956,52.264769500966956
3276,c,52.264769500966956,52.264769500966956
3277,c,52.264769500966956,52.264769500966956
3278,c,52.264769500966956,52.264769500966956
3279,t,52.264769500966956,52.264769500966956
3280,c,52.264769500966956,52.264769500966956
3281,t,52.264769500966956,52.264769500966956
3282,c,52.264769500966956,52.264769500966956
3283,c,52.264769500966956,52.264769500966956
3284,c,52.264769500966956,52.264769500966956
3285,c,52.264769500966956,52.264769500966956
3286,c,52.264769500966956,52.264769500966956
3287,t,52.264769500966956,52.264769500966956
3288,c,52.264769500966956,52.264769500966956
3289,t,52.264769500966956,52.264769500966956
3290,c,52.264769500966956,52.264769500966956
3291,c,52.264769500966956,52.264769500966956
3292,c,52.264769500966956,52.264769500966956
3293,t,52.264769500966956,52.264769500966956
3294,c,52.264769500966956,52.264769500966956
3295,c,52.264769500966956,52.264769500966956
3296,c,52.264769500966956,52.264769500966956
3297,c,52.264769500966956,52.264769500966956
3298,c,52.264769500966956,52.264769500966956
3299,c,52.264769500966956,52.264769500966956
3300,c,52.264769500966956,52.264769500966956
3301,c,52.264769500966956,52.264769500966956
3302,c,52.264769500966956,52.264769500966956
3303,t,52.264769500966956,52.264769500966956
3304,c,52.264769500966956,52.264769500966956
3305,c,52.264769500966956,52.264769500966956
3306,t,52.264769500966956,52.264769500966956
3307,c,52.264769500966956,52.264769500966956
3308,c,52.264769500966956,52.264769500966956
3309,c,52.264769500966956,52.264769500966956
3310,c,52.264769500966956,52.264769500966956
3311,c,52.264769500966956,52.264769500966956
3312,c,52.264769500966956,52.264769500966956
3313,t,52.264769500966956,52.264769500966956
3314,c,52.264769500966956,52.264769500966956
3315,c,52.264769500966956,52.264769500966956
3316,c,8.862039612953891,9.15555765038051
3317,c,52.264769500966956,52.264769500966956
3318,c,52.264769500966956,52.264769500966956
3319,c,52.264769500966956,52.264769500966956
3320,t,52.264769500966956,52.264769500966956
3321,c,52.264769500966956,52.264769500966956
3322,na,1.7183526070159296,2.482017500705472
3323,c,10.066463986460954,12.855835092903432
3324,t,52.264769500966956,52.264769500966956
3325,c,52.264769500966956,52.264769500966956
3326,t,52.264769500966956,52.264769500966956
3327,c,52.264769500966956,52.264769500966956
3328,c,4.671796134791111,18.291957228702962
3329,c,52.264769500966956,52.264769500966956
3330,t,52.264769500966956,52.264769500966956
3331,t,52.264769500966956,52.264769500966956
3332,c,52.264769500966956,52.264769500966956
3333,c,52.264769500966956,52.264769500966956
3334,c,52.264769500966956,52.264769500966956
3335,c,52.264769500966956,52.264769500966956
3336,c,25.61863138531352,29.841692832084746
3337,c,52.264769500966956,52.264769500966956
3338,c,52.264769500966956,52.264769500966956
3339,c,52.264769500966956,52.264769500966956
3340,c,52.264769500966956,52.264769500966956
3341,c,52.264769500966956,52.264769500966956
3342,c,52.264769500966956,52.264769500966956
3343,c,52.264769500966956,52.264769500966956
3344,c,52.264769500966956,52.264769500966956
3345,c,6.301493301243062,8.701478246422205
3346,c,52.264769500966956,52.264769500966956
3347,c,52.264769500966956,52.264769500966956
3348,c,52.264769500966956,52.264769500966956
3349,t,52.264769500966956,52.264769500966956
3350,c,52.264769500966956,52.264769500966956
3351,c,52.264769500966956,52.264769500966956
3352,c,52.264769500966956,52.264769500966956
3353,c,52.264769500966956,52.264769500966956
3354,t,52.264769500966956,52.264769500966956
3355,na,4.443199378178421,5.820317642179692
3356,c,52.264769500966956,52.264769500966956
3357,c,52.264769500966956,52.264769500966956
3358,c,52.264769500966956,52.264769500966956
3359,c,52.264769500966956,52.264769500966956
3360,t,52.264769500966956,52.264769500966956
3361,c,52.264769500966956,52.264769500966956
3362,c,52.264769500966956,52.264769500966956
3363,c,52.264769500966956,52.264769500966956
3364,t,52.264769500966956,52.264769500966956
3365,c,52.264769500966956,52.264769500966956
3366,c,52.264769500966956,52.264769500966956
3367,c,52.264769500966956,52.264769500966956
3368,t,52.264769500966956,52.264769500966956
3369,c,52.264769500966956,52.264769500966956
3370,t,52.264769500966956,52.264769500966956
3371,c,52.264769500966956,52.264769500966956
3372,c,52.264769500966956,52.264769500966956
3373,c,52.264769500966956,52.264769500966956
3374,c,52.264769500966956,52.264769500966956
3375,c,52.264769500966956,52.264769500966956
3376,t,52.264769500966956,52.264769500966956
3377,c,52.264769500966956,52.264769500966956
3378,c,52.264769500966956,52.264769500966956
3379,c,52.264769500966956,52.264769500966956
3380,c,52.264769500966956,52.264769500966956
3381,c,52.264769500966956,52.264769500966956
3382,c,52.264769500966956,52.264769500966956
3383,t,52.264769500966956,52.264769500966956
3384,t,52.264769500966956,52.264769500966956
3385,t,52.264769500966956,52.264769500966956
3386,t,52.264769500966956,52.264769500966956
3387,c,52.264769500966956,52.264769500966956
3388,c,52.264769500966956,52.264769500966956
3389,c,52.264769500966956,52.264769500966956
3390,c,52.264769500966956,52.264769500966956
3391,c,52.264769500966956,52.264769500966956
3392,c,52.264769500966956,52.264769500966956
3393,t,52.264769500966956,52.264769500966956
3394,c,52.264769500966956,52.264769500966956
3395,c,52.264769500966956,52.264769500966956
3396,t,52.264769500966956,52.264769500966956
3397,c,52.264769500966956,52.264769500966956
3398,t,52.264769500966956,52.264769500966956
3399,c,52.264769500966956,52.264769500966956
3400,c,52.264769500966956,52.264769500966956
3401,c,52.264769500966956,52.264769500966956
3402,t,52.264769500966956,52.264769500966956
3403,c,52.264769500966956,52.264769500966956
3404,c,52.264769500966956,52.264769500966956
3405,t,52.264769500966956,52.264769500966956
3406,t,52.264769500966956,52.264769500966956
3407,c,52.264769500966956,52.264769500966956
3408,c,52.264769500966956,52.264769500966956
3409,c,52.264769500966956,52.264769500966956
3410,c,52.264769500966956,52.264769500966956
3411,c,52.264769500966956,52.264769500966956
3412,c,52.264769500966956,52.264769500966956
3413,c,52.264769500966956,52.264769500966956
3414,c,52.264769500966956,52.264769500966956
3415,c,52.264769500966956,52.264769500966956
3416,c,52.264769500966956,52.264769500966956
3417,c,52.264769500966956,52.264769500966956
3418,c,52.264769500966956,52.264769500966956
3419,c,52.264769500966956,52.264769500966956
3420,c,52.264769500966956,52.264769500966956
3421,c,52.264769500966956,52.264769500966956
3422,c,52.264769500966956,52.264769500966956
3423,c,52.264769500966956,52.264769500966956
3424,c,52.264769500966956,52.264769500966956
3425,c,52.264769500966956,52.264769500966956
3426,c,11.817825113712969,26.172337720807256
3427,c,5.488326141297935,8.056884048940224
3428,t,52.264769500966956,52.264769500966956
3429,c,4.719535620910119,25.331316858374876
3430,t,52.264769500966956,52.264769500966956
3431,c,52.264769500966956,52.264769500966956
3432,c,52.264769500966956,52.264769500966956
3433,c,9.244718830547058,10.528378946357563
3434,c,52.264769500966956,52.264769500966956
3435,c,52.264769500966956,52.264769500966956
3436,t,52.264769500966956,52.264769500966956
3437,c,52.264769500966956,52.264769500966956
3438,c,52.264769500966956,52.264769500966956
3439,c,52.264769500966956,52.264769500966956
3440,c,52.264769500966956,52.264769500966956
3441,t,52.264769500966956,52.264769500966956
3442,c,52.264769500966956,52.264769500966956
3443,c,52.264769500966956,52.264769500966956
3444,t,52.264769500966956,52.264769500966956
3445,c,52.264769500966956,52.264769500966956
3446,c,52.264769500966956,52.264769500966956
3447,c,52.264769500966956,52.264769500966956
3448,t,52.264769500966956,52.264769500966956
3449,t,52.264769500966956,52.264769500966956
3450,t,52.264769500966956,52.264769500966956
3451,c,52.264769500966956,52.264769500966956
3452,c,52.264769500966956,52.264769500966956
3453,c,18.914648276291917,21.422992823452876
3454,c,12.166927150478951,14.683760338530782
3455,c,52.264769500966956,52.264769500966956
3456,c,52.264769500966956,52.264769500966956
3457,c,52.264769500966956,52.264769500966956
3458,c,52.264769500966956,52.264769500966956
3459,na,3.1334457834917995,6.2993084962634285
3460,c,52.264769500966956,52.264769500966956
3461,t,52.264769500966956,52.264769500966956
3462,t,52.264769500966956,52.264769500966956
3463,c,52.264769500966956,52.264769500966956
3464,c,52.264769500966956,52.264769500966956
3465,c,52.264769500966956,52.264769500966956
3466,t,52.264769500966956,52.264769500966956
3467,c,52.264769500966956,52.264769500966956
3468,c,52.264769500966956,52.264769500966956
3469,c,52.264769500966956,52.264769500966956
3470,t,52.264769500966956,52.264769500966956
3471,c,52.264769500966956,52.264769500966956
3472,c,52.264769500966956,52.264769500966956
3473,c,52.264769500966956,52.264769500966956
3474,c,52.264769500966956,52.264769500966956
3475,c,52.264769500966956,52.264769500966956
3476,c,52.264769500966956,52.264769500966956
3477,c,52.264769500966956,52.264769500966956
3478,c,52.264769500966956,52.264769500966956
3479,c,52.264769500966956,52.264769500966956
3480,t,52.264769500966956,52.264769500966956
3481,c,52.264769500966956,52.264769500966956
3482,t,52.264769500966956,52.264769500966956
3483,c,52.264769500966956,52.264769500966956
3484,t,52.264769500966956,52.264769500966956
3485,c,52.264769500966956,52.264769500966956
3486,c,52.264769500966956,52.264769500966956
3487,c,52.264769500966956,52.264769500966956
3488,t,52.264769500966956,52.264769500966956
3489,c,52.264769500966956,52.264769500966956
3490,c,52.264769500966956,52.264769500966956
3491,c,52.264769500966956,52.264769500966956
3492,c,52.264769500966956,52.264769500966956
3493,c,52.264769500966956,52.264769500966956
3494,c,52.264769500966956,52.264769500966956
3495,c,52.264769500966956,52.264769500966956
3496,c,52.264769500966956,52.264769500966956
3497,c,52.264769500966956,52.264769500966956
3498,t,52.264769500966956,52.264769500966956
3499,c,52.264769500966956,52.264769500966956
3500,c,52.264769500966956,52.264769500966956
3501,t,52.264769500966956,52.264769500966956
3502,c,52.264769500966956,52.264769500966956
3503,c,52.264769500966956,52.264769500966956
3504,c,52.264769500966956,52.264769500966956
3505,t,52.264769500966956,52.264769500966956
3506,c,52.264769500966956,52.264769500966956
3507,c,52.264769500966956,52.264769500966956
3508,c,52.264769500966956,52.264769500966956
3509,c,52.264769500966956,52.264769500966956
3510,c,52.264769500966956,52.264769500966956
3511,t,52.264769500966956,52.264769500966956
3512,c,52.264769500966956,52.264769500966956
3513,c,52.264769500966956,52.264769500966956
3514,c,52.264769500966956,52.264769500966956
3515,c,52.264769500966956,52.264769500966956
3516,c,52.264769500966956,52.264769500966956
3517,c,52.264769500966956,52.264769500966956
3518,c,52.264769500966956,52.264769500966956
3519,c,52.264769500966956,52.264769500966956
3520,c,52.264769500966956,52.264769500966956
3521,c,52.264769500966956,52.264769500966956
3522,c,52.264769500966956,52.264769500966956
3523,c,52.264769500966956,52.264769500966956
3524,c,52.264769500966956,52.264769500966956
3525,c,52.264769500966956,52.264769500966956
3526,c,52.264769500966956,52.264769500966956
3527,c,52.264769500966956,52.264769500966956
3528,c,52.264769500966956,52.264769500966956
3529,c,52.264769500966956,52.264769500966956
3530,t,52.264769500966956,52.264769500966956
3531,c,52.264769500966956,52.264769500966956
3532,t,52.264769500966956,52.264769500966956
3533,c,52.264769500966956,52.264769500966956
3534,c,52.264769500966956,52.264769500966956
3535,c,10.273788780311014,25.66781675594478
3536,c,52.264769500966956,52.264769500966956
3537,c,52.264769500966956,52.264769500966956
3538,c,52.264769500966956,52.264769500966956
3539,c,52.264769500966956,52.264769500966956
3540,c,52.264769500966956,52.264769500966956
3541,c,52.264769500966956,52.264769500966956
3542,c,52.264769500966956,52.264769500966956
3543,c,52.264769500966956,52.264769500966956
3544,c,52.264769500966956,52.264769500966956
3545,c,52.264769500966956,52.264769500966956
3546,c,52.264769500966956,52.264769500966956
3547,c,52.264769500966956,52.264769500966956
3548,c,52.264769500966956,52.264769500966956
3549,t,52.264769500966956,52.264769500966956
3550,na,0,10.880211631063796
3551,t,52.264769500966956,52.264769500966956
3552,c,52.264769500966956,52.264769500966956
3553,c,52.264769500966956,52.264769500966956
3554,c,52.264769500966956,52.264769500966956
3555,c,52.264769500966956,52.264769500966956
3556,c,52.264769500966956,52.264769500966956
3557,c,52.264769500966956,52.264769500966956
3558,c,52.264769500966956,52.264769500966956
3559,c,52.264769500966956,52.264769500966956
3560,c,52.264769500966956,52.264769500966956
3561,c,52.264769500966956,52.264769500966956
3562,c,13.292379772904113,14.249232405402374
3563,c,52.264769500966956,52.264769500966956
3564,c,52.264769500966956,52.264769500966956
3565,c,52.264769500966956,52.264769500966956
3566,t,52.264769500966956,52.264769500966956
3567,c,52.264769500966956,52.264769500966956
3568,c,52.264769500966956,52.264769500966956
3569,c,52.264769500966956,52.264769500966956
3570,c,52.264769500966956,52.264769500966956
3571,c,52.264769500966956,52.264769500966956
3572,c,52.264769500966956,52.264769500966956
3573,c,52.264769500966956,52.264769500966956
3574,c,52.264769500966956,52.264769500966956
3575,t,52.264769500966956,52.264769500966956
3576,c,52.264769500966956,52.264769500966956
3577,c,52.264769500966956,52.264769500966956
3578,c,52.264769500966956,52.264769500966956
3579,c,52.264769500966956,52.264769500966956
3580,c,52.264769500966956,52.264769500966956
3581,c,52.264769500966956,52.264769500966956
3582,c,52.264769500966956,52.264769500966956
3583,c,52.264769500966956,52.264769500966956
3584,c,52.264769500966956,52.264769500966956
3585,c,52.264769500966956,52.264769500966956
3586,c,52.264769500966956,52.264769500966956
3587,c,7.15040368504649,8.266598377082936
3588,c,52.264769500966956,52.264769500966956
3589,t,52.264769500966956,52.264769500966956
3590,c,52.264769500966956,52.264769500966956
3591,t,52.264769500966956,52.264769500966956
3592,c,52.264769500966956,52.264769500966956
3593,c,52.264769500966956,52.264769500966956
3594,t,52.264769500966956,52.264769500966956
3595,c,52.264769500966956,52.264769500966956
3596,c,52.264769500966956,52.264769500966956
3597,t,52.264769500966956,52.264769500966956
3598,c,52.264769500966956,52.264769500966956
3599,c,38.96008650001016,47.03835736924942
3600,c,52.264769500966956,52.264769500966956
3601,t,52.264769500966956,52.264769500966956
3602,t,52.264769500966956,52.264769500966956
3603,c,52.264769500966956,52.264769500966956
3604,t,52.264769500966956,52.264769500966956
3605,t,52.264769500966956,52.264769500966956
3606,c,52.264769500966956,52.264769500966956
3607,c,17.286002988573454,22.407886229444937
3608,c,52.264769500966956,52.264769500966956
3609,c,3.608952653431889,6.912809397404701
3610,c,52.264769500966956,52.264769500966956
3611,c,52.264769500966956,52.264769500966956
3612,c,20.38545130624581,24.927713963812074
3613,t,52.264769500966956,52.264769500966956
3614,c,52.264769500966956,52.264769500966956
3615,c,52.264769500966956,52.264769500966956
3616,c,52.264769500966956,52.264769500966956
3617,c,52.264769500966956,52.264769500966956
3618,c,52.264769500966956,52.264769500966956
3619,c,52.264769500966956,52.264769500966956
3620,t,52.264769500966956,52.264769500966956
3621,c,52.264769500966956,52.264769500966956
3622,c,52.264769500966956,52.264769500966956
3623,c,52.264769500966956,52.264769500966956
3624,t,52.264769500966956,52.264769500966956
3625,c,52.264769500966956,52.264769500966956
3626,t,52.264769500966956,52.264769500966956
3627,c,52.264769500966956,52.264769500966956
3628,c,52.264769500966956,52.264769500966956
3629,c,52.264769500966956,52.264769500966956
3630,t,52.264769500966956,52.264769500966956
3631,c,52.264769500966956,52.264769500966956
3632,c,52.264769500966956,52.264769500966956
3633,c,52.264769500966956,52.264769500966956
3634,c,52.264769500966956,52.264769500966956
3635,c,52.264769500966956,52.264769500966956
3636,c,52.264769500966956,52.264769500966956
3637,c,52.264769500966956,52.264769500966956
3638,c,52.264769500966956,52.264769500966956
3639,c,52.264769500966956,52.264769500966956
3640,t,52.264769500966956,52.264769500966956
3641,c,52.264769500966956,52.264769500966956
3642,c,52.264769500966956,52.264769500966956
3643,t,52.264769500966956,52.264769500966956
3644,c,52.264769500966956,52.264769500966956
3645,c,52.264769500966956,52.264769500966956
3646,c,52.264769500966956,52.264769500966956
3647,c,52.264769500966956,52.264769500966956
3648,c,52.264769500966956,52.264769500966956
3649,c,52.264769500966956,52.264769500966956
3650,c,52.264769500966956,52.264769500966956
3651,c,52.264769500966956,52.264769500966956
3652,c,52.264769500966956,52.264769500966956
3653,c,52.264769500966956,52.264769500966956
3654,t,52.264769500966956,52.264769500966956
3655,c,52.264769500966956,52.264769500966956
3656,c,52.264769500966956,52.264769500966956
3657,c,52.264769500966956,52.264769500966956
3658,c,52.264769500966956,52.264769500966956
3659,c,52.264769500966956,52.264769500966956
3660,c,52.264769500966956,52.264769500966956
3661,c,52.264769500966956,52.264769500966956
3662,c,52.264769500966956,52.264769500966956
3663,c,52.264769500966956,52.264769500966956
3664,t,52.264769500966956,52.264769500966956
3665,c,52.264769500966956,52.264769500966956
3666,c,52.264769500966956,52.264769500966956
3667,c,52.264769500966956,52.264769500966956
3668,t,52.264769500966956,52.264769500966956
3669,c,52.264769500966956,52.264769500966956
3670,c,52.264769500966956,52.264769500966956
3671,c,52.264769500966956,52.264769500966956
3672,c,52.264769500966956,52.264769500966956
3673,c,52.264769500966956,52.264769500966956
3674,c,52.264769500966956,52.264769500966956
3675,c,52.264769500966956,52.264769500966956
3676,c,52.264769500966956,52.264769500966956
3677,c,52.264769500966956,52.264769500966956
3678,c,52.264769500966956,52.264769500966956
3679,c,52.264769500966956,52.264769500966956
3680,t,52.264769500966956,52.264769500966956
3681,c,52.264769500966956,52.264769500966956
3682,c,52.264769500966956,52.264769500966956
3683,c,52.264769500966956,52.264769500966956
3684,c,52.264769500966956,52.264769500966956
3685,c,52.264769500966956,52.264769500966956
3686,c,52.264769500966956,52.264769500966956
3687,c,52.264769500966956,52.264769500966956
3688,c,52.264769500966956,52.264769500966956
3689,c,52.264769500966956,52.264769500966956
3690,c,52.264769500966956,52.264769500966956
3691,t,52.264769500966956,52.264769500966956
3692,c,52.264769500966956,52.264769500966956
3693,c,52.264769500966956,52.264769500966956
3694,c,52.264769500966956,52.264769500966956
3695,c,52.264769500966956,52.264769500966956
3696,c,52.264769500966956,52.264769500966956
3697,c,52.264769500966956,52.264769500966956
3698,c,52.264769500966956,52.264769500966956
3699,c,52.264769500966956,52.264769500966956
3700,c,52.264769500966956,52.264769500966956
3701,c,52.264769500966956,52.264769500966956
3702,c,52.264769500966956,52.264769500966956
3703,c,52.264769500966956,52.264769500966956
3704,na,9.732482335487365,10.413772198298428
3705,c,52.264769500966956,52.264769500966956
3706,c,52.264769500966956,52.264769500966956
3707,na,8.2069336725262,11.10627337417274
3708,c,52.264769500966956,52.264769500966956
3709,c,52.264769500966956,52.264769500966956
3710,t,52.264769500966956,52.264769500966956
3711,c,52.264769500966956,52.264769500966956
3712,c,52.264769500966956,52.264769500966956
3713,c,52.264769500966956,52.264769500966956
3714,t,52.264769500966956,52.264769500966956
3715,c,52.264769500966956,52.264769500966956
3716,c,52.264769500966956,52.264769500966956
3717,c,52.264769500966956,52.264769500966956
3718,c,52.264769500966956,52.264769500966956
3719,c,52.264769500966956,52.264769500966956
3720,c,52.264769500966956,52.264769500966956
3721,t,52.264769500966956,52.264769500966956
3722,t,52.264769500966956,52.264769500966956
3723,t,52.264769500966956,52.264769500966956
3724,c,52.264769500966956,52.264769500966956
3725,t,52.264769500966956,52.264769500966956
3726,c,52.264769500966956,52.264769500966956
3727,t,52.264769500966956,52.264769500966956
3728,c,52.264769500966956,52.264769500966956
3729,c,52.264769500966956,52.264769500966956
3730,c,52.264769500966956,52.264769500966956
3731,c,52.264769500966956,52.264769500966956
3732,c,52.264769500966956,52.264769500966956
3733,c,52.264769500966956,52.264769500966956
3734,c,52.264769500966956,52.264769500966956
3735,c,52.264769500966956,52.264769500966956
3736,t,52.264769500966956,52.264769500966956
3737,c,52.264769500966956,52.264769500966956
3738,c,52.264769500966956,52.264769500966956
3739,c,52.264769500966956,52.264769500966956
3740,c,52.264769500966956,52.264769500966956
3741,c,52.264769500966956,52.264769500966956
3742,t,52.264769500966956,52.264769500966956
3743,c,52.264769500966956,52.264769500966956
3744,c,52.264769500966956,52.264769500966956
3745,c,52.264769500966956,52.264769500966956
3746,c,52.264769500966956,52.264769500966956
3747,c,52.264769500966956,52.264769500966956
3748,c,52.264769500966956,52.264769500966956
3749,c,52.264769500966956,52.264769500966956
3750,c,52.264769500966956,52.264769500966956
3751,c,52.264769500966956,52.264769500966956
3752,c,52.264769500966956,52.264769500966956
3753,c,52.264769500966956,52.264769500966956
3754,t,52.264769500966956,52.264769500966956
3755,t,52.264769500966956,52.264769500966956
3756,c,52.264769500966956,52.264769500966956
3757,c,52.264769500966956,52.264769500966956
3758,c,52.264769500966956,52.264769500966956
3759,c,52.264769500966956,52.264769500966956
3760,c,52.264769500966956,52.264769500966956
3761,c,52.264769500966956,52.264769500966956
3762,c,52.264769500966956,52.264769500966956
3763,c,52.264769500966956,52.264769500966956
3764,t,52.264769500966956,52.264769500966956
3765,c,52.264769500966956,52.264769500966956
3766,c,52.264769500966956,52.264769500966956
3767,c,52.264769500966956,52.264769500966956
3768,c,52.264769500966956,52.264769500966956
3769,c,52.264769500966956,52.264769500966956
3770,t,52.264769500966956,52.264769500966956
3771,c,52.264769500966956,52.264769500966956
3772,c,52.264769500966956,52.264769500966956
3773,c,52.264769500966956,52.264769500966956
3774,c,52.264769500966956,52.264769500966956
3775,t,52.264769500966956,52.264769500966956
3776,c,52.264769500966956,52.264769500966956
3777,c,52.264769500966956,52.264769500966956
3778,t,52.264769500966956,52.264769500966956
3779,t,52.264769500966956,52.264769500966956
3780,c,52.264769500966956,52.264769500966956
3781,c,52.264769500966956,52.264769500966956
3782,t,52.264769500966956,52.264769500966956
3783,c,24.891723228847994,28.61525340889883
3784,c,52.264769500966956,52.264769500966956
3785,c,52.264769500966956,52.264769500966956
3786,c,52.264769500966956,52.264769500966956
3787,c,52.264769500966956,52.264769500966956
3788,c,52.264769500966956,52.264769500966956
3789,c,52.264769500966956,52.264769500966956
3790,c,52.264769500966956,52.264769500966956
3791,t,52.264769500966956,52.264769500966956
3792,t,52.264769500966956,52.264769500966956
3793,t,52.264769500966956,52.264769500966956
3794,c,52.264769500966956,52.264769500966956
3795,c,52.264769500966956,52.264769500966956
3796,t,52.264769500966956,52.264769500966956
3797,t,52.264769500966956,52.264769500966956
3798,t,52.264769500966956,52.264769500966956
3799,c,52.264769500966956,52.264769500966956
3800,t,52.264769500966956,52.264769500966956
3801,t,52.264769500966956,52.264769500966956
3802,c,52.264769500966956,52.264769500966956
3803,c,52.264769500966956,52.264769500966956
3804,c,52.264769500966956,52.264769500966956
3805,c,52.264769500966956,52.264769500966956
3806,c,52.264769500966956,52.264769500966956
3807,c,52.264769500966956,52.264769500966956
3808,c,52.264769500966956,52.264769500966956
3809,t,52.264769500966956,52.264769500966956
3810,c,52.264769500966956,52.264769500966956
3811,c,52.264769500966956,52.264769500966956
3812,t,52.264769500966956,52.264769500966956
3813,c,52.264769500966956,52.264769500966956
3814,c,52.264769500966956,52.264769500966956
3815,t,52.264769500966956,52.264769500966956
3816,c,52.264769500966956,52.264769500966956
3817,t,52.264769500966956,52.264769500966956
3818,c,52.264769500966956,52.264769500966956
3819,t,52.264769500966956,52.264769500966956
3820,c,52.264769500966956,52.264769500966956
3821,c,52.264769500966956,52.264769500966956
3822,c,52.264769500966956,52.264769500966956
3823,c,52.264769500966956,52.264769500966956
3824,t,52.264769500966956,52.264769500966956
3825,c,52.264769500966956,52.264769500966956
3826,c,52.264769500966956,52.264769500966956
3827,c,52.264769500966956,52.264769500966956
3828,c,52.264769500966956,52.264769500966956
3829,c,52.264769500966956,52.264769500966956
3830,c,52.264769500966956,52.264769500966956
3831,c,52.264769500966956,52.264769500966956
3832,c,52.264769500966956,52.264769500966956
3833,c,52.264769500966956,52.264769500966956
3834,c,52.264769500966956,52.264769500966956
3835,c,52.264769500966956,52.264769500966956
3836,c,52.264769500966956,52.264769500966956
3837,c,52.264769500966956,52.264769500966956
3838,c,52.264769500966956,52.264769500966956
3839,c,52.264769500966956,52.264769500966956
3840,t,52.264769500966956,52.264769500966956
3841,c,52.264769500966956,52.264769500966956
3842,c,52.264769500966956,52.264769500966956
3843,c,52.264769500966956,52.264769500966956
3844,c,52.264769500966956,52.264769500966956
3845,c,52.264769500966956,52.264769500966956
3846,c,52.264769500966956,52.264769500966956
3847,c,8.681068451476024,8.98209922580256
3848,na,-1,0
3849,c,52.264769500966956,52.264769500966956
3850,c,52.264769500966956,52.264769500966956
3851,c,52.264769500966956,52.264769500966956
3852,c,52.264769500966956,52.264769500966956
3853,c,52.264769500966956,52.264769500966956
3854,c,52.264769500966956,52.264769500966956
3855,c,8.276968033206954,11.324987146475438
3856,c,52.264769500966956,52.264769500966956
3857,c,52.264769500966956,52.264769500966956
3858,c,52.264769500966956,52.264769500966956
3859,t,52.264769500966956,52.264769500966956
3860,t,52.264769500966956,52.264769500966956
3861,c,52.264769500966956,52.264769500966956
3862,c,52.264769500966956,52.264769500966956
3863,c,52.264769500966956,52.264769500966956
3864,c,5.370808522490886,16.6173118850174
3865,c,52.264769500966956,52.264769500966956
3866,c,52.264769500966956,52.264769500966956
3867,na,0.716253581423842,6.655338347697976
3868,c,17.40027039618374,52.264769500966956
3869,t,52.264769500966956,52.264769500966956
3870,t,52.264769500966956,52.264769500966956
3871,t,52.264769500966956,52.264769500966956
3872,c,52.264769500966956,52.264769500966956
3873,c,52.264769500966956,52.264769500966956
3874,c,52.264769500966956,52.264769500966956
3875,c,52.264769500966956,52.264769500966956
3876,c,52.264769500966956,52.264769500966956
3877,c,52.264769500966956,52.264769500966956
3878,c,52.264769500966956,52.264769500966956
3879,c,5.693332304768102,23.539356684298998
3880,c,52.264769500966956,52.264769500966956
3881,t,52.264769500966956,52.264769500966956
3882,na,-1,0
3883,c,52.264769500966956,52.264769500966956
3884,c,52.264769500966956,52.264769500966956
3885,c,52.264769500966956,52.264769500966956
3886,c,52.264769500966956,52.264769500966956
3887,t,52.264769500966956,52.264769500966956
3888,c,52.264769500966956,52.264769500966956
3889,t,52.264769500966956,52.264769500966956
3890,c,52.264769500966956,52.264769500966956
3891,c,52.264769500966956,52.264769500966956
3892,c,52.264769500966956,52.264769500966956
3893,c,52.264769500966956,52.264769500966956
3894,t,52.264769500966956,52.264769500966956
3895,t,52.264769500966956,52.264769500966956
3896,c,52.264769500966956,52.264769500966956
3897,c,52.264769500966956,52.264769500966956
3898,c,52.264769500966956,52.264769500966956
3899,c,52.264769500966956,52.264769500966956
3900,c,52.264769500966956,52.264769500966956
3901,c,52.264769500966956,52.264769500966956
3902,c,52.264769500966956,52.264769500966956
3903,c,52.264769500966956,52.264769500966956
3904,t,52.264769500966956,52.264769500966956
3905,c,52.264769500966956,52.264769500966956
3906,c,52.264769500966956,52.264769500966956
3907,c,52.264769500966956,52.264769500966956
3908,c,52.264769500966956,52.264769500966956
3909,t,52.264769500966956,52.264769500966956
3910,c,52.264769500966956,52.264769500966956
3911,c,52.264769500966956,52.264769500966956
3912,c,52.264769500966956,52.264769500966956
3913,c,52.264769500966956,52.264769500966956
3914,t,52.264769500966956,52.264769500966956
3915,t,52.264769500966956,52.264769500966956
3916,c,52.264769500966956,52.264769500966956
3917,c,52.264769500966956,52.264769500966956
3918,c,52.264769500966956,52.264769500966956
3919,c,52.264769500966956,52.264769500966956
3920,na,8.970242570726278,16.47682188639614
3921,c,52.264769500966956,52.264769500966956
3922,c,52.264769500966956,52.264769500966956
3923,na,0.10332968753996126,10.335722412674315
3924,c,52.264769500966956,52.264769500966956
3925,c,52.264769500966956,52.264769500966956
3926,c,52.264769500966956,52.264769500966956
3927,t,52.264769500966956,52.264769500966956
3928,c,52.264769500966956,52.264769500966956
3929,c,52.264769500966956,52.264769500966956
3930,c,52.264769500966956,52.264769500966956
3931,c,52.264769500966956,52.264769500966956
3932,t,52.264769500966956,52.264769500966956
3933,t,52.264769500966956,52.264769500966956
3934,c,52.264769500966956,52.264769500966956
3935,c,52.264769500966956,52.264769500966956
3936,c,52.264769500966956,52.264769500966956
3937,c,52.264769500966956,52.264769500966956
3938,c,52.264769500966956,52.264769500966956
3939,c,52.264769500966956,52.264769500966956
3940,t,52.264769500966956,52.264769500966956
3941,c,52.264769500966956,52.264769500966956
3942,t,52.264769500966956,52.264769500966956
3943,t,52.264769500966956,52.264769500966956
3944,t,52.264769500966956,52.264769500966956
3945,c,52.264769500966956,52.264769500966956
3946,c,52.264769500966956,52.264769500966956
3947,c,52.264769500966956,52.264769500966956
3948,c,52.264769500966956,52.264769500966956
3949,c,52.264769500966956,52.264769500966956
3950,c,52.264769500966956,52.264769500966956
3951,c,52.264769500966956,52.264769500966956
3952,c,52.264769500966956,52.264769500966956
3953,c,52.264769500966956,52.264769500966956
3954,c,52.264769500966956,52.264769500966956
3955,c,52.264769500966956,52.264769500966956
3956,c,52.264769500966956,52.264769500966956
3957,c,52.264769500966956,52.264769500966956
3958,c,52.264769500966956,52.264769500966956
3959,c,52.264769500966956,52.264769500966956
3960,c,52.264769500966956,52.264769500966956
3961,c,52.264769500966956,52.264769500966956
3962,c,52.264769500966956,52.264769500966956
3963,c,52.264769500966956,52.264769500966956
3964,c,52.264769500966956,52.264769500966956
3965,c,52.264769500966956,52.264769500966956
3966,c,52.264769500966956,52.264769500966956
3967,t,52.264769500966956,52.264769500966956
3968,t,52.264769500966956,52.264769500966956
3969,t,52.264769500966956,52.264769500966956
3970,t,52.264769500966956,52.264769500966956
3971,t,52.264769500966956,52.264769500966956
3972,c,52.264769500966956,52.264769500966956
3973,t,52.264769500966956,52.264769500966956
3974,c,52.264769500966956,52.264769500966956
3975,c,52.264769500966956,52.264769500966956
3976,t,52.264769500966956,52.264769500966956
3977,c,52.264769500966956,52.264769500966956
3978,c,52.264769500966956,52.264769500966956
3979,c,52.264769500966956,52.264769500966956
3980,c,52.264769500966956,52.264769500966956
3981,c,52.264769500966956,52.264769500966956
3982,c,52.264769500966956,52.264769500966956
3983,c,52.264769500966956,52.264769500966956
3984,c,52.264769500966956,52.264769500966956
3985,c,52.264769500966956,52.264769500966956
3986,c,52.264769500966956,52.264769500966956
3987,c,52.264769500966956,52.264769500966956
3988,c,5.989568512404835,6.897852758534516
3989,c,52.264769500966956,52.264769500966956
3990,c,52.264769500966956,52.264769500966956
3991,c,52.264769500966956,52.264769500966956
3992,c,52.264769500966956,52.264769500966956
3993,c,52.264769500966956,52.264769500966956
3994,c,52.264769500966956,52.264769500966956
3995,c,52.264769500966956,52.264769500966956
3996,t,52.264769500966956,52.264769500966956
3997,c,52.264769500966956,52.264769500966956
3998,c,52.264769500966956,52.264769500966956
3999,c,52.264769500966956,52.264769500966956
4000,c,52.264769500966956,52.264769500966956
4001,c,52.264769500966956,52.264769500966956
4002,c,52.264769500966956,52.264769500966956
4003,c,52.264769500966956,52.264769500966956
4004,c,52.264769500966956,52.264769500966956
4005,c,52.264769500966956,52.264769500966956
4006,c,52.264769500966956,52.264769500966956
4007,c,52.264769500966956,52.264769500966956
4008,t,52.264769500966956,52.264769500966956
4009,c,52.264769500966956,52.264769500966956
4010,t,52.264769500966956,52.264769500966956
4011,c,52.264769500966956,52.264769500966956
4012,c,52.264769500966956,52.264769500966956
4013,c,52.264769500966956,52.264769500966956
4014,c,52.264769500966956,52.264769500966956
4015,t,52.264769500966956,52.264769500966956
4016,c,52.264769500966956,52.264769500966956
4017,t,52.264769500966956,52.264769500966956
4018,c,52.264769500966956,52.264769500966956
4019,c,52.264769500966956,52.264769500966956
4020,c,52.264769500966956,52.264769500966956
4021,c,52.264769500966956,52.264769500966956
4022,c,52.264769500966956,52.264769500966956
4023,t,52.264769500966956,52.264769500966956
4024,c,52.264769500966956,52.264769500966956
4025,c,52.264769500966956,52.264769500966956
4026,t,52.264769500966956,52.264769500966956
4027,c,52.264769500966956,52.264769500966956
4028,c,52.264769500966956,52.264769500966956
4029,c,52.264769500966956,52.264769500966956
4030,t,52.264769500966956,52.264769500966956
4031,c,52.264769500966956,52.264769500966956
4032,t,52.264769500966956,52.264769500966956
4033,c,52.264769500966956,52.264769500966956
4034,c,52.264769500966956,52.264769500966956
4035,c,52.264769500966956,52.264769500966956
4036,c,52.264769500966956,52.264769500966956
4037,c,52.264769500966956,52.264769500966956
4038,c,52.264769500966956,52.264769500966956
4039,t,52.264769500966956,52.264769500966956
4040,c,52.264769500966956,52.264769500966956
4041,c,52.264769500966956,52.264769500966956
4042,c,52.264769500966956,52.264769500966956
4043,c,52.264769500966956,52.264769500966956
4044,c,52.264769500966956,52.264769500966956
4045,c,52.264769500966956,52.264769500966956
4046,c,52.264769500966956,52.264769500966956
4047,t,52.264769500966956,52.264769500966956
4048,c,52.264769500966956,52.264769500966956
4049,c,52.264769500966956,52.264769500966956
4050,c,52.264769500966956,52.264769500966956
4051,t,52.264769500966956,52.264769500966956
4052,c,52.264769500966956,52.264769500966956
4053,c,52.264769500966956,52.264769500966956
4054,c,52.264769500966956,52.264769500966956
4055,c,52.264769500966956,52.264769500966956
4056,c,52.264769500966956,52.264769500966956
4057,c,52.264769500966956,52.264769500966956
4058,na,0,8.869288963702177
4059,c,52.264769500966956,52.264769500966956
4060,t,52.264769500966956,52.264769500966956
4061,t,52.264769500966956,52.264769500966956
4062,c,52.264769500966956,52.264769500966956
4063,c,6.696211840253096,10.134638328591453
4064,c,52.264769500966956,52.264769500966956
4065,c,52.264769500966956,52.264769500966956
4066,c,52.264769500966956,52.264769500966956
4067,t,52.264769500966956,52.264769500966956
4068,c,52.264769500966956,52.264769500966956
4069,c,52.264769500966956,52.264769500966956
4070,c,52.264769500966956,52.264769500966956
4071,c,52.264769500966956,52.264769500966956
4072,c,52.264769500966956,52.264769500966956
4073,c,52.264769500966956,52.264769500966956
4074,c,52.264769500966956,52.264769500966956
4075,c,52.264769500966956,52.264769500966956
4076,c,52.264769500966956,52.264769500966956
4077,na,-1,0
4078,c,52.264769500966956,52.264769500966956
4079,c,52.264769500966956,52.264769500966956
4080,c,52.264769500966956,52.264769500966956
4081,t,52.264769500966956,52.264769500966956
4082,c,52.264769500966956,52.264769500966956
4083,c,20.94138169522753,23.17215547014673
4084,c,52.264769500966956,52.264769500966956
4085,c,52.264769500966956,52.264769500966956
4086,c,52.264769500966956,52.264769500966956
4087,c,52.264769500966956,52.264769500966956
4088,c,52.264769500966956,52.264769500966956
4089,c,52.264769500966956,52.264769500966956
4090,c,52.264769500966956,52.264769500966956
4091,c,52.264769500966956,52.264769500966956
4092,c,52.264769500966956,52.264769500966956
4093,c,52.264769500966956,52.264769500966956
4094,c,52.264769500966956,52.264769500966956
4095,c,52.264769500966956,52.264769500966956
4096,t,52.264769500966956,52.264769500966956
4097,t,52.264769500966956,52.264769500966956
4098,c,52.264769500966956,52.264769500966956
4099,c,52.264769500966956,52.264769500966956
4100,c,52.264769500966956,52.264769500966956
4101,c,52.264769500966956,52.264769500966956
4102,c,52.264769500966956,52.264769500966956
4103,c,52.264769500966956,52.264769500966956
4104,c,52.264769500966956,52.264769500966956
4105,c,52.264769500966956,52.264769500966956
4106,c,52.264769500966956,52.264769500966956
4107,c,52.264769500966956,52.264769500966956
4108,c,52.264769500966956,52.264769500966956
4109,c,52.264769500966956,52.264769500966956
4110,c,16.361155552390805,18.940004571286654
4111,c,52.264769500966956,52.264769500966956
4112,c,52.264769500966956,52.264769500966956
4113,c,52.264769500966956,52.264769500966956
4114,c,52.264769500966956,52.264769500966956
4115,t,52.264769500966956,52.264769500966956
4116,c,52.264769500966956,52.264769500966956
4117,t,52.264769500966956,52.264769500966956
4118,t,52.264769500966956,52.264769500966956
4119,c,52.264769500966956,52.264769500966956
4120,c,52.264769500966956,52.264769500966956
4121,c,52.264769500966956,52.264769500966956
4122,c,52.264769500966956,52.264769500966956
4123,c,52.264769500966956,52.264769500966956
4124,c,52.264769500966956,52.264769500966956
4125,na,4.6093850089124135,10.18778115083822
4126,c,52.264769500966956,52.264769500966956
4127,c,52.264769500966956,52.264769500966956
4128,c,52.264769500966956,52.264769500966956
4129,c,52.264769500966956,52.264769500966956
4130,c,52.264769500966956,52.264769500966956
4131,t,52.264769500966956,52.264769500966956
4132,c,52.264769500966956,52.264769500966956
4133,t,52.264769500966956,52.264769500966956
4134,c,52.264769500966956,52.264769500966956
4135,t,52.264769500966956,52.264769500966956
4136,t,52.264769500966956,52.264769500966956
4137,c,52.264769500966956,52.264769500966956
4138,t,52.264769500966956,52.264769500966956
4139,c,52.264769500966956,52.264769500966956
4140,c,52.264769500966956,52.264769500966956
4141,t,52.264769500966956,52.264769500966956
4142,t,52.264769500966956,52.264769500966956
4143,c,52.264769500966956,52.264769500966956
4144,c,52.264769500966956,52.264769500966956
4145,c,52.264769500966956,52.264769500966956
4146,t,52.264769500966956,52.264769500966956
4147,c,52.264769500966956,52.264769500966956
4148,c,52.264769500966956,52.264769500966956
4149,c,52.264769500966956,52.264769500966956
4150,c,52.264769500966956,52.264769500966956
4151,t,52.264769500966956,52.264769500966956
4152,c,52.264769500966956,52.264769500966956
4153,t,52.264769500966956,52.264769500966956
4154,c,52.264769500966956,52.264769500966956
4155,c,52.264769500966956,52.264769500966956
4156,c,52.264769500966956,52.264769500966956
4157,c,52.264769500966956,52.264769500966956
4158,c,52.264769500966956,52.264769500966956
4159,c,52.264769500966956,52.264769500966956
4160,c,52.264769500966956,52.264769500966956
4161,c,6.3639535022903075,8.718515559039899
4162,c,52.264769500966956,52.264769500966956
4163,c,52.264769500966956,52.264769500966956
4164,t,52.264769500966956,52.264769500966956
4165,c,52.264769500966956,52.264769500966956
4166,c,52.264769500966956,52.264769500966956
4167,c,52.264769500966956,52.264769500966956
4168,c,52.264769500966956,52.264769500966956
4169,c,52.264769500966956,52.264769500966956
4170,c,52.264769500966956,52.264769500966956
4171,c,52.264769500966956,52.264769500966956
4172,c,52.264769500966956,52.264769500966956
4173,c,52.264769500966956,52.264769500966956
4174,c,52.264769500966956,52.264769500966956
4175,c,52.264769500966956,52.264769500966956
4176,t,52.264769500966956,52.264769500966956
4177,t,52.264769500966956,52.264769500966956
4178,c,11.873935728526877,15.915941215757154
4179,c,52.264769500966956,52.264769500966956
4180,t,52.264769500966956,52.264769500966956
4181,c,52.264769500966956,52.264769500966956
4182,c,52.264769500966956,52.264769500966956
4183,c,52.264769500966956,52.264769500966956
4184,c,9.618310616578015,13.352935100873887
4185,c,52.264769500966956,52.264769500966956
4186,c,52.264769500966956,52.264769500966956
4187,c,52.264769500966956,52.264769500966956
4188,c,52.264769500966956,52.264769500966956
4189,c,52.264769500966956,52.264769500966956
4190,c,52.264769500966956,52.264769500966956
4191,c,52.264769500966956,52.264769500966956
4192,c,52.264769500966956,52.264769500966956
4193,c,52.264769500966956,52.264769500966956
4194,c,52.264769500966956,52.264769500966956
4195,c,52.264769500966956,52.264769500966956
4196,c,52.264769500966956,52.264769500966956
4197,c,52.264769500966956,52.264769500966956
4198,c,52.264769500966956,52.264769500966956
4199,c,52.264769500966956,52.264769500966956
4200,c,52.264769500966956,52.264769500966956
4201,t,52.264769500966956,52.264769500966956
4202,c,52.264769500966956,52.264769500966956
4203,c,52.264769500966956,52.264769500966956
4204,c,52.264769500966956,52.264769500966956
4205,c,52.264769500966956,52.264769500966956
4206,c,52.264769500966956,52.264769500966956
4207,c,52.264769500966956,52.264769500966956
4208,c,52.264769500966956,52.264769500966956
4209,c,52.264769500966956,52.264769500966956
4210,c,52.264769500966956,52.264769500966956
4211,c,52.264769500966956,52.264769500966956
4212,t,52.264769500966956,52.264769500966956
4213,c,52.264769500966956,52.264769500966956
4214,c,52.264769500966956,52.264769500966956
4215,c,52.264769500966956,52.264769500966956
4216,c,52.264769500966956,52.264769500966956
4217,c,52.264769500966956,52.264769500966956
4218,c,52.264769500966956,52.264769500966956
4219,c,52.264769500966956,52.264769500966956
4220,c,52.264769500966956,52.264769500966956
4221,c,52.264769500966956,52.264769500966956
4222,c,52.264769500966956,52.264769500966956
4223,c,52.264769500966956,52.264769500966956
4224,t,52.264769500966956,52.264769500966956
4225,c,52.264769500966956,52.264769500966956
4226,c,52.264769500966956,52.264769500966956
4227,c,52.264769500966956,52.264769500966956
4228,t,52.264769500966956,52.264769500966956
4229,c,52.264769500966956,52.264769500966956
4230,c,52.264769500966956,52.264769500966956
4231,c,52.264769500966956,52.264769500966956
4232,c,52.264769500966956,52.264769500966956
4233,c,52.264769500966956,52.264769500966956
4234,t,52.264769500966956,52.264769500966956
4235,c,52.264769500966956,52.264769500966956
4236,c,52.264769500966956,52.264769500966956
4237,t,52.264769500966956,52.264769500966956
4238,t,52.264769500966956,52.264769500966956
4239,c,52.264769500966956,52.264769500966956
4240,c,52.264769500966956,52.264769500966956
4241,c,52.264769500966956,52.264769500966956
4242,c,52.264769500966956,52.264769500966956
4243,t,52.264769500966956,52.264769500966956
4244,c,52.264769500966956,52.264769500966956
4245,c,52.264769500966956,52.264769500966956
4246,t,52.264769500966956,52.264769500966956
4247,c,52.264769500966956,52.264769500966956
4248,c,52.264769500966956,52.264769500966956
4249,c,52.264769500966956,52.264769500966956
4250,c,52.264769500966956,52.264769500966956
4251,c,52.264769500966956,52.264769500966956
4252,c,52.264769500966956,52.264769500966956
4253,c,52.264769500966956,52.264769500966956
4254,c,52.264769500966956,52.264769500966956
4255,c,52.264769500966956,52.264769500966956
4256,c,52.264769500966956,52.264769500966956
4257,c,52.264769500966956,52.264769500966956
4258,c,52.264769500966956,52.264769500966956
4259,c,52.264769500966956,52.264769500966956
4260,c,52.264769500966956,52.264769500966956
4261,c,52.264769500966956,52.264769500966956
4262,c,52.264769500966956,52.264769500966956
4263,c,52.264769500966956,52.264769500966956
4264,c,52.264769500966956,52.264769500966956
4265,c,52.264769500966956,52.264769500966956
4266,c,52.264769500966956,52.264769500966956
4267,c,2.8752456489902487,4.902760465031219
4268,c,52.264769500966956,52.264769500966956
4269,t,52.264769500966956,52.264769500966956
4270,c,52.264769500966956,52.264769500966956
4271,c,52.264769500966956,52.264769500966956
4272,c,9.825611786657037,9.897291900925916
4273,c,52.264769500966956,52.264769500966956
4274,t,52.264769500966956,52.264769500966956
4275,c,52.264769500966956,52.264769500966956
4276,na,0,52.264769500966956
4277,c,52.264769500966956,52.264769500966956
4278,c,52.264769500966956,52.264769500966956
4279,t,52.264769500966956,52.264769500966956
4280,c,52.264769500966956,52.264769500966956
4281,c,52.264769500966956,52.264769500966956
4282,t,52.264769500966956,52.264769500966956
4283,c,52.264769500966956,52.264769500966956
4284,c,52.264769500966956,52.264769500966956
4285,t,52.264769500966956,52.264769500966956
4286,c,52.264769500966956,52.264769500966956
4287,c,52.264769500966956,52.264769500966956
4288,c,52.264769500966956,52.264769500966956
4289,c,52.264769500966956,52.264769500966956
4290,na,0,0.05234410386196778
4291,c,52.264769500966956,52.264769500966956
4292,c,52.264769500966956,52.264769500966956
4293,c,52.264769500966956,52.264769500966956
4294,c,52.264769500966956,52.264769500966956
4295,c,52.264769500966956,52.264769500966956
4296,c,52.264769500966956,52.264769500966956
4297,c,52.264769500966956,52.264769500966956
4298,t,52.264769500966956,52.264769500966956
4299,c,52.264769500966956,52.264769500966956
4300,c,52.264769500966956,52.264769500966956
4301,c,52.264769500966956,52.264769500966956
4302,c,52.264769500966956,52.264769500966956
4303,t,52.264769500966956,52.264769500966956
4304,c,52.264769500966956,52.264769500966956
4305,c,52.264769500966956,52.264769500966956
4306,c,52.264769500966956,52.264769500966956
4307,c,52.264769500966956,52.264769500966956
4308,c,52.264769500966956,52.264769500966956
4309,c,52.264769500966956,52.264769500966956
4310,t,52.264769500966956,52.264769500966956
4311,t,52.264769500966956,52.264769500966956
4312,c,52.264769500966956,52.264769500966956
4313,c,52.264769500966956,52.264769500966956
4314,c,52.264769500966956,52.264769500966956
4315,c,52.264769500966956,52.264769500966956
4316,c,52.264769500966956,52.264769500966956
4317,t,52.264769500966956,52.264769500966956
4318,c,52.264769500966956,52.264769500966956
4319,na,2.0621086559999267,10.503147982479819
4320,c,52.264769500966956,52.264769500966956
4321,c,52.264769500966956,52.264769500966956
4322,c,52.264769500966956,52.264769500966956
4323,c,52.264769500966956,52.264769500966956
4324,c,52.264769500966956,52.264769500966956
4325,c,52.264769500966956,52.264769500966956
4326,c,52.264769500966956,52.264769500966956
4327,c,52.264769500966956,52.264769500966956
4328,t,52.264769500966956,52.264769500966956
4329,c,52.264769500966956,52.264769500966956
4330,c,52.264769500966956,52.264769500966956
4331,c,52.264769500966956,52.264769500966956
4332,c,52.264769500966956,52.264769500966956
4333,c,52.264769500966956,52.264769500966956
4334,t,52.264769500966956,52.264769500966956
4335,c,52.264769500966956,52.264769500966956
4336,c,52.264769500966956,52.264769500966956
4337,t,52.264769500966956,52.264769500966956
4338,c,52.264769500966956,52.264769500966956
4339,c,52.264769500966956,52.264769500966956
4340,c,52.264769500966956,52.264769500966956
4341,c,5.382227704975254,7.2526313796679895
4342,c,52.264769500966956,52.264769500966956
4343,c,52.264769500966956,52.264769500966956
4344,c,52.264769500966956,52.264769500966956
4345,c,52.264769500966956,52.264769500966956
4346,c,52.264769500966956,52.264769500966956
4347,c,52.264769500966956,52.264769500966956
4348,c,52.264769500966956,52.264769500966956
4349,t,52.264769500966956,52.264769500966956
4350,c,52.264769500966956,52.264769500966956
4351,c,52.264769500966956,52.264769500966956
4352,c,52.264769500966956,52.264769500966956
4353,c,52.264769500966956,52.264769500966956
4354,c,52.264769500966956,52.264769500966956
4355,c,52.264769500966956,52.264769500966956
4356,c,52.264769500966956,52.264769500966956
4357,t,52.264769500966956,52.264769500966956
4358,c,52.264769500966956,52.264769500966956
4359,t,52.264769500966956,52.264769500966956
4360,c,52.264769500966956,52.264769500966956
4361,c,52.264769500966956,52.264769500966956
4362,c,52.264769500966956,52.264769500966956
4363,t,52.264769500966956,52.264769500966956
4364,c,52.264769500966956,52.264769500966956
4365,c,52.264769500966956,52.264769500966956
4366,t,52.264769500966956,52.264769500966956
4367,c,52.264769500966956,52.264769500966956
4368,c,52.264769500966956,52.264769500966956
4369,c,52.264769500966956,52.264769500966956
4370,c,52.264769500966956,52.264769500966956
4371,c,52.264769500966956,52.264769500966956
4372,c,52.264769500966956,52.264769500966956
4373,c,52.264769500966956,52.264769500966956
4374,c,52.264769500966956,52.264769500966956
4375,c,52.264769500966956,52.264769500966956
4376,c,52.264769500966956,52.264769500966956
4377,c,52.264769500966956,52.264769500966956
4378,t,52.264769500966956,52.264769500966956
4379,t,52.264769500966956,52.264769500966956
4380,c,52.264769500966956,52.264769500966956
4381,c,52.264769500966956,52.264769500966956
4382,c,52.264769500966956,52.264769500966956
4383,c,52.264769500966956,52.264769500966956
4384,c,52.264769500966956,52.264769500966956
4385,c,6.426412588732242,12.629141528605361
4386,c,52.264769500966956,52.264769500966956
4387,c,52.264769500966956,52.264769500966956
4388,c,52.264769500966956,52.264769500966956
4389,t,52.264769500966956,52.264769500966956
4390,c,52.264769500966956,52.264769500966956
4391,c,52.264769500966956,52.264769500966956
4392,c,52.264769500966956,52.264769500966956
4393,c,52.264769500966956,52.264769500966956
4394,c,52.264769500966956,52.264769500966956
4395,c,52.264769500966956,52.264769500966956
4396,c,52.264769500966956,52.264769500966956
4397,c,52.264769500966956,52.264769500966956
4398,c,52.264769500966956,52.264769500966956
4399,c,52.264769500966956,52.264769500966956
4400,c,52.264769500966956,52.264769500966956
4401,c,52.264769500966956,52.264769500966956
4402,c,52.264769500966956,52.264769500966956
4403,c,52.264769500966956,52.264769500966956
4404,c,52.264769500966956,52.264769500966956
4405,t,52.264769500966956,52.264769500966956
4406,c,52.264769500966956,52.264769500966956
4407,c,52.264769500966956,52.264769500966956
4408,c,52.264769500966956,52.264769500966956
4409,c,52.264769500966956,52.264769500966956
4410,c,52.264769500966956,52.264769500966956
4411,c,52.264769500966956,52.264769500966956
4412,c,52.264769500966956,52.264769500966956
4413,c,52.264769500966956,52.264769500966956
4414,c,52.264769500966956,52.264769500966956
4415,c,52.264769500966956,52.264769500966956
4416,t,52.264769500966956,52.264769500966956
4417,c,52.264769500966956,52.264769500966956
4418,c,52.264769500966956,52.264769500966956
4419,c,52.264769500966956,52.264769500966956
4420,c,52.264769500966956,52.264769500966956
4421,c,52.264769500966956,52.264769500966956
4422,c,52.264769500966956,52.264769500966956
4423,c,52.264769500966956,52.264769500966956
4424,c,52.264769500966956,52.264769500966956
4425,c,52.264769500966956,52.264769500966956
4426,c,52.264769500966956,52.264769500966956
4427,c,52.264769500966956,52.264769500966956
4428,c,52.264769500966956,52.264769500966956
4429,c,52.264769500966956,52.264769500966956
4430,c,52.264769500966956,52.264769500966956
4431,c,52.264769500966956,52.264769500966956
4432,c,52.264769500966956,52.264769500966956
4433,c,52.264769500966956,52.264769500966956
4434,c,52.264769500966956,52.264769500966956
4435,c,52.264769500966956,52.264769500966956
4436,c,52.264769500966956,52.264769500966956
4437,c,52.264769500966956,52.264769500966956
4438,c,52.264769500966956,52.264769500966956
4439,c,52.264769500966956,52.264769500966956
4440,c,52.264769500966956,52.264769500966956
4441,c,52.264769500966956,52.264769500966956
4442,c,52.264769500966956,52.264769500966956
4443,t,52.264769500966956,52.264769500966956
4444,c,52.264769500966956,52.264769500966956
4445,c,52.264769500966956,52.264769500966956
4446,c,52.264769500966956,52.264769500966956
4447,c,52.264769500966956,52.264769500966956
4448,t,52.264769500966956,52.264769500966956
4449,t,52.264769500966956,52.264769500966956
4450,t,52.264769500966956,52.264769500966956
4451,c,52.264769500966956,52.264769500966956
4452,c,52.264769500966956,52.264769500966956
4453,c,52.264769500966956,52.264769500966956
4454,c,17.27632039172153,17.63280005098557
4455,c,52.264769500966956,52.264769500966956
4456,c,52.264769500966956,52.264769500966956
4457,c,52.264769500966956,52.264769500966956
4458,c,52.264769500966956,52.264769500966956
4459,c,52.264769500966956,52.264769500966956
4460,c,52.264769500966956,52.264769500966956
4461,t,52.264769500966956,52.264769500966956
4462,c,52.264769500966956,52.264769500966956
4463,t,52.264769500966956,52.264769500966956
4464,c,52.264769500966956,52.264769500966956
4465,c,52.264769500966956,52.264769500966956
4466,t,52.264769500966956,52.264769500966956
4467,c,52.264769500966956,52.264769500966956
4468,c,52.264769500966956,52.264769500966956
4469,c,52.264769500966956,52.264769500966956
4470,t,52.264769500966956,52.264769500966956
4471,c,52.264769500966956,52.264769500966956
4472,c,52.264769500966956,52.264769500966956
4473,c,52.264769500966956,52.264769500966956
4474,c,52.264769500966956,52.264769500966956
4475,c,52.264769500966956,52.264769500966956
4476,c,52.264769500966956,52.264769500966956
4477,c,52.264769500966956,52.264769500966956
4478,c,52.264769500966956,52.264769500966956
4479,c,52.264769500966956,52.264769500966956
4480,c,52.264769500966956,52.264769500966956
4481,c,52.264769500966956,52.264769500966956
4482,t,52.264769500966956,52.264769500966956
4483,c,1.634935794749905,8.982691983040391
4484,c,52.264769500966956,52.264769500966956
4485,t,52.264769500966956,52.264769500966956
4486,c,52.264769500966956,52.264769500966956
4487,t,52.264769500966956,52.264769500966956
4488,c,52.264769500966956,52.264769500966956
4489,c,52.264769500966956,52.264769500966956
4490,c,52.264769500966956,52.264769500966956
4491,t,52.264769500966956,52.264769500966956
4492,t,52.264769500966956,52.264769500966956
4493,c,52.264769500966956,52.264769500966956
4494,c,6.464584354777687,6.465235380642908
4495,c,52.264769500966956,52.264769500966956
4496,t,52.264769500966956,52.264769500966956
4497,c,52.264769500966956,52.264769500966956
4498,t,52.264769500966956,52.264769500966956
4499,c,52.264769500966956,52.264769500966956
4500,c,52.264769500966956,52.264769500966956
4501,c,52.264769500966956,52.264769500966956
4502,t,52.264769500966956,52.264769500966956
4503,t,52.264769500966956,52.264769500966956
4504,c,10.096138470748217,15.873217315005977
4505,c,52.264769500966956,52.264769500966956
4506,t,52.264769500966956,52.264769500966956
4507,c,52.264769500966956,52.264769500966956
4508,c,52.264769500966956,52.264769500966956
4509,c,52.264769500966956,52.264769500966956
4510,c,52.264769500966956,52.264769500966956
4511,t,52.264769500966956,52.264769500966956
4512,t,52.264769500966956,52.264769500966956
4513,c,52.264769500966956,52.264769500966956
4514,c,52.264769500966956,52.264769500966956
4515,c,52.264769500966956,52.264769500966956
4516,t,52.264769500966956,52.264769500966956
4517,c,52.264769500966956,52.264769500966956
4518,t,52.264769500966956,52.264769500966956
4519,c,52.264769500966956,52.264769500966956
4520,c,52.264769500966956,52.264769500966956
4521,c,52.264769500966956,52.264769500966956
4522,t,52.264769500966956,52.264769500966956
4523,t,52.264769500966956,52.264769500966956
4524,c,52.264769500966956,52.264769500966956
4525,t,52.264769500966956,52.264769500966956
4526,c,52.264769500966956,52.264769500966956
4527,c,52.264769500966956,52.264769500966956
4528,t,52.264769500966956,52.264769500966956
4529,c,52.264769500966956,52.264769500966956
4530,c,52.264769500966956,52.264769500966956
4531,t,52.264769500966956,52.264769500966956
4532,c,52.264769500966956,52.264769500966956
4533,c,52.264769500966956,52.264769500966956
4534,t,52.264769500966956,52.264769500966956
4535,c,52.264769500966956,52.264769500966956
4536,c,52.264769500966956,52.264769500966956
4537,c,52.264769500966956,52.264769500966956
4538,c,52.264769500966956,52.264769500966956
4539,c,52.264769500966956,52.264769500966956
4540,c,52.264769500966956,52.264769500966956
4541,c,52.264769500966956,52.264769500966956
4542,c,52.264769500966956,52.264769500966956
4543,t,52.264769500966956,52.264769500966956
4544,t,52.264769500966956,52.264769500966956
4545,c,52.264769500966956,52.264769500966956
4546,c,52.264769500966956,52.264769500966956
4547,c,52.264769500966956,52.264769500966956
4548,c,52.264769500966956,52.264769500966956
4549,c,6.641024905890751,8.953083708077905
4550,c,52.264769500966956,52.264769500966956
4551,t,52.264769500966956,52.264769500966956
4552,c,52.264769500966956,52.264769500966956
4553,na,1.8212661186215422,12.125888754168422
4554,c,52.264769500966956,52.264769500966956
4555,c,52.264769500966956,52.264769500966956
4556,c,52.264769500966956,52.264769500966956
4557,c,52.264769500966956,52.264769500966956
4558,c,52.264769500966956,52.264769500966956
4559,c,52.264769500966956,52.264769500966956
4560,c,52.264769500966956,52.264769500966956
4561,c,52.264769500966956,52.264769500966956
4562,c,52.264769500966956,52.264769500966956
4563,c,52.264769500966956,52.264769500966956
4564,c,52.264769500966956,52.264769500966956
4565,c,52.264769500966956,52.264769500966956
4566,c,52.264769500966956,52.264769500966956
4567,t,52.264769500966956,52.264769500966956
4568,c,52.264769500966956,52.264769500966956
4569,c,52.264769500966956,52.264769500966956
4570,c,52.264769500966956,52.264769500966956
4571,c,52.264769500966956,52.264769500966956
4572,c,52.264769500966956,52.264769500966956
4573,c,52.264769500966956,52.264769500966956
4574,c,52.264769500966956,52.264769500966956
4575,c,52.264769500966956,52.264769500966956
4576,c,52.264769500966956,52.264769500966956
4577,c,52.264769500966956,52.264769500966956
4578,c,52.264769500966956,52.264769500966956
4579,c,52.264769500966956,52.264769500966956
4580,c,52.264769500966956,52.264769500966956
4581,c,52.264769500966956,52.264769500966956
4582,t,52.264769500966956,52.264769500966956
4583,t,52.264769500966956,52.264769500966956
4584,c,52.264769500966956,52.264769500966956
4585,c,52.264769500966956,52.264769500966956
4586,t,52.264769500966956,52.264769500966956
4587,c,52.264769500966956,52.264769500966956
4588,c,52.264769500966956,52.264769500966956
4589,c,52.264769500966956,52.264769500966956
4590,c,52.264769500966956,52.264769500966956
4591,c,52.264769500966956,52.264769500966956
4592,t,52.264769500966956,52.264769500966956
4593,c,52.264769500966956,52.264769500966956
4594,c,52.264769500966956,52.264769500966956
4595,c,52.264769500966956,52.264769500966956
4596,t,52.264769500966956,52.264769500966956
4597,c,52.264769500966956,52.264769500966956
4598,t,52.264769500966956,52.264769500966956
4599,t,52.264769500966956,52.264769500966956
4600,c,52.264769500966956,52.264769500966956
4601,c,52.264769500966956,52.264769500966956
4602,t,52.264769500966956,52.264769500966956
4603,c,52.264769500966956,52.264769500966956
4604,c,52.264769500966956,52.264769500966956
4605,c,52.264769500966956,52.264769500966956
4606,c,52.264769500966956,52.264769500966956
4607,c,52.264769500966956,52.264769500966956
4608,c,52.264769500966956,52.264769500966956
4609,c,52.264769500966956,52.264769500966956
4610,c,52.264769500966956,52.264769500966956
4611,c,52.264769500966956,52.264769500966956
4612,c,52.264769500966956,52.264769500966956
4613,c,52.264769500966956,52.264769500966956
4614,c,52.264769500966956,52.264769500966956
4615,c,52.264769500966956,52.264769500966956
4616,t,52.264769500966956,52.264769500966956
4617,c,12.639204247732168,13.53455210978602
4618,t,52.264769500966956,52.264769500966956
4619,c,52.264769500966956,52.264769500966956
4620,c,52.264769500966956,52.264769500966956
4621,t,52.264769500966956,52.264769500966956
4622,c,52.264769500966956,52.264769500966956
4623,t,52.264769500966956,52.264769500966956
4624,c,52.264769500966956,52.264769500966956
4625,t,52.264769500966956,52.264769500966956
4626,t,52.264769500966956,52.264769500966956
4627,c,52.264769500966956,52.264769500966956
4628,t,52.264769500966956,52.264769500966956
4629,c,52.264769500966956,52.264769500966956
4630,c,52.264769500966956,52.264769500966956
4631,t,52.264769500966956,52.264769500966956
4632,c,52.264769500966956,52.264769500966956
4633,t,52.264769500966956,52.264769500966956
4634,c,52.264769500966956,52.264769500966956
4635,c,52.264769500966956,52.264769500966956
4636,t,52.264769500966956,52.264769500966956
4637,c,52.264769500966956,52.264769500966956
4638,c,52.264769500966956,52.264769500966956
4639,t,52.264769500966956,52.264769500966956
4640,t,52.264769500966956,52.264769500966956
4641,c,52.264769500966956,52.264769500966956
4642,c,52.264769500966956,52.264769500966956
4643,t,52.264769500966956,52.264769500966956
4644,c,52.264769500966956,52.264769500966956
4645,t,52.264769500966956,52.264769500966956
4646,c,52.264769500966956,52.264769500966956
4647,c,52.264769500966956,52.264769500966956
4648,c,52.264769500966956,52.264769500966956
4649,c,52.264769500966956,52.264769500966956
4650,c,52.264769500966956,52.264769500966956
4651,c,52.264769500966956,52.264769500966956
4652,t,52.264769500966956,52.264769500966956
4653,c,52.264769500966956,52.264769500966956
4654,c,52.264769500966956,52.264769500966956
4655,c,52.264769500966956,52.264769500966956
4656,c,52.264769500966956,52.264769500966956
4657,c,52.264769500966956,52.264769500966956
4658,c,52.264769500966956,52.264769500966956
4659,c,52.264769500966956,52.264769500966956
4660,t,52.264769500966956,52.264769500966956
4661,t,52.264769500966956,52.264769500966956
4662,c,52.264769500966956,52.264769500966956
4663,c,21.723998495749015,24.368479734104056
4664,c,52.264769500966956,52.264769500966956
4665,c,52.264769500966956,52.264769500966956
4666,t,52.264769500966956,52.264769500966956
4667,c,52.264769500966956,52.264769500966956
4668,c,52.264769500966956,52.264769500966956
4669,c,52.264769500966956,52.264769500966956
4670,c,52.264769500966956,52.264769500966956
4671,t,52.264769500966956,52.264769500966956
4672,c,52.264769500966956,52.264769500966956
4673,c,52.264769500966956,52.264769500966956
4674,c,6.61975077591169,26.635767346397216
4675,c,52.264769500966956,52.264769500966956
4676,c,52.264769500966956,52.264769500966956
4677,c,52.264769500966956,52.264769500966956
4678,t,52.264769500966956,52.264769500966956
4679,t,52.264769500966956,52.264769500966956
4680,c,52.264769500966956,52.264769500966956
4681,c,2.4750904780807734,4.926434520572836
4682,c,52.264769500966956,52.264769500966956
4683,c,52.264769500966956,52.264769500966956
4684,t,52.264769500966956,52.264769500966956
4685,c,52.264769500966956,52.264769500966956
4686,c,52.264769500966956,52.264769500966956
4687,t,52.264769500966956,52.264769500966956
4688,t,52.264769500966956,52.264769500966956
4689,c,52.264769500966956,52.264769500966956
4690,c,52.264769500966956,52.264769500966956
4691,c,15.324748956991657,16.280956412613072
4692,c,52.264769500966956,52.264769500966956
4693,c,52.264769500966956,52.264769500966956
4694,c,52.264769500966956,52.264769500966956
4695,c,52.264769500966956,52.264769500966956
4696,t,52.264769500966956,52.264769500966956
4697,c,52.264769500966956,52.264769500966956
4698,c,52.264769500966956,52.264769500966956
4699,c,52.264769500966956,52.264769500966956
4700,t,52.264769500966956,52.264769500966956
4701,c,52.264769500966956,52.264769500966956
4702,t,52.264769500966956,52.264769500966956
4703,c,52.264769500966956,52.264769500966956
4704,c,9.318870058645864,10.856979305609228
4705,c,52.264769500966956,52.264769500966956
4706,c,52.264769500966956,52.264769500966956
4707,c,52.264769500966956,52.264769500966956
4708,c,52.264769500966956,52.264769500966956
4709,c,52.264769500966956,52.264769500966956
4710,c,52.264769500966956,52.264769500966956
4711,c,52.264769500966956,52.264769500966956
4712,c,52.264769500966956,52.264769500966956
4713,c,52.264769500966956,52.264769500966956
4714,t,52.264769500966956,52.264769500966956
4715,c,52.264769500966956,52.264769500966956
4716,c,52.264769500966956,52.264769500966956
4717,c,52.264769500966956,52.264769500966956
4718,c,52.264769500966956,52.264769500966956
4719,c,52.264769500966956,52.264769500966956
4720,t,52.264769500966956,52.264769500966956
4721,c,52.264769500966956,52.264769500966956
4722,c,52.264769500966956,52.264769500966956
4723,c,52.264769500966956,52.264769500966956
4724,c,52.264769500966956,52.264769500966956
4725,t,52.264769500966956,52.264769500966956
4726,c,52.264769500966956,52.264769500966956
4727,c,52.264769500966956,52.264769500966956
4728,c,5.926333647604739,8.961050553997758
4729,t,52.264769500966956,52.264769500966956
4730,c,52.264769500966956,52.264769500966956
4731,c,52.264769500966956,52.264769500966956
4732,c,52.264769500966956,52.264769500966956
4733,c,52.264769500966956,52.264769500966956
4734,c,52.264769500966956,52.264769500966956
4735,c,52.264769500966956,52.264769500966956
4736,c,52.264769500966956,52.264769500966956
4737,c,52.264769500966956,52.264769500966956
4738,t,52.264769500966956,52.264769500966956
4739,c,52.264769500966956,52.264769500966956
4740,c,52.264769500966956,52.264769500966956
4741,t,52.264769500966956,52.264769500966956
4742,c,52.264769500966956,52.264769500966956
4743,t,52.264769500966956,52.264769500966956
4744,c,52.264769500966956,52.264769500966956
4745,c,52.264769500966956,52.264769500966956
4746,c,52.264769500966956,52.264769500966956
4747,c,52.264769500966956,52.264769500966956
4748,c,52.264769500966956,52.264769500966956
4749,c,52.264769500966956,52.264769500966956
4750,c,52.264769500966956,52.264769500966956
4751,t,52.264769500966956,52.264769500966956
4752,t,52.264769500966956,52.264769500966956
4753,c,52.264769500966956,52.264769500966956
4754,c,52.264769500966956,52.264769500966956
4755,c,52.264769500966956,52.264769500966956
4756,t,52.264769500966956,52.264769500966956
4757,c,52.264769500966956,52.264769500966956
4758,c,52.264769500966956,52.264769500966956
4759,c,52.264769500966956,52.264769500966956
4760,c,52.264769500966956,52.264769500966956
4761,c,52.264769500966956,52.264769500966956
4762,c,52.264769500966956,52.264769500966956
4763,c,52.264769500966956,52.264769500966956
4764,c,52.264769500966956,52.264769500966956
4765,c,52.264769500966956,52.264769500966956
4766,c,52.264769500966956,52.264769500966956
4767,c,52.264769500966956,52.264769500966956
4768,c,52.264769500966956,52.264769500966956
4769,c,52.264769500966956,52.264769500966956
4770,t,52.264769500966956,52.264769500966956
4771,c,52.264769500966956,52.264769500966956
4772,c,52.264769500966956,52.264769500966956
4773,c,52.264769500966956,52.264769500966956
4774,c,52.264769500966956,52.264769500966956
4775,c,52.264769500966956,52.264769500966956
4776,c,52.264769500966956,52.264769500966956
4777,t,52.264769500966956,52.264769500966956
4778,c,52.264769500966956,52.264769500966956
4779,c,52.264769500966956,52.264769500966956
4780,c,52.264769500966956,52.264769500966956
4781,c,52.264769500966956,52.264769500966956
4782,na,-1,0
4783,c,52.264769500966956,52.264769500966956
4784,t,52.264769500966956,52.264769500966956
4785,c,52.264769500966956,52.264769500966956
4786,c,52.264769500966956,52.264769500966956
4787,c,52.264769500966956,52.264769500966956
4788,c,52.264769500966956,52.264769500966956
4789,c,52.264769500966956,52.264769500966956
4790,t,52.264769500966956,52.264769500966956
4791,c,52.264769500966956,52.264769500966956
4792,c,52.264769500966956,52.264769500966956
4793,c,52.264769500966956,52.264769500966956
4794,c,52.264769500966956,52.264769500966956
4795,t,52.264769500966956,52.264769500966956
4796,c,52.264769500966956,52.264769500966956
4797,t,52.264769500966956,52.264769500966956
4798,c,52.264769500966956,52.264769500966956
4799,t,52.264769500966956,52.264769500966956
4800,c,52.264769500966956,52.264769500966956
4801,c,52.264769500966956,52.264769500966956
4802,c,52.264769500966956,52.264769500966956
4803,c,52.264769500966956,52.264769500966956
4804,c,52.264769500966956,52.264769500966956
4805,c,52.264769500966956,52.264769500966956
4806,c,52.264769500966956,52.264769500966956
4807,c,52.264769500966956,52.264769500966956
4808,t,52.264769500966956,52.264769500966956
4809,c,52.264769500966956,52.264769500966956
4810,t,52.264769500966956,52.264769500966956
4811,na,1.1099050270554711,4.176355025815972
4812,t,52.264769500966956,52.264769500966956
4813,c,52.264769500966956,52.264769500966956
4814,c,52.264769500966956,52.264769500966956
4815,t,52.264769500966956,52.264769500966956
4816,c,52.264769500966956,52.264769500966956
4817,t,52.264769500966956,52.264769500966956
4818,c,52.264769500966956,52.264769500966956
4819,c,52.264769500966956,52.264769500966956
4820,c,12.473985029712718,22.271579772485378
4821,c,52.264769500966956,52.264769500966956
4822,c,52.264769500966956,52.264769500966956
4823,c,52.264769500966956,52.264769500966956
4824,t,52.264769500966956,52.264769500966956
4825,c,52.264769500966956,52.264769500966956
4826,c,52.264769500966956,52.264769500966956
4827,c,52.264769500966956,52.264769500966956
4828,c,52.264769500966956,52.264769500966956
4829,c,19.27873957466636,20.144886862765595
4830,t,52.264769500966956,52.264769500966956
4831,t,52.264769500966956,52.264769500966956
4832,c,52.264769500966956,52.264769500966956
4833,t,52.264769500966956,52.264769500966956
4834,c,52.264769500966956,52.264769500966956
4835,c,52.264769500966956,52.264769500966956
4836,c,52.264769500966956,52.264769500966956
4837,c,52.264769500966956,52.264769500966956
4838,t,52.264769500966956,52.264769500966956
4839,c,52.264769500966956,52.264769500966956
4840,c,52.264769500966956,52.264769500966956
4841,t,52.264769500966956,52.264769500966956
4842,c,52.264769500966956,52.264769500966956
4843,c,5.167641921670335,15.451885099459131
4844,c,52.264769500966956,52.264769500966956
4845,t,52.264769500966956,52.264769500966956
4846,c,52.264769500966956,52.264769500966956
4847,c,52.264769500966956,52.264769500966956
4848,c,52.264769500966956,52.264769500966956
4849,c,52.264769500966956,52.264769500966956
4850,c,52.264769500966956,52.264769500966956
4851,c,52.264769500966956,52.264769500966956
4852,t,52.264769500966956,52.264769500966956
4853,t,52.264769500966956,52.264769500966956
4854,c,52.264769500966956,52.264769500966956
4855,t,52.264769500966956,52.264769500966956
4856,c,52.264769500966956,52.264769500966956
4857,t,52.264769500966956,52.264769500966956
4858,c,52.264769500966956,52.264769500966956
4859,c,13.834160727122786,15.977146782080665
4860,c,52.264769500966956,52.264769500966956
4861,t,52.264769500966956,52.264769500966956
4862,c,52.264769500966956,52.264769500966956
4863,c,52.264769500966956,52.264769500966956
4864,t,52.264769500966956,52.264769500966956
4865,c,52.264769500966956,52.264769500966956
4866,c,52.264769500966956,52.264769500966956
4867,c,52.264769500966956,52.264769500966956
4868,c,52.264769500966956,52.264769500966956
4869,c,52.264769500966956,52.264769500966956
4870,c,52.264769500966956,52.264769500966956
4871,c,52.264769500966956,52.264769500966956
4872,c,52.264769500966956,52.264769500966956
4873,t,52.264769500966956,52.264769500966956
4874,c,52.264769500966956,52.264769500966956
4875,c,52.264769500966956,52.264769500966956
4876,c,11.093547481574044,15.912845482777065
4877,c,52.264769500966956,52.264769500966956
4878,c,52.264769500966956,52.264769500966956
4879,c,52.264769500966956,52.264769500966956
4880,c,52.264769500966956,52.264769500966956
4881,c,52.264769500966956,52.264769500966956
4882,t,52.264769500966956,52.264769500966956
4883,c,52.264769500966956,52.264769500966956
4884,c,52.264769500966956,52.264769500966956
4885,c,52.264769500966956,52.264769500966956
4886,c,52.264769500966956,52.264769500966956
4887,c,52.264769500966956,52.264769500966956
4888,c,2.893219032775937,4.168282663616503
4889,c,52.264769500966956,52.264769500966956
4890,t,52.264769500966956,52.264769500966956
4891,t,52.264769500966956,52.264769500966956
4892,t,52.264769500966956,52.264769500966956
4893,c,52.264769500966956,52.264769500966956
4894,t,52.264769500966956,52.264769500966956
4895,c,52.264769500966956,52.264769500966956
4896,c,52.264769500966956,52.264769500966956
4897,c,4.727787379740221,15.991902385374887
4898,c,52.264769500966956,52.264769500966956
4899,c,52.264769500966956,52.264769500966956
4900,c,52.264769500966956,52.264769500966956
4901,c,52.264769500966956,52.264769500966956
4902,c,14.712520472864476,16.141413062932127
4903,c,52.264769500966956,52.264769500966956
4904,c,52.264769500966956,52.264769500966956
4905,c,52.264769500966956,52.264769500966956
4906,c,52.264769500966956,52.264769500966956
4907,c,52.264769500966956,52.264769500966956
4908,c,52.264769500966956,52.264769500966956
4909,c,52.264769500966956,52.264769500966956
4910,t,52.264769500966956,52.264769500966956
4911,c,52.264769500966956,52.264769500966956
4912,t,52.264769500966956,52.264769500966956
4913,c,52.264769500966956,52.264769500966956
4914,c,52.264769500966956,52.264769500966956
4915,c,52.264769500966956,52.264769500966956
4916,c,52.264769500966956,52.264769500966956
4917,c,52.264769500966956,52.264769500966956
4918,c,52.264769500966956,52.264769500966956
4919,na,52.264769500966956,52.264769500966956
4920,t,52.264769500966956,52.264769500966956
4921,t,52.264769500966956,52.264769500966956
4922,c,52.264769500966956,52.264769500966956
4923,c,52.264769500966956,52.264769500966956
4924,c,52.264769500966956,52.264769500966956
4925,c,52.264769500966956,52.264769500966956
4926,c,52.264769500966956,52.264769500966956
4927,t,52.264769500966956,52.264769500966956
4928,c,52.264769500966956,52.264769500966956
4929,c,52.264769500966956,52.264769500966956
4930,c,52.264769500966956,52.264769500966956
4931,c,52.264769500966956,52.264769500966956
4932,c,52.264769500966956,52.264769500966956
4933,t,52.264769500966956,52.264769500966956
4934,c,52.264769500966956,52.264769500966956
4935,c,52.264769500966956,52.264769500966956
4936,c,52.264769500966956,52.264769500966956
4937,t,52.264769500966956,52.264769500966956
4938,c,52.264769500966956,52.264769500966956
4939,c,52.264769500966956,52.264769500966956
4940,c,52.264769500966956,52.264769500966956
4941,c,52.264769500966956,52.264769500966956
4942,c,52.264769500966956,52.264769500966956
4943,c,52.264769500966956,52.264769500966956
4944,c,52.264769500966956,52.264769500966956
4945,c,52.264769500966956,52.264769500966956
4946,c,52.264769500966956,52.264769500966956
4947,na,2.7737009387849856,6.858162991526339
4948,c,52.264769500966956,52.264769500966956
4949,t,52.264769500966956,52.264769500966956
4950,c,52.264769500966956,52.264769500966956
4951,t,52.264769500966956,52.264769500966956
4952,t,52.264769500966956,52.264769500966956
4953,c,32.52652737610811,33.17258562188567
4954,c,52.264769500966956,52.264769500966956
4955,c,5.255130354668038,6.826608507552752
4956,c,52.264769500966956,52.264769500966956
4957,c,52.264769500966956,52.264769500966956
4958,c,52.264769500966956,52.264769500966956
4959,c,52.264769500966956,52.264769500966956
4960,c,52.264769500966956,52.264769500966956
4961,c,52.264769500966956,52.264769500966956
4962,t,52.264769500966956,52.264769500966956
4963,t,52.264769500966956,52.264769500966956
4964,c,52.264769500966956,52.264769500966956
4965,c,52.264769500966956,52.264769500966956
4966,c,52.264769500966956,52.264769500966956
4967,c,52.264769500966956,52.264769500966956
4968,c,52.264769500966956,52.264769500966956
4969,c,52.264769500966956,52.264769500966956
4970,c,52.264769500966956,52.264769500966956
4971,c,52.264769500966956,52.264769500966956
4972,c,52.264769500966956,52.264769500966956
4973,c,52.264769500966956,52.264769500966956
4974,c,52.264769500966956,52.264769500966956
4975,c,52.264769500966956,52.264769500966956
4976,c,52.264769500966956,52.264769500966956
4977,c,52.264769500966956,52.264769500966956
4978,c,52.264769500966956,52.264769500966956
4979,c,52.264769500966956,52.264769500966956
4980,c,52.264769500966956,52.264769500966956
4981,t,52.264769500966956,52.264769500966956
4982,c,52.264769500966956,52.264769500966956
4983,c,52.264769500966956,52.264769500966956
4984,c,52.264769500966956,52.264769500966956
4985,t,52.264769500966956,52.264769500966956
4986,c,52.264769500966956,52.264769500966956
4987,t,52.264769500966956,52.264769500966956
4988,c,52.264769500966956,52.264769500966956
4989,c,52.264769500966956,52.264769500966956
4990,t,52.264769500966956,52.264769500966956
4991,c,52.264769500966956,52.264769500966956
4992,c,52.264769500966956,52.264769500966956
4993,c,22.773555711346603,29.365460165352264
4994,c,52.264769500966956,52.264769500966956
4995,c,52.264769500966956,52.264769500966956
4996,c,52.264769500966956,52.264769500966956
4997,c,52.264769500966956,52.264769500966956
4998,c,52.264769500966956,52.264769500966956
4999,c,52.264769500966956,52.264769500966956
5000,c,3.2905263910519937,3.5645935472991983
5001,t,52.264769500966956,52.264769500966956
5002,c,52.264769500966956,52.264769500966956
5003,t,52.264769500966956,52.264769500966956
5004,c,52.264769500966956,52.264769500966956
5005,c,52.264769500966956,52.264769500966956
5006,c,52.264769500966956,52.264769500966956
5007,c,52.264769500966956,52.264769500966956
5008,c,52.264769500966956,52.264769500966956
5009,c,52.264769500966956,52.264769500966956
5010,c,52.264769500966956,52.264769500966956
5011,c,52.264769500966956,52.264769500966956
5012,t,52.264769500966956,52.264769500966956
5013,t,52.264769500966956,52.264769500966956
5014,t,52.264769500966956,52.264769500966956
5015,c,52.264769500966956,52.264769500966956
5016,c,52.264769500966956,52.264769500966956
5017,c,52.264769500966956,52.264769500966956
5018,c,52.264769500966956,52.264769500966956
5019,c,52.264769500966956,52.264769500966956
5020,t,52.264769500966956,52.264769500966956
5021,c,52.264769500966956,52.264769500966956
5022,c,52.264769500966956,52.264769500966956
5023,c,52.264769500966956,52.264769500966956
5024,c,52.264769500966956,52.264769500966956
5025,c,52.264769500966956,52.264769500966956
5026,c,52.264769500966956,52.264769500966956
5027,c,52.264769500966956,52.264769500966956
5028,c,52.264769500966956,52.264769500966956
5029,c,52.264769500966956,52.264769500966956
5030,t,52.264769500966956,52.264769500966956
5031,c,52.264769500966956,52.264769500966956
5032,c,52.264769500966956,52.264769500966956
5033,c,52.264769500966956,52.264769500966956
5034,c,52.264769500966956,52.264769500966956
5035,c,52.264769500966956,52.264769500966956
5036,t,52.264769500966956,52.264769500966956
5037,c,52.264769500966956,52.264769500966956
5038,c,52.264769500966956,52.264769500966956
5039,c,52.264769500966956,52.264769500966956
5040,c,52.264769500966956,52.264769500966956
5041,c,52.264769500966956,52.264769500966956
5042,c,52.264769500966956,52.264769500966956
5043,na,0.5269684746913454,7.622306574999452
5044,c,52.264769500966956,52.264769500966956
5045,c,52.264769500966956,52.264769500966956
5046,c,52.264769500966956,52.264769500966956
5047,c,52.264769500966956,52.264769500966956
5048,c,52.264769500966956,52.264769500966956
5049,c,52.264769500966956,52.264769500966956
5050,na,-1,0
5051,c,52.264769500966956,52.264769500966956
5052,c,52.264769500966956,52.264769500966956
5053,c,52.264769500966956,52.264769500966956
5054,c,52.264769500966956,52.264769500966956
5055,c,52.264769500966956,52.264769500966956
5056,c,52.264769500966956,52.264769500966956
5057,c,52.264769500966956,52.264769500966956
5058,c,52.264769500966956,52.264769500966956
5059,c,52.264769500966956,52.264769500966956
5060,c,52.264769500966956,52.264769500966956
5061,c,52.264769500966956,52.264769500966956
5062,c,52.264769500966956,52.264769500966956
5063,c,52.264769500966956,52.264769500966956
5064,c,52.264769500966956,52.264769500966956
5065,t,52.264769500966956,52.264769500966956
5066,c,52.264769500966956,52.264769500966956
5067,c,52.264769500966956,52.264769500966956
5068,c,52.264769500966956,52.264769500966956
5069,c,52.264769500966956,52.264769500966956
5070,c,52.264769500966956,52.264769500966956
5071,c,52.264769500966956,52.264769500966956
5072,c,52.264769500966956,52.264769500966956
5073,c,52.264769500966956,52.264769500966956
5074,c,52.264769500966956,52.264769500966956
5075,c,52.264769500966956,52.264769500966956
5076,c,52.264769500966956,52.264769500966956
5077,c,52.264769500966956,52.264769500966956
5078,c,52.264769500966956,52.264769500966956
5079,c,52.264769500966956,52.264769500966956
5080,c,52.264769500966956,52.264769500966956
5081,t,52.264769500966956,52.264769500966956
5082,c,52.264769500966956,52.264769500966956
5083,c,52.264769500966956,52.264769500966956
5084,c,52.264769500966956,52.264769500966956
5085,c,52.264769500966956,52.264769500966956
5086,c,52.264769500966956,52.264769500966956
5087,c,52.264769500966956,52.264769500966956
5088,c,52.264769500966956,52.264769500966956
5089,c,52.264769500966956,52.264769500966956
5090,c,52.264769500966956,52.264769500966956
5091,c,52.264769500966956,52.264769500966956
5092,c,52.264769500966956,52.264769500966956
5093,c,52.264769500966956,52.264769500966956
5094,c,52.264769500966956,52.264769500966956
5095,c,52.264769500966956,52.264769500966956
5096,c,52.264769500966956,52.264769500966956
5097,c,52.264769500966956,52.264769500966956
5098,c,52.264769500966956,52.264769500966956
5099,c,52.264769500966956,52.264769500966956
5100,c,52.264769500966956,52.264769500966956
5101,t,52.264769500966956,52.264769500966956
5102,t,52.264769500966956,52.264769500966956
5103,c,52.264769500966956,52.264769500966956
5104,c,52.264769500966956,52.264769500966956
5105,c,52.264769500966956,52.264769500966956
5106,t,52.264769500966956,52.264769500966956
5107,c,52.264769500966956,52.264769500966956
5108,c,52.264769500966956,52.264769500966956
5109,c,52.264769500966956,52.264769500966956
5110,c,52.264769500966956,52.264769500966956
5111,c,52.264769500966956,52.264769500966956
5112,c,52.264769500966956,52.264769500966956
5113,c,52.264769500966956,52.264769500966956
5114,c,52.264769500966956,52.264769500966956
5115,c,52.264769500966956,52.264769500966956
5116,t,52.264769500966956,52.264769500966956
5117,t,52.264769500966956,52.264769500966956
5118,c,52.264769500966956,52.264769500966956
5119,c,52.264769500966956,52.264769500966956
5120,c,52.264769500966956,52.264769500966956
5121,c,52.264769500966956,52.264769500966956
5122,t,52.264769500966956,52.264769500966956
5123,c,52.264769500966956,52.264769500966956
5124,c,52.264769500966956,52.264769500966956
5125,t,52.264769500966956,52.264769500966956
5126,c,52.264769500966956,52.264769500966956
5127,c,52.264769500966956,52.264769500966956
5128,c,52.264769500966956,52.264769500966956
5129,c,52.264769500966956,52.264769500966956
5130,c,52.264769500966956,52.264769500966956
5131,c,52.264769500966956,52.264769500966956
5132,c,52.264769500966956,52.264769500966956
5133,c,52.264769500966956,52.264769500966956
5134,c,52.264769500966956,52.264769500966956
5135,t,52.264769500966956,52.264769500966956
5136,c,52.264769500966956,52.264769500966956
5137,t,52.264769500966956,52.264769500966956
5138,c,52.264769500966956,52.264769500966956
5139,c,52.264769500966956,52.264769500966956
5140,t,52.264769500966956,52.264769500966956
5141,t,52.264769500966956,52.264769500966956
5142,c,52.264769500966956,52.264769500966956
5143,c,52.264769500966956,52.264769500966956
5144,c,52.264769500966956,52.264769500966956
5145,t,52.264769500966956,52.264769500966956
5146,c,4.929559134936387,5.138493976454336
5147,c,52.264769500966956,52.264769500966956
5148,c,52.264769500966956,52.264769500966956
5149,c,52.264769500966956,52.264769500966956
5150,t,52.264769500966956,52.264769500966956
5151,t,52.264769500966956,52.264769500966956
5152,t,52.264769500966956,52.264769500966956
5153,c,52.264769500966956,52.264769500966956
5154,c,52.264769500966956,52.264769500966956
5155,c,52.264769500966956,52.264769500966956
5156,c,52.264769500966956,52.264769500966956
5157,c,52.264769500966956,52.264769500966956
5158,c,52.264769500966956,52.264769500966956
5159,c,52.264769500966956,52.264769500966956
5160,c,52.264769500966956,52.264769500966956
5161,c,52.264769500966956,52.264769500966956
5162,c,52.264769500966956,52.264769500966956
5163,c,52.264769500966956,52.264769500966956
5164,c,52.264769500966956,52.264769500966956
5165,c,52.264769500966956,52.264769500966956
5166,c,52.264769500966956,52.264769500966956
5167,c,52.264769500966956,52.264769500966956
5168,c,52.264769500966956,52.264769500966956
5169,c,52.264769500966956,52.264769500966956
5170,c,52.264769500966956,52.264769500966956
5171,t,52.264769500966956,52.264769500966956
5172,c,52.264769500966956,52.264769500966956
5173,c,52.264769500966956,52.264769500966956
5174,t,52.264769500966956,52.264769500966956
5175,c,52.264769500966956,52.264769500966956
5176,c,52.264769500966956,52.264769500966956
5177,c,52.264769500966956,52.264769500966956
5178,c,52.264769500966956,52.264769500966956
5179,c,52.264769500966956,52.264769500966956
5180,c,52.264769500966956,52.264769500966956
5181,c,52.264769500966956,52.264769500966956
5182,c,52.264769500966956,52.264769500966956
5183,c,52.264769500966956,52.264769500966956
5184,c,52.264769500966956,52.264769500966956
5185,c,52.264769500966956,52.264769500966956
5186,c,52.264769500966956,52.264769500966956
5187,c,52.264769500966956,52.264769500966956
5188,c,52.264769500966956,52.264769500966956
5189,c,52.264769500966956,52.264769500966956
5190,na,5.9134277126481205,6.2665160423642625
5191,na,0,1.86395608069995
5192,t,52.264769500966956,52.264769500966956
5193,c,52.264769500966956,52.264769500966956
5194,c,5.11247328435735,7.828743004655158
5195,c,52.264769500966956,52.264769500966956
5196,t,52.264769500966956,52.264769500966956
5197,c,52.264769500966956,52.264769500966956
5198,c,52.264769500966956,52.264769500966956
5199,t,52.264769500966956,52.264769500966956
5200,c,52.264769500966956,52.264769500966956
5201,c,52.264769500966956,52.264769500966956
5202,c,52.264769500966956,52.264769500966956
5203,c,52.264769500966956,52.264769500966956
5204,c,52.264769500966956,52.264769500966956
5205,c,52.264769500966956,52.264769500966956
5206,c,52.264769500966956,52.264769500966956
5207,c,52.264769500966956,52.264769500966956
5208,c,52.264769500966956,52.264769500966956
5209,c,52.264769500966956,52.264769500966956
5210,c,52.264769500966956,52.264769500966956
5211,c,52.264769500966956,52.264769500966956
5212,t,52.264769500966956,52.264769500966956
5213,na,5.700690770902128,6.9231028532446794
5214,c,52.264769500966956,52.264769500966956
5215,c,27.82504607318628,34.92341914209524
5216,c,52.264769500966956,52.264769500966956
5217,c,52.264769500966956,52.264769500966956
5218,t,52.264769500966956,52.264769500966956
5219,t,52.264769500966956,52.264769500966956
5220,t,52.264769500966956,52.264769500966956
5221,c,52.264769500966956,52.264769500966956
5222,c,52.264769500966956,52.264769500966956
5223,t,52.264769500966956,52.264769500966956
5224,t,52.264769500966956,52.264769500966956
5225,c,52.264769500966956,52.264769500966956
5226,c,52.264769500966956,52.264769500966956
5227,c,52.264769500966956,52.264769500966956
5228,c,52.264769500966956,52.264769500966956
5229,t,52.264769500966956,52.264769500966956
5230,c,52.264769500966956,52.264769500966956
5231,c,52.264769500966956,52.264769500966956
5232,c,52.264769500966956,52.264769500966956
5233,c,52.264769500966956,52.264769500966956
5234,c,52.264769500966956,52.264769500966956
5235,c,52.264769500966956,52.264769500966956
5236,t,52.264769500966956,52.264769500966956
5237,t,52.264769500966956,52.264769500966956
5238,c,52.264769500966956,52.264769500966956
5239,t,52.264769500966956,52.264769500966956
5240,c,52.264769500966956,52.264769500966956
5241,c,52.264769500966956,52.264769500966956
5242,c,52.264769500966956,52.264769500966956
5243,c,52.264769500966956,52.264769500966956
5244,c,52.264769500966956,52.264769500966956
5245,c,52.264769500966956,52.264769500966956
5246,c,52.264769500966956,52.264769500966956
5247,c,52.264769500966956,52.264769500966956
5248,c,52.264769500966956,52.264769500966956
5249,c,52.264769500966956,52.264769500966956
5250,c,52.264769500966956,52.264769500966956
5251,c,52.264769500966956,52.264769500966956
5252,c,52.264769500966956,52.264769500966956
5253,c,52.264769500966956,52.264769500966956
5254,c,52.264769500966956,52.264769500966956
5255,c,52.264769500966956,52.264769500966956
5256,c,52.264769500966956,52.264769500966956
5257,c,52.264769500966956,52.264769500966956
5258,t,52.264769500966956,52.264769500966956
5259,c,52.264769500966956,52.264769500966956
5260,c,52.264769500966956,52.264769500966956
5261,c,52.264769500966956,52.264769500966956
5262,c,52.264769500966956,52.264769500966956
5263,c,52.264769500966956,52.264769500966956
5264,c,52.264769500966956,52.264769500966956
5265,t,52.264769500966956,52.264769500966956
5266,c,52.264769500966956,52.264769500966956
5267,c,52.264769500966956,52.264769500966956
5268,c,52.264769500966956,52.264769500966956
5269,c,52.264769500966956,52.264769500966956
5270,t,52.264769500966956,52.264769500966956
5271,c,52.264769500966956,52.264769500966956
5272,c,52.264769500966956,52.264769500966956
5273,c,52.264769500966956,52.264769500966956
5274,t,52.264769500966956,52.264769500966956
5275,c,52.264769500966956,52.264769500966956
5276,c,52.264769500966956,52.264769500966956
5277,c,52.264769500966956,52.264769500966956
5278,c,52.264769500966956,52.264769500966956
5279,c,52.264769500966956,52.264769500966956
5280,c,52.264769500966956,52.264769500966956
5281,c,10.291532498133739,22.976944608302926
5282,c,52.264769500966956,52.264769500966956
5283,c,52.264769500966956,52.264769500966956
5284,t,52.264769500966956,52.264769500966956
5285,c,52.264769500966956,52.264769500966956
5286,t,52.264769500966956,52.264769500966956
5287,c,52.264769500966956,52.264769500966956
5288,t,52.264769500966956,52.264769500966956
5289,c,52.264769500966956,52.264769500966956
5290,t,52.264769500966956,52.264769500966956
5291,c,52.264769500966956,52.264769500966956
5292,c,52.264769500966956,52.264769500966956
5293,t,52.264769500966956,52.264769500966956
5294,c,52.264769500966956,52.264769500966956
5295,c,52.264769500966956,52.264769500966956
5296,t,52.264769500966956,52.264769500966956
5297,c,52.264769500966956,52.264769500966956
5298,c,52.264769500966956,52.264769500966956
5299,c,52.264769500966956,52.264769500966956
5300,t,52.264769500966956,52.264769500966956
5301,t,52.264769500966956,52.264769500966956
5302,t,52.264769500966956,52.264769500966956
5303,c,52.264769500966956,52.264769500966956
5304,c,52.264769500966956,52.264769500966956
5305,c,1.8886336754345998,52.264769500966956
5306,c,52.264769500966956,52.264769500966956
5307,t,52.264769500966956,52.264769500966956
5308,c,52.264769500966956,52.264769500966956
5309,c,52.264769500966956,52.264769500966956
5310,c,52.264769500966956,52.264769500966956
5311,t,52.264769500966956,52.264769500966956
5312,c,4.949992505754317,8.525572210188606
5313,t,52.264769500966956,52.264769500966956
5314,c,52.264769500966956,52.264769500966956
5315,c,52.264769500966956,52.264769500966956
5316,t,52.264769500966956,52.264769500966956
5317,c,52.264769500966956,52.264769500966956
5318,c,52.264769500966956,52.264769500966956
5319,c,52.264769500966956,52.264769500966956
5320,c,52.264769500966956,52.264769500966956
5321,c,52.264769500966956,52.264769500966956
5322,c,52.264769500966956,52.264769500966956
5323,c,52.264769500966956,52.264769500966956
5324,t,52.264769500966956,52.264769500966956
5325,c,52.264769500966956,52.264769500966956
5326,t,52.264769500966956,52.264769500966956
5327,c,52.264769500966956,52.264769500966956
5328,t,52.264769500966956,52.264769500966956
5329,t,52.264769500966956,52.264769500966956
5330,c,52.264769500966956,52.264769500966956
5331,c,52.264769500966956,52.264769500966956
5332,c,52.264769500966956,52.264769500966956
5333,c,52.264769500966956,52.264769500966956
5334,c,52.264769500966956,52.264769500966956
5335,c,12.44839300834831,12.52885515062602
5336,c,52.264769500966956,52.264769500966956
5337,c,52.264769500966956,52.264769500966956
5338,c,52.264769500966956,52.264769500966956
5339,c,52.264769500966956,52.264769500966956
5340,c,52.264769500966956,52.264769500966956
5341,t,52.264769500966956,52.264769500966956
5342,c,52.264769500966956,52.264769500966956
5343,c,52.264769500966956,52.264769500966956
5344,c,52.264769500966956,52.264769500966956
5345,c,52.264769500966956,52.264769500966956
5346,c,52.264769500966956,52.264769500966956
5347,c,52.264769500966956,52.264769500966956
5348,c,52.264769500966956,52.264769500966956
5349,c,52.264769500966956,52.264769500966956
5350,c,52.264769500966956,52.264769500966956
5351,t,52.264769500966956,52.264769500966956
5352,c,52.264769500966956,52.264769500966956
5353,c,52.264769500966956,52.264769500966956
5354,t,52.264769500966956,52.264769500966956
5355,c,52.264769500966956,52.264769500966956
5356,c,52.264769500966956,52.264769500966956
5357,c,52.264769500966956,52.264769500966956
5358,c,52.264769500966956,52.264769500966956
5359,c,52.264769500966956,52.264769500966956
5360,t,52.264769500966956,52.264769500966956
5361,c,52.264769500966956,52.264769500966956
5362,t,52.264769500966956,52.264769500966956
5363,c,52.264769500966956,52.264769500966956
5364,c,52.264769500966956,52.264769500966956
5365,c,52.264769500966956,52.264769500966956
5366,c,52.264769500966956,52.264769500966956
5367,c,52.264769500966956,52.264769500966956
5368,c,52.264769500966956,52.264769500966956
5369,t,52.264769500966956,52.264769500966956
5370,c,52.264769500966956,52.264769500966956
5371,c,52.264769500966956,52.264769500966956
5372,c,52.264769500966956,52.264769500966956
5373,t,52.264769500966956,52.264769500966956
5374,t,52.264769500966956,52.264769500966956
5375,t,52.264769500966956,52.264769500966956
5376,c,52.264769500966956,52.264769500966956
5377,c,52.264769500966956,52.264769500966956
5378,c,52.264769500966956,52.264769500966956
5379,t,52.264769500966956,52.264769500966956
5380,c,52.264769500966956,52.264769500966956
5381,c,52.264769500966956,52.264769500966956
5382,c,52.264769500966956,52.264769500966956
5383,t,52.264769500966956,52.264769500966956
5384,c,52.264769500966956,52.264769500966956
5385,c,52.264769500966956,52.264769500966956
5386,c,52.264769500966956,52.264769500966956
5387,c,52.264769500966956,52.264769500966956
5388,c,52.264769500966956,52.264769500966956
5389,c,52.264769500966956,52.264769500966956
5390,c,52.264769500966956,52.264769500966956
5391,t,52.264769500966956,52.264769500966956
5392,t,52.264769500966956,52.264769500966956
5393,c,52.264769500966956,52.264769500966956
5394,c,52.264769500966956,52.264769500966956
5395,t,52.264769500966956,52.264769500966956
5396,t,52.264769500966956,52.264769500966956
5397,c,52.264769500966956,52.264769500966956
5398,c,52.264769500966956,52.264769500966956
5399,c,52.264769500966956,52.264769500966956
5400,c,52.264769500966956,52.264769500966956
5401,c,52.264769500966956,52.264769500966956
5402,c,52.264769500966956,52.264769500966956
5403,t,52.264769500966956,52.264769500966956
5404,c,52.264769500966956,52.264769500966956
5405,c,52.264769500966956,52.264769500966956
5406,c,52.264769500966956,52.264769500966956
5407,c,52.264769500966956,52.264769500966956
5408,c,52.264769500966956,52.264769500966956
5409,t,52.264769500966956,52.264769500966956
5410,c,52.264769500966956,52.264769500966956
5411,t,52.264769500966956,52.264769500966956
5412,c,52.264769500966956,52.264769500966956
5413,c,52.264769500966956,52.264769500966956
5414,c,52.264769500966956,52.264769500966956
5415,t,52.264769500966956,52.264769500966956
5416,c,52.264769500966956,52.264769500966956
5417,c,52.264769500966956,52.264769500966956
5418,c,52.264769500966956,52.264769500966956
5419,na,4.36845077936458,9.172334862582158
5420,c,52.264769500966956,52.264769500966956
5421,c,3.1592465569692374,52.264769500966956
5422,t,52.264769500966956,52.264769500966956
5423,t,52.264769500966956,52.264769500966956
5424,c,52.264769500966956,52.264769500966956
5425,c,52.264769500966956,52.264769500966956
5426,c,52.264769500966956,52.264769500966956
5427,t,52.264769500966956,52.264769500966956
5428,c,52.264769500966956,52.264769500966956
5429,c,52.264769500966956,52.264769500966956
5430,c,52.264769500966956,52.264769500966956
5431,t,52.264769500966956,52.264769500966956
5432,c,52.264769500966956,52.264769500966956
5433,c,52.264769500966956,52.264769500966956
5434,c,52.264769500966956,52.264769500966956
5435,c,52.264769500966956,52.264769500966956
5436,c,52.264769500966956,52.264769500966956
5437,t,52.264769500966956,52.264769500966956
5438,c,52.264769500966956,52.264769500966956
5439,c,18.947975225036778,28.2320030060368
5440,c,52.264769500966956,52.264769500966956
5441,c,52.264769500966956,52.264769500966956
5442,c,52.264769500966956,52.264769500966956
5443,c,52.264769500966956,52.264769500966956
5444,t,52.264769500966956,52.264769500966956
5445,c,52.264769500966956,52.264769500966956
5446,c,52.264769500966956,52.264769500966956
5447,c,52.264769500966956,52.264769500966956
5448,t,52.264769500966956,52.264769500966956
5449,c,52.264769500966956,52.264769500966956
5450,c,52.264769500966956,52.264769500966956
5451,c,52.264769500966956,52.264769500966956
5452,c,52.264769500966956,52.264769500966956
5453,c,52.264769500966956,52.264769500966956
5454,c,52.264769500966956,52.264769500966956
5455,c,52.264769500966956,52.264769500966956
5456,c,52.264769500966956,52.264769500966956
5457,t,52.264769500966956,52.264769500966956
5458,c,52.264769500966956,52.264769500966956
5459,c,52.264769500966956,52.264769500966956
5460,c,52.264769500966956,52.264769500966956
5461,c,52.264769500966956,52.264769500966956
5462,c,52.264769500966956,52.264769500966956
5463,c,52.264769500966956,52.264769500966956
5464,c,52.264769500966956,52.264769500966956
5465,c,52.264769500966956,52.264769500966956
5466,t,52.264769500966956,52.264769500966956
5467,c,52.264769500966956,52.264769500966956
5468,c,52.264769500966956,52.264769500966956
5469,c,52.264769500966956,52.264769500966956
5470,c,52.264769500966956,52.264769500966956
5471,c,52.264769500966956,52.264769500966956
5472,c,52.264769500966956,52.264769500966956
5473,t,52.264769500966956,52.264769500966956
5474,c,52.264769500966956,52.264769500966956
5475,c,52.264769500966956,52.264769500966956
5476,c,52.264769500966956,52.264769500966956
5477,c,52.264769500966956,52.264769500966956
5478,c,52.264769500966956,52.264769500966956
5479,t,52.264769500966956,52.264769500966956
5480,c,52.264769500966956,52.264769500966956
5481,c,52.264769500966956,52.264769500966956
5482,c,52.264769500966956,52.264769500966956
5483,c,52.264769500966956,52.264769500966956
5484,t,52.264769500966956,52.264769500966956
5485,c,52.264769500966956,52.264769500966956
5486,c,6.655202051029685,11.88734941078779
5487,t,52.264769500966956,52.264769500966956
5488,c,52.264769500966956,52.264769500966956
5489,c,52.264769500966956,52.264769500966956
5490,c,52.264769500966956,52.264769500966956
5491,c,52.264769500966956,52.264769500966956
5492,c,52.264769500966956,52.264769500966956
5493,c,52.264769500966956,52.264769500966956
5494,c,52.264769500966956,52.264769500966956
5495,t,52.264769500966956,52.264769500966956
5496,c,52.264769500966956,52.264769500966956
5497,c,52.264769500966956,52.264769500966956
5498,c,52.264769500966956,52.264769500966956
5499,t,52.264769500966956,52.264769500966956
5500,t,52.264769500966956,52.264769500966956
5501,na,0.37002205826101564,0.9655730010724637
5502,c,52.264769500966956,52.264769500966956
5503,c,52.264769500966956,52.264769500966956
5504,c,52.264769500966956,52.264769500966956
5505,t,52.264769500966956,52.264769500966956
5506,t,52.264769500966956,52.264769500966956
5507,c,52.264769500966956,52.264769500966956
5508,c,52.264769500966956,52.264769500966956
5509,c,52.264769500966956,52.264769500966956
5510,c,52.264769500966956,52.264769500966956
5511,c,52.264769500966956,52.264769500966956
5512,t,52.264769500966956,52.264769500966956
5513,c,52.264769500966956,52.264769500966956
5514,c,52.264769500966956,52.264769500966956
5515,c,52.264769500966956,52.264769500966956
5516,c,52.264769500966956,52.264769500966956
5517,t,52.264769500966956,52.264769500966956
5518,c,52.264769500966956,52.264769500966956
5519,t,52.264769500966956,52.264769500966956
5520,c,52.264769500966956,52.264769500966956
5521,c,52.264769500966956,52.264769500966956
5522,c,52.264769500966956,52.264769500966956
5523,c,52.264769500966956,52.264769500966956
5524,t,52.264769500966956,52.264769500966956
5525,c,52.264769500966956,52.264769500966956
5526,c,52.264769500966956,52.264769500966956
5527,c,52.264769500966956,52.264769500966956
5528,c,52.264769500966956,52.264769500966956
5529,c,52.264769500966956,52.264769500966956
5530,c,52.264769500966956,52.264769500966956
5531,c,52.264769500966956,52.264769500966956
5532,c,52.264769500966956,52.264769500966956
5533,c,52.264769500966956,52.264769500966956
5534,c,52.264769500966956,52.264769500966956
5535,t,52.264769500966956,52.264769500966956
5536,t,52.264769500966956,52.264769500966956
5537,c,52.264769500966956,52.264769500966956
5538,t,52.264769500966956,52.264769500966956
5539,c,52.264769500966956,52.264769500966956
5540,t,52.264769500966956,52.264769500966956
5541,c,52.264769500966956,52.264769500966956
5542,c,52.264769500966956,52.264769500966956
5543,t,52.264769500966956,52.264769500966956
5544,c,52.264769500966956,52.264769500966956
5545,t,52.264769500966956,52.264769500966956
5546,c,52.264769500966956,52.264769500966956
5547,c,52.264769500966956,52.264769500966956
5548,c,52.264769500966956,52.264769500966956
5549,c,52.264769500966956,52.264769500966956
5550,c,52.264769500966956,52.264769500966956
5551,c,52.264769500966956,52.264769500966956
5552,c,52.264769500966956,52.264769500966956
5553,c,52.264769500966956,52.264769500966956
5554,c,52.264769500966956,52.264769500966956
5555,c,8.06170684518613,27.92850368663708
5556,t,52.264769500966956,52.264769500966956
5557,na,0.8836229563231212,1.3815637088765753
5558,t,52.264769500966956,52.264769500966956
5559,c,52.264769500966956,52.264769500966956
5560,t,52.264769500966956,52.264769500966956
5561,c,52.264769500966956,52.264769500966956
5562,t,52.264769500966956,52.264769500966956
5563,c,52.264769500966956,52.264769500966956
5564,c,52.264769500966956,52.264769500966956
5565,c,52.264769500966956,52.264769500966956
5566,c,52.264769500966956,52.264769500966956
5567,c,52.264769500966956,52.264769500966956
5568,t,52.264769500966956,52.264769500966956
5569,c,52.264769500966956,52.264769500966956
5570,c,52.264769500966956,52.264769500966956
5571,t,52.264769500966956,52.264769500966956
5572,c,52.264769500966956,52.264769500966956
5573,c,52.264769500966956,52.264769500966956
5574,c,52.264769500966956,52.264769500966956
5575,c,52.264769500966956,52.264769500966956
5576,c,9.702191582207652,17.38022514322008
5577,c,52.264769500966956,52.264769500966956
5578,c,52.264769500966956,52.264769500966956
5579,t,52.264769500966956,52.264769500966956
5580,c,52.264769500966956,52.264769500966956
5581,c,52.264769500966956,52.264769500966956
5582,c,52.264769500966956,52.264769500966956
5583,c,52.264769500966956,52.264769500966956
5584,c,52.264769500966956,52.264769500966956
5585,c,52.264769500966956,52.264769500966956
5586,t,52.264769500966956,52.264769500966956
5587,c,5.178949570755687,6.145096355552366
5588,c,52.264769500966956,52.264769500966956
5589,t,52.264769500966956,52.264769500966956
5590,t,52.264769500966956,52.264769500966956
5591,c,52.264769500966956,52.264769500966956
5592,c,52.264769500966956,52.264769500966956
5593,c,52.264769500966956,52.264769500966956
5594,c,52.264769500966956,52.264769500966956
5595,t,52.264769500966956,52.264769500966956
5596,c,52.264769500966956,52.264769500966956
5597,c,52.264769500966956,52.264769500966956
5598,c,16.4351579322687,28.604376861591376
5599,c,52.264769500966956,52.264769500966956
5600,c,52.264769500966956,52.264769500966956
5601,t,52.264769500966956,52.264769500966956
5602,t,52.264769500966956,52.264769500966956
5603,c,52.264769500966956,52.264769500966956
5604,t,52.264769500966956,52.264769500966956
5605,t,52.264769500966956,52.264769500966956
5606,c,52.264769500966956,52.264769500966956
5607,t,52.264769500966956,52.264769500966956
5608,c,52.264769500966956,52.264769500966956
5609,c,52.264769500966956,52.264769500966956
5610,t,52.264769500966956,52.264769500966956
5611,c,52.264769500966956,52.264769500966956
5612,t,52.264769500966956,52.264769500966956
5613,c,52.264769500966956,52.264769500966956
5614,c,52.264769500966956,52.264769500966956
5615,c,52.264769500966956,52.264769500966956
5616,t,52.264769500966956,52.264769500966956
5617,c,52.264769500966956,52.264769500966956
5618,c,52.264769500966956,52.264769500966956
5619,c,52.264769500966956,52.264769500966956
5620,c,52.264769500966956,52.264769500966956
5621,c,52.264769500966956,52.264769500966956
5622,c,52.264769500966956,52.264769500966956
5623,c,52.264769500966956,52.264769500966956
5624,c,52.264769500966956,52.264769500966956
5625,c,52.264769500966956,52.264769500966956
5626,c,52.264769500966956,52.264769500966956
5627,c,52.264769500966956,52.264769500966956
5628,c,52.264769500966956,52.264769500966956
5629,c,52.264769500966956,52.264769500966956
5630,t,52.264769500966956,52.264769500966956
5631,c,52.264769500966956,52.264769500966956
5632,t,52.264769500966956,52.264769500966956
5633,c,52.264769500966956,52.264769500966956
5634,c,52.264769500966956,52.264769500966956
5635,c,52.264769500966956,52.264769500966956
5636,t,52.264769500966956,52.264769500966956
5637,t,52.264769500966956,52.264769500966956
5638,c,52.264769500966956,52.264769500966956
5639,c,52.264769500966956,52.264769500966956
5640,c,52.264769500966956,52.264769500966956
5641,c,52.264769500966956,52.264769500966956
5642,c,52.264769500966956,52.264769500966956
5643,t,52.264769500966956,52.264769500966956
5644,t,52.264769500966956,52.264769500966956
5645,c,52.264769500966956,52.264769500966956
5646,c,52.264769500966956,52.264769500966956
5647,c,52.264769500966956,52.264769500966956
5648,t,52.264769500966956,52.264769500966956
5649,c,52.264769500966956,52.264769500966956
5650,c,52.264769500966956,52.264769500966956
5651,c,52.264769500966956,52.264769500966956
5652,c,52.264769500966956,52.264769500966956
5653,c,52.264769500966956,52.264769500966956
5654,c,52.264769500966956,52.264769500966956
5655,t,52.264769500966956,52.264769500966956
5656,c,52.264769500966956,52.264769500966956
5657,c,52.264769500966956,52.264769500966956
5658,c,52.264769500966956,52.264769500966956
5659,c,52.264769500966956,52.264769500966956
5660,t,52.264769500966956,52.264769500966956
5661,c,52.264769500966956,52.264769500966956
5662,t,52.264769500966956,52.264769500966956
5663,c,52.264769500966956,52.264769500966956
5664,c,52.264769500966956,52.264769500966956
5665,c,52.264769500966956,52.264769500966956
5666,c,52.264769500966956,52.264769500966956
5667,c,52.264769500966956,52.264769500966956
5668,c,52.264769500966956,52.264769500966956
5669,c,52.264769500966956,52.264769500966956
5670,c,25.453978176404245,52.264769500966956
5671,c,10.987009565172032,15.501249180424264
5672,c,52.264769500966956,52.264769500966956
5673,c,52.264769500966956,52.264769500966956
5674,t,52.264769500966956,52.264769500966956
5675,c,52.264769500966956,52.264769500966956
5676,c,52.264769500966956,52.264769500966956
5677,t,52.264769500966956,52.264769500966956
5678,c,52.264769500966956,52.264769500966956
5679,c,52.264769500966956,52.264769500966956
5680,c,52.264769500966956,52.264769500966956
5681,c,52.264769500966956,52.264769500966956
5682,c,52.264769500966956,52.264769500966956
5683,c,52.264769500966956,52.264769500966956
5684,c,15.273793411299284,20.38668244702276
5685,t,52.264769500966956,52.264769500966956
5686,na,-1,0
5687,c,52.264769500966956,52.264769500966956
5688,c,52.264769500966956,52.264769500966956
5689,t,52.264769500966956,52.264769500966956
5690,c,52.264769500966956,52.264769500966956
5691,t,52.264769500966956,52.264769500966956
5692,c,52.264769500966956,52.264769500966956
5693,t,52.264769500966956,52.264769500966956
5694,t,52.264769500966956,52.264769500966956
5695,c,52.264769500966956,52.264769500966956
5696,c,52.264769500966956,52.264769500966956
5697,c,52.264769500966956,52.264769500966956
5698,c,52.264769500966956,52.264769500966956
5699,c,52.264769500966956,52.264769500966956
5700,c,52.264769500966956,52.264769500966956
5701,c,52.264769500966956,52.264769500966956
5702,c,52.264769500966956,52.264769500966956
5703,c,52.264769500966956,52.264769500966956
5704,c,52.264769500966956,52.264769500966956
5705,c,52.264769500966956,52.264769500966956
5706,c,52.264769500966956,52.264769500966956
5707,t,52.264769500966956,52.264769500966956
5708,c,52.264769500966956,52.264769500966956
5709,c,52.264769500966956,52.264769500966956
5710,c,52.264769500966956,52.264769500966956
5711,c,52.264769500966956,52.264769500966956
5712,c,52.264769500966956,52.264769500966956
5713,c,52.264769500966956,52.264769500966956
5714,na,3.9335395698342563,10.214311697684614
5715,c,52.264769500966956,52.264769500966956
5716,c,52.264769500966956,52.264769500966956
5717,c,52.264769500966956,52.264769500966956
5718,c,52.264769500966956,52.264769500966956
5719,na,2.0054027815051487,2.9865261439966435
5720,c,52.264769500966956,52.264769500966956
5721,c,52.264769500966956,52.264769500966956
5722,c,52.264769500966956,52.264769500966956
5723,t,52.264769500966956,52.264769500966956
5724,t,52.264769500966956,52.264769500966956
5725,c,52.264769500966956,52.264769500966956
5726,t,52.264769500966956,52.264769500966956
5727,c,52.264769500966956,52.264769500966956
5728,c,52.264769500966956,52.264769500966956
5729,c,52.264769500966956,52.264769500966956
5730,c,52.264769500966956,52.264769500966956
5731,t,52.264769500966956,52.264769500966956
5732,c,52.264769500966956,52.264769500966956
5733,t,52.264769500966956,52.264769500966956
5734,t,52.264769500966956,52.264769500966956
5735,t,52.264769500966956,52.264769500966956
5736,c,52.264769500966956,52.264769500966956
5737,c,52.264769500966956,52.264769500966956
5738,c,52.264769500966956,52.264769500966956
5739,c,52.264769500966956,52.264769500966956
5740,c,52.264769500966956,52.264769500966956
5741,na,4.288981256619212,15.055045976719132
5742,c,52.264769500966956,52.264769500966956
5743,t,52.264769500966956,52.264769500966956
5744,c,52.264769500966956,52.264769500966956
5745,c,52.264769500966956,52.264769500966956
5746,c,52.264769500966956,52.264769500966956
5747,c,52.264769500966956,52.264769500966956
5748,c,52.264769500966956,52.264769500966956
5749,c,52.264769500966956,52.264769500966956
5750,c,52.264769500966956,52.264769500966956
5751,c,52.264769500966956,52.264769500966956
5752,c,52.264769500966956,52.264769500966956
5753,c,52.264769500966956,52.264769500966956
5754,c,52.264769500966956,52.264769500966956
5755,c,52.264769500966956,52.264769500966956
5756,c,52.264769500966956,52.264769500966956
5757,c,52.264769500966956,52.264769500966956
5758,c,52.264769500966956,52.264769500966956
5759,c,52.264769500966956,52.264769500966956
5760,t,52.264769500966956,52.264769500966956
5761,c,52.264769500966956,52.264769500966956
5762,c,52.264769500966956,52.264769500966956
5763,c,52.264769500966956,52.264769500966956
5764,c,52.264769500966956,52.264769500966956
5765,c,52.264769500966956,52.264769500966956
5766,c,4.421156735254065,8.88104452858087
5767,t,52.264769500966956,52.264769500966956
5768,t,52.264769500966956,52.264769500966956
5769,c,52.264769500966956,52.264769500966956
5770,c,52.264769500966956,52.264769500966956
5771,c,52.264769500966956,52.264769500966956
5772,c,52.264769500966956,52.264769500966956
5773,t,52.264769500966956,52.264769500966956
5774,c,9.300381817118867,11.313066342462113
5775,c,52.264769500966956,52.264769500966956
5776,t,52.264769500966956,52.264769500966956
5777,c,52.264769500966956,52.264769500966956
5778,t,52.264769500966956,52.264769500966956
5779,c,52.264769500966956,52.264769500966956
5780,c,52.264769500966956,52.264769500966956
5781,c,52.264769500966956,52.264769500966956
5782,c,52.264769500966956,52.264769500966956
5783,c,52.264769500966956,52.264769500966956
5784,c,52.264769500966956,52.264769500966956
5785,c,52.264769500966956,52.264769500966956
5786,t,52.264769500966956,52.264769500966956
5787,c,52.264769500966956,52.264769500966956
5788,c,52.264769500966956,52.264769500966956
5789,t,52.264769500966956,52.264769500966956
5790,c,52.264769500966956,52.264769500966956
5791,c,52.264769500966956,52.264769500966956
5792,c,52.264769500966956,52.264769500966956
5793,c,52.264769500966956,52.264769500966956
5794,t,52.264769500966956,52.264769500966956
5795,c,52.264769500966956,52.264769500966956
5796,c,52.264769500966956,52.264769500966956
5797,c,52.264769500966956,52.264769500966956
5798,c,52.264769500966956,52.264769500966956
5799,c,52.264769500966956,52.264769500966956
5800,c,52.264769500966956,52.264769500966956
5801,c,52.264769500966956,52.264769500966956
5802,c,52.264769500966956,52.264769500966956
5803,c,52.264769500966956,52.264769500966956
5804,c,52.264769500966956,52.264769500966956
5805,c,52.264769500966956,52.264769500966956
5806,c,52.264769500966956,52.264769500966956
5807,c,52.264769500966956,52.264769500966956
5808,c,52.264769500966956,52.264769500966956
5809,t,52.264769500966956,52.264769500966956
5810,c,52.264769500966956,52.264769500966956
5811,c,52.264769500966956,52.264769500966956
5812,c,52.264769500966956,52.264769500966956
5813,t,52.264769500966956,52.264769500966956
5814,c,52.264769500966956,52.264769500966956
5815,t,52.264769500966956,52.264769500966956
5816,c,52.264769500966956,52.264769500966956
5817,c,52.264769500966956,52.264769500966956
5818,c,52.264769500966956,52.264769500966956
5819,t,52.264769500966956,52.264769500966956
5820,c,52.264769500966956,52.264769500966956
5821,c,52.264769500966956,52.264769500966956
5822,c,52.264769500966956,52.264769500966956
5823,t,52.264769500966956,52.264769500966956
5824,c,52.264769500966956,52.264769500966956
5825,c,52.264769500966956,52.264769500966956
5826,c,52.264769500966956,52.264769500966956
5827,c,52.264769500966956,52.264769500966956
5828,c,52.264769500966956,52.264769500966956
5829,c,52.264769500966956,52.264769500966956
5830,c,52.264769500966956,52.264769500966956
5831,c,52.264769500966956,52.264769500966956
5832,t,52.264769500966956,52.264769500966956
5833,c,52.264769500966956,52.264769500966956
5834,c,52.264769500966956,52.264769500966956
5835,c,52.264769500966956,52.264769500966956
5836,c,52.264769500966956,52.264769500966956
5837,c,52.264769500966956,52.264769500966956
5838,c,52.264769500966956,52.264769500966956
5839,c,52.264769500966956,52.264769500966956
5840,c,52.264769500966956,52.264769500966956
5841,c,52.264769500966956,52.264769500966956
5842,c,52.264769500966956,52.264769500966956
5843,c,52.264769500966956,52.264769500966956
5844,t,52.264769500966956,52.264769500966956
5845,c,52.264769500966956,52.264769500966956
5846,c,52.264769500966956,52.264769500966956
5847,t,52.264769500966956,52.264769500966956
5848,c,52.264769500966956,52.264769500966956
5849,c,52.264769500966956,52.264769500966956
5850,t,52.264769500966956,52.264769500966956
5851,c,52.264769500966956,52.264769500966956
5852,c,52.264769500966956,52.264769500966956
5853,c,52.264769500966956,52.264769500966956
5854,c,52.264769500966956,52.264769500966956
5855,c,52.264769500966956,52.264769500966956
5856,c,52.264769500966956,52.264769500966956
5857,c,52.264769500966956,52.264769500966956
5858,t,52.264769500966956,52.264769500966956
5859,c,52.264769500966956,52.264769500966956
5860,c,52.264769500966956,52.264769500966956
5861,c,52.264769500966956,52.264769500966956
5862,t,52.264769500966956,52.264769500966956
5863,c,52.264769500966956,52.264769500966956
5864,c,52.264769500966956,52.264769500966956
5865,c,52.264769500966956,52.264769500966956
5866,t,52.264769500966956,52.264769500966956
5867,t,52.264769500966956,52.264769500966956
5868,t,52.264769500966956,52.264769500966956
5869,c,52.264769500966956,52.264769500966956
5870,c,52.264769500966956,52.264769500966956
5871,t,52.264769500966956,52.264769500966956
5872,c,52.264769500966956,52.264769500966956
5873,c,52.264769500966956,52.264769500966956
5874,c,52.264769500966956,52.264769500966956
5875,c,52.264769500966956,52.264769500966956
5876,t,52.264769500966956,52.264769500966956
5877,c,52.264769500966956,52.264769500966956
5878,c,52.264769500966956,52.264769500966956
5879,c,52.264769500966956,52.264769500966956
5880,c,52.264769500966956,52.264769500966956
5881,c,52.264769500966956,52.264769500966956
5882,c,52.264769500966956,52.264769500966956
5883,c,52.264769500966956,52.264769500966956
5884,na,0,4.881139302734787
5885,c,11.326228803477793,12.485303431804873
5886,c,52.264769500966956,52.264769500966956
5887,t,52.264769500966956,52.264769500966956
5888,c,52.264769500966956,52.264769500966956
5889,c,52.264769500966956,52.264769500966956
5890,t,52.264769500966956,52.264769500966956
5891,c,52.264769500966956,52.264769500966956
5892,c,52.264769500966956,52.264769500966956
5893,c,52.264769500966956,52.264769500966956
5894,c,52.264769500966956,52.264769500966956
5895,c,52.264769500966956,52.264769500966956
5896,t,52.264769500966956,52.264769500966956
5897,c,52.264769500966956,52.264769500966956
5898,c,52.264769500966956,52.264769500966956
5899,t,52.264769500966956,52.264769500966956
5900,t,52.264769500966956,52.264769500966956
5901,c,52.264769500966956,52.264769500966956
5902,c,52.264769500966956,52.264769500966956
5903,c,52.264769500966956,52.264769500966956
5904,t,52.264769500966956,52.264769500966956
5905,c,52.264769500966956,52.264769500966956
5906,c,52.264769500966956,52.264769500966956
5907,c,52.264769500966956,52.264769500966956
5908,c,52.264769500966956,52.264769500966956
5909,c,52.264769500966956,52.264769500966956
5910,c,52.264769500966956,52.264769500966956
5911,c,52.264769500966956,52.264769500966956
5912,c,52.264769500966956,52.264769500966956
5913,c,52.264769500966956,52.264769500966956
5914,c,52.264769500966956,52.264769500966956
5915,c,52.264769500966956,52.264769500966956
5916,c,52.264769500966956,52.264769500966956
5917,c,52.264769500966956,52.264769500966956
5918,c,52.264769500966956,52.264769500966956
5919,c,52.264769500966956,52.264769500966956
5920,c,52.264769500966956,52.264769500966956
5921,t,52.264769500966956,52.264769500966956
5922,c,52.264769500966956,52.264769500966956
5923,c,52.264769500966956,52.264769500966956
5924,c,52.264769500966956,52.264769500966956
5925,c,52.264769500966956,52.264769500966956
5926,c,52.264769500966956,52.264769500966956
5927,c,52.264769500966956,52.264769500966956
5928,c,52.264769500966956,52.264769500966956
5929,c,52.264769500966956,52.264769500966956
5930,c,52.264769500966956,52.264769500966956
5931,t,52.264769500966956,52.264769500966956
5932,c,52.264769500966956,52.264769500966956
5933,c,52.264769500966956,52.264769500966956
5934,c,52.264769500966956,52.264769500966956
5935,c,52.264769500966956,52.264769500966956
5936,c,15.262960576267023,17.723695173299106
5937,t,52.264769500966956,52.264769500966956
5938,c,52.264769500966956,52.264769500966956
5939,c,52.264769500966956,52.264769500966956
5940,t,52.264769500966956,52.264769500966956
5941,c,52.264769500966956,52.264769500966956
5942,t,52.264769500966956,52.264769500966956
5943,na,0,0.9070531991209032
5944,t,52.264769500966956,52.264769500966956
5945,c,52.264769500966956,52.264769500966956
5946,t,52.264769500966956,52.264769500966956
5947,c,52.264769500966956,52.264769500966956
5948,c,52.264769500966956,52.264769500966956
5949,c,52.264769500966956,52.264769500966956
5950,c,52.264769500966956,52.264769500966956
5951,c,52.264769500966956,52.264769500966956
5952,t,52.264769500966956,52.264769500966956
5953,c,52.264769500966956,52.264769500966956
5954,c,52.264769500966956,52.264769500966956
5955,c,52.264769500966956,52.264769500966956
5956,c,52.264769500966956,52.264769500966956
5957,c,52.264769500966956,52.264769500966956
5958,c,52.264769500966956,52.264769500966956
5959,c,52.264769500966956,52.264769500966956
5960,c,52.264769500966956,52.264769500966956
5961,c,52.264769500966956,52.264769500966956
5962,t,52.264769500966956,52.264769500966956
5963,t,52.264769500966956,52.264769500966956
5964,c,52.264769500966956,52.264769500966956
5965,c,52.264769500966956,52.264769500966956
5966,t,52.264769500966956,52.264769500966956
5967,c,4.65737649812428,7.563887226038006
5968,t,52.264769500966956,52.264769500966956
5969,t,52.264769500966956,52.264769500966956
5970,c,52.264769500966956,52.264769500966956
5971,c,52.264769500966956,52.264769500966956
5972,c,52.264769500966956,52.264769500966956
5973,c,38.88436382469038,39.943887933618484
5974,c,52.264769500966956,52.264769500966956
5975,c,52.264769500966956,52.264769500966956
5976,t,52.264769500966956,52.264769500966956
5977,c,52.264769500966956,52.264769500966956
5978,c,52.264769500966956,52.264769500966956
5979,c,52.264769500966956,52.264769500966956
5980,c,52.264769500966956,52.264769500966956
5981,c,52.264769500966956,52.264769500966956
5982,c,52.264769500966956,52.264769500966956
5983,c,52.264769500966956,52.264769500966956
5984,c,52.264769500966956,52.264769500966956
5985,na,0.8267094104620325,1.7228212048910705
5986,c,52.264769500966956,52.264769500966956
5987,c,52.264769500966956,52.264769500966956
5988,c,52.264769500966956,52.264769500966956
5989,c,52.264769500966956,52.264769500966956
5990,c,52.264769500966956,52.264769500966956
5991,c,52.264769500966956,52.264769500966956
5992,c,52.264769500966956,52.264769500966956
5993,t,52.264769500966956,52.264769500966956
5994,c,52.264769500966956,52.264769500966956
5995,c,52.264769500966956,52.264769500966956
5996,c,52.264769500966956,52.264769500966956
5997,c,52.264769500966956,52.264769500966956
5998,c,52.264769500966956,52.264769500966956
5999,c,52.264769500966956,52.264769500966956
6000,na,0,1.722188500047043
6001,c,52.264769500966956,52.264769500966956
6002,c,20.292200172148277,20.579376677104946
6003,c,52.264769500966956,52.264769500966956
6004,c,52.264769500966956,52.264769500966956
6005,t,52.264769500966956,52.264769500966956
6006,c,52.264769500966956,52.264769500966956
6007,c,52.264769500966956,52.264769500966956
6008,c,52.264769500966956,52.264769500966956
6009,c,52.264769500966956,52.264769500966956
6010,t,52.264769500966956,52.264769500966956
6011,c,52.264769500966956,52.264769500966956
6012,c,52.264769500966956,52.264769500966956
6013,c,52.264769500966956,52.264769500966956
6014,c,52.264769500966956,52.264769500966956
6015,t,52.264769500966956,52.264769500966956
6016,t,52.264769500966956,52.264769500966956
6017,c,52.264769500966956,52.264769500966956
6018,c,52.264769500966956,52.264769500966956
6019,c,52.264769500966956,52.264769500966956
6020,c,52.264769500966956,52.264769500966956
6021,c,52.264769500966956,52.264769500966956
6022,c,52.264769500966956,52.264769500966956
6023,c,52.264769500966956,52.264769500966956
6024,c,52.264769500966956,52.264769500966956
6025,c,52.264769500966956,52.264769500966956
6026,c,52.264769500966956,52.264769500966956
6027,c,52.264769500966956,52.264769500966956
6028,c,52.264769500966956,52.264769500966956
6029,c,52.264769500966956,52.264769500966956
6030,c,52.264769500966956,52.264769500966956
6031,t,52.264769500966956,52.264769500966956
6032,c,52.264769500966956,52.264769500966956
6033,c,52.264769500966956,52.264769500966956
6034,c,52.264769500966956,52.264769500966956
6035,t,52.264769500966956,52.264769500966956
6036,c,52.264769500966956,52.264769500966956
6037,c,52.264769500966956,52.264769500966956
6038,c,52.264769500966956,52.264769500966956
6039,c,52.264769500966956,52.264769500966956
6040,c,52.264769500966956,52.264769500966956
6041,t,52.264769500966956,52.264769500966956
6042,t,52.264769500966956,52.264769500966956
6043,c,52.264769500966956,52.264769500966956
6044,c,52.264769500966956,52.264769500966956
6045,t,52.264769500966956,52.264769500966956
6046,c,52.264769500966956,52.264769500966956
6047,c,9.936006936890195,12.497840196744736
6048,c,52.264769500966956,52.264769500966956
6049,c,52.264769500966956,52.264769500966956
6050,c,52.264769500966956,52.264769500966956
6051,c,52.264769500966956,52.264769500966956
6052,c,52.264769500966956,52.264769500966956
6053,t,52.264769500966956,52.264769500966956
6054,c,52.264769500966956,52.264769500966956
6055,t,52.264769500966956,52.264769500966956
6056,c,52.264769500966956,52.264769500966956
6057,c,52.264769500966956,52.264769500966956
6058,c,52.264769500966956,52.264769500966956
6059,c,52.264769500966956,52.264769500966956
6060,c,52.264769500966956,52.264769500966956
6061,c,52.264769500966956,52.264769500966956
6062,c,52.264769500966956,52.264769500966956
6063,c,52.264769500966956,52.264769500966956
6064,c,52.264769500966956,52.264769500966956
6065,na,0,0.8259773113182087
6066,c,52.264769500966956,52.264769500966956
6067,t,52.264769500966956,52.264769500966956
6068,na,1.2718810387839643,5.499524885832474
6069,c,52.264769500966956,52.264769500966956
6070,c,52.264769500966956,52.264769500966956
6071,c,52.264769500966956,52.264769500966956
6072,c,52.264769500966956,52.264769500966956
6073,t,52.264769500966956,52.264769500966956
6074,t,52.264769500966956,52.264769500966956
6075,c,52.264769500966956,52.264769500966956
6076,c,52.264769500966956,52.264769500966956
6077,c,6.901424277746731,7.599199344100243
6078,c,52.264769500966956,52.264769500966956
6079,c,52.264769500966956,52.264769500966956
6080,t,52.264769500966956,52.264769500966956
6081,c,52.264769500966956,52.264769500966956
6082,c,52.264769500966956,52.264769500966956
6083,c,52.264769500966956,52.264769500966956
6084,c,52.264769500966956,52.264769500966956
6085,c,52.264769500966956,52.264769500966956
6086,c,52.264769500966956,52.264769500966956
6087,c,52.264769500966956,52.264769500966956
6088,c,52.264769500966956,52.264769500966956
6089,c,52.264769500966956,52.264769500966956
6090,c,52.264769500966956,52.264769500966956
6091,c,8.03476800268219,14.276420786453494
6092,t,52.264769500966956,52.264769500966956
6093,c,52.264769500966956,52.264769500966956
6094,c,52.264769500966956,52.264769500966956
6095,c,52.264769500966956,52.264769500966956
6096,c,52.264769500966956,52.264769500966956
6097,c,52.264769500966956,52.264769500966956
6098,c,52.264769500966956,52.264769500966956
6099,c,52.264769500966956,52.264769500966956
6100,c,52.264769500966956,52.264769500966956
6101,c,52.264769500966956,52.264769500966956
6102,c,52.264769500966956,52.264769500966956
6103,c,52.264769500966956,52.264769500966956
6104,c,52.264769500966956,52.264769500966956
6105,c,52.264769500966956,52.264769500966956
6106,c,52.264769500966956,52.264769500966956
6107,c,52.264769500966956,52.264769500966956
6108,t,52.264769500966956,52.264769500966956
6109,c,52.264769500966956,52.264769500966956
6110,c,52.264769500966956,52.264769500966956
6111,c,52.264769500966956,52.264769500966956
6112,t,52.264769500966956,52.264769500966956
6113,c,52.264769500966956,52.264769500966956
6114,c,52.264769500966956,52.264769500966956
6115,t,52.264769500966956,52.264769500966956
6116,c,52.264769500966956,52.264769500966956
6117,c,52.264769500966956,52.264769500966956
6118,c,6.977958698172515,52.264769500966956
6119,c,52.264769500966956,52.264769500966956
6120,c,52.264769500966956,52.264769500966956
6121,c,52.264769500966956,52.264769500966956
6122,c,52.264769500966956,52.264769500966956
6123,c,52.264769500966956,52.264769500966956
6124,c,52.264769500966956,52.264769500966956
6125,c,52.264769500966956,52.264769500966956
6126,c,52.264769500966956,52.264769500966956
6127,c,4.532137426255495,8.052496867197284
6128,c,52.264769500966956,52.264769500966956
6129,t,52.264769500966956,52.264769500966956
6130,t,52.264769500966956,52.264769500966956
6131,t,52.264769500966956,52.264769500966956
6132,c,52.264769500966956,52.264769500966956
6133,c,52.264769500966956,52.264769500966956
6134,c,52.264769500966956,52.264769500966956
6135,t,52.264769500966956,52.264769500966956
6136,t,52.264769500966956,52.264769500966956
6137,c,52.264769500966956,52.264769500966956
6138,t,52.264769500966956,52.264769500966956
6139,t,52.264769500966956,52.264769500966956
6140,c,52.264769500966956,52.264769500966956
6141,c,52.264769500966956,52.264769500966956
6142,c,52.264769500966956,52.264769500966956
6143,c,52.264769500966956,52.264769500966956
6144,t,52.264769500966956,52.264769500966956
6145,c,52.264769500966956,52.264769500966956
6146,c,52.264769500966956,52.264769500966956
6147,c,52.264769500966956,52.264769500966956
6148,c,52.264769500966956,52.264769500966956
6149,c,52.264769500966956,52.264769500966956
6150,c,52.264769500966956,52.264769500966956
6151,c,52.264769500966956,52.264769500966956
6152,c,52.264769500966956,52.264769500966956
6153,t,52.264769500966956,52.264769500966956
6154,c,52.264769500966956,52.264769500966956
6155,t,52.264769500966956,52.264769500966956
6156,t,52.264769500966956,52.264769500966956
6157,c,52.264769500966956,52.264769500966956
6158,c,52.264769500966956,52.264769500966956
6159,t,52.264769500966956,52.264769500966956
6160,c,52.264769500966956,52.264769500966956
6161,c,52.264769500966956,52.264769500966956
6162,t,52.264769500966956,52.264769500966956
6163,c,52.264769500966956,52.264769500966956
6164,c,52.264769500966956,52.264769500966956
6165,c,52.264769500966956,52.264769500966956
6166,c,52.264769500966956,52.264769500966956
6167,c,52.264769500966956,52.264769500966956
6168,c,52.264769500966956,52.264769500966956
6169,t,52.264769500966956,52.264769500966956
6170,c,52.264769500966956,52.264769500966956
6171,t,52.264769500966956,52.264769500966956
6172,c,52.264769500966956,52.264769500966956
6173,c,52.264769500966956,52.264769500966956
6174,c,52.264769500966956,52.264769500966956
6175,c,52.264769500966956,52.264769500966956
6176,t,52.264769500966956,52.264769500966956
6177,c,52.264769500966956,52.264769500966956
6178,c,52.264769500966956,52.264769500966956
6179,na,7.123374137698875,52.264769500966956
6180,t,52.264769500966956,52.264769500966956
6181,c,52.264769500966956,52.264769500966956
6182,c,52.264769500966956,52.264769500966956
6183,t,52.264769500966956,52.264769500966956
6184,t,52.264769500966956,52.264769500966956
6185,c,52.264769500966956,52.264769500966956
6186,c,52.264769500966956,52.264769500966956
6187,t,52.264769500966956,52.264769500966956
6188,c,52.264769500966956,52.264769500966956
6189,c,52.264769500966956,52.264769500966956
6190,c,52.264769500966956,52.264769500966956
6191,c,52.264769500966956,52.264769500966956
6192,c,52.264769500966956,52.264769500966956
6193,c,52.264769500966956,52.264769500966956
6194,c,52.264769500966956,52.264769500966956
6195,c,52.264769500966956,52.264769500966956
6196,c,52.264769500966956,52.264769500966956
6197,t,52.264769500966956,52.264769500966956
6198,t,52.264769500966956,52.264769500966956
6199,c,52.264769500966956,52.264769500966956
6200,c,52.264769500966956,52.264769500966956
6201,t,52.264769500966956,52.264769500966956
6202,c,52.264769500966956,52.264769500966956
6203,c,52.264769500966956,52.264769500966956
6204,c,52.264769500966956,52.264769500966956
6205,c,52.264769500966956,52.264769500966956
6206,c,52.264769500966956,52.264769500966956
6207,c,52.264769500966956,52.264769500966956
6208,c,52.264769500966956,52.264769500966956
6209,c,52.264769500966956,52.264769500966956
6210,c,52.264769500966956,52.264769500966956
6211,c,52.264769500966956,52.264769500966956
6212,c,52.264769500966956,52.264769500966956
6213,c,52.264769500966956,52.264769500966956
6214,c,52.264769500966956,52.264769500966956
6215,t,52.264769500966956,52.264769500966956
6216,c,52.264769500966956,52.264769500966956
6217,c,52.264769500966956,52.264769500966956
6218,c,52.264769500966956,52.264769500966956
6219,c,52.264769500966956,52.264769500966956
6220,t,52.264769500966956,52.264769500966956
6221,t,52.264769500966956,52.264769500966956
6222,c,52.264769500966956,52.264769500966956
6223,na,10.383191341551594,12.057467012134682
6224,c,52.264769500966956,52.264769500966956
6225,c,52.264769500966956,52.264769500966956
6226,c,52.264769500966956,52.264769500966956
6227,t,52.264769500966956,52.264769500966956
6228,c,5.618293552808042,8.078551835523722
6229,c,52.264769500966956,52.264769500966956
6230,t,52.264769500966956,52.264769500966956
6231,c,52.264769500966956,52.264769500966956
6232,c,52.264769500966956,52.264769500966956
6233,c,52.264769500966956,52.264769500966956
6234,c,52.264769500966956,52.264769500966956
6235,c,52.264769500966956,52.264769500966956
6236,c,52.264769500966956,52.264769500966956
6237,c,52.264769500966956,52.264769500966956
6238,c,52.264769500966956,52.264769500966956
6239,c,52.264769500966956,52.264769500966956
6240,c,52.264769500966956,52.264769500966956
6241,c,52.264769500966956,52.264769500966956
6242,t,52.264769500966956,52.264769500966956
6243,c,52.264769500966956,52.264769500966956
6244,c,52.264769500966956,52.264769500966956
6245,c,52.264769500966956,52.264769500966956
6246,t,52.264769500966956,52.264769500966956
6247,c,52.264769500966956,52.264769500966956
6248,t,52.264769500966956,52.264769500966956
6249,c,52.264769500966956,52.264769500966956
6250,c,52.264769500966956,52.264769500966956
6251,c,52.264769500966956,52.264769500966956
6252,c,52.264769500966956,52.264769500966956
6253,c,52.264769500966956,52.264769500966956
6254,t,52.264769500966956,52.264769500966956
6255,c,52.264769500966956,52.264769500966956
6256,c,52.264769500966956,52.264769500966956
6257,c,52.264769500966956,52.264769500966956
6258,c,52.264769500966956,52.264769500966956
6259,c,52.264769500966956,52.264769500966956
6260,c,52.264769500966956,52.264769500966956
6261,c,52.264769500966956,52.264769500966956
6262,c,52.264769500966956,52.264769500966956
6263,t,52.264769500966956,52.264769500966956
6264,c,52.264769500966956,52.264769500966956
6265,c,52.264769500966956,52.264769500966956
6266,t,52.264769500966956,52.264769500966956
6267,c,52.264769500966956,52.264769500966956
6268,c,52.264769500966956,52.264769500966956
6269,c,52.264769500966956,52.264769500966956
6270,c,52.264769500966956,52.264769500966956
6271,t,52.264769500966956,52.264769500966956
6272,c,52.264769500966956,52.264769500966956
6273,c,52.264769500966956,52.264769500966956
6274,c,52.264769500966956,52.264769500966956
6275,c,52.264769500966956,52.264769500966956
6276,t,52.264769500966956,52.264769500966956
6277,t,52.264769500966956,52.264769500966956
6278,c,52.264769500966956,52.264769500966956
6279,c,52.264769500966956,52.264769500966956
6280,t,52.264769500966956,52.264769500966956
6281,t,52.264769500966956,52.264769500966956
6282,c,52.264769500966956,52.264769500966956
6283,t,52.264769500966956,52.264769500966956
6284,t,52.264769500966956,52.264769500966956
6285,c,12.192760296766961,25.59671316849592
6286,c,52.264769500966956,52.264769500966956
6287,c,52.264769500966956,52.264769500966956
6288,c,52.264769500966956,52.264769500966956
6289,c,52.264769500966956,52.264769500966956
6290,c,52.264769500966956,52.264769500966956
6291,t,52.264769500966956,52.264769500966956
6292,c,52.264769500966956,52.264769500966956
6293,c,52.264769500966956,52.264769500966956
6294,c,52.264769500966956,52.264769500966956
6295,c,52.264769500966956,52.264769500966956
6296,t,52.264769500966956,52.264769500966956
6297,c,52.264769500966956,52.264769500966956
6298,c,52.264769500966956,52.264769500966956
6299,c,52.264769500966956,52.264769500966956
6300,c,52.264769500966956,52.264769500966956
6301,c,52.264769500966956,52.264769500966956
6302,c,52.264769500966956,52.264769500966956
6303,c,52.264769500966956,52.264769500966956
6304,c,52.264769500966956,52.264769500966956
6305,c,52.264769500966956,52.264769500966956
6306,c,52.264769500966956,52.264769500966956
6307,t,52.264769500966956,52.264769500966956
6308,t,52.264769500966956,52.264769500966956
6309,c,52.264769500966956,52.264769500966956
6310,c,52.264769500966956,52.264769500966956
6311,c,52.264769500966956,52.264769500966956
6312,c,52.264769500966956,52.264769500966956
6313,c,52.264769500966956,52.264769500966956
6314,c,52.264769500966956,52.264769500966956
6315,c,5.966284971051891,6.517205881089824
6316,c,52.264769500966956,52.264769500966956
6317,t,52.264769500966956,52.264769500966956
6318,t,52.264769500966956,52.264769500966956
6319,c,8.466396795614736,9.284448511094384
6320,t,52.264769500966956,52.264769500966956
6321,c,52.264769500966956,52.264769500966956
6322,c,52.264769500966956,52.264769500966956
6323,c,52.264769500966956,52.264769500966956
6324,c,52.264769500966956,52.264769500966956
6325,c,52.264769500966956,52.264769500966956
6326,c,52.264769500966956,52.264769500966956
6327,c,52.264769500966956,52.264769500966956
6328,c,52.264769500966956,52.264769500966956
6329,c,52.264769500966956,52.264769500966956
6330,c,52.264769500966956,52.264769500966956
6331,t,52.264769500966956,52.264769500966956
6332,t,52.264769500966956,52.264769500966956
6333,c,52.264769500966956,52.264769500966956
6334,c,52.264769500966956,52.264769500966956
6335,t,52.264769500966956,52.264769500966956
6336,t,52.264769500966956,52.264769500966956
6337,c,52.264769500966956,52.264769500966956
6338,c,52.264769500966956,52.264769500966956
6339,t,52.264769500966956,52.264769500966956
6340,c,52.264769500966956,52.264769500966956
6341,c,52.264769500966956,52.264769500966956
6342,c,52.264769500966956,52.264769500966956
6343,c,52.264769500966956,52.264769500966956
6344,t,52.264769500966956,52.264769500966956
6345,c,52.264769500966956,52.264769500966956
6346,na,7.2299399288824455,23.268544557642116
6347,t,52.264769500966956,52.264769500966956
6348,c,52.264769500966956,52.264769500966956
6349,c,52.264769500966956,52.264769500966956
6350,c,52.264769500966956,52.264769500966956
6351,c,52.264769500966956,52.264769500966956
6352,c,52.264769500966956,52.264769500966956
6353,c,52.264769500966956,52.264769500966956
6354,c,52.264769500966956,52.264769500966956
6355,t,52.264769500966956,52.264769500966956
6356,c,52.264769500966956,52.264769500966956
6357,t,52.264769500966956,52.264769500966956
6358,t,52.264769500966956,52.264769500966956
6359,c,52.264769500966956,52.264769500966956
6360,t,52.264769500966956,52.264769500966956
6361,t,52.264769500966956,52.264769500966956
6362,c,52.264769500966956,52.264769500966956
6363,c,52.264769500966956,52.264769500966956
6364,c,52.264769500966956,52.264769500966956
6365,c,52.264769500966956,52.264769500966956
6366,t,52.264769500966956,52.264769500966956
6367,c,52.264769500966956,52.264769500966956
6368,c,52.264769500966956,52.264769500966956
6369,c,52.264769500966956,52.264769500966956
6370,c,52.264769500966956,52.264769500966956
6371,c,52.264769500966956,52.264769500966956
6372,c,52.264769500966956,52.264769500966956
6373,c,52.264769500966956,52.264769500966956
6374,c,52.264769500966956,52.264769500966956
6375,c,52.264769500966956,52.264769500966956
6376,c,52.264769500966956,52.264769500966956
6377,c,6.367086156197606,7.806301072485592
6378,c,52.264769500966956,52.264769500966956
6379,c,52.264769500966956,52.264769500966956
6380,c,52.264769500966956,52.264769500966956
6381,c,52.264769500966956,52.264769500966956
6382,c,52.264769500966956,52.264769500966956
6383,c,52.264769500966956,52.264769500966956
6384,t,52.264769500966956,52.264769500966956
6385,c,52.264769500966956,52.264769500966956
6386,c,52.264769500966956,52.264769500966956
6387,c,52.264769500966956,52.264769500966956
6388,c,52.264769500966956,52.264769500966956
6389,t,52.264769500966956,52.264769500966956
6390,c,52.264769500966956,52.264769500966956
6391,c,52.264769500966956,52.264769500966956
6392,t,52.264769500966956,52.264769500966956
6393,c,52.264769500966956,52.264769500966956
6394,c,52.264769500966956,52.264769500966956
6395,c,52.264769500966956,52.264769500966956
6396,c,52.264769500966956,52.264769500966956
6397,c,52.264769500966956,52.264769500966956
6398,c,52.264769500966956,52.264769500966956
6399,c,52.264769500966956,52.264769500966956
6400,c,52.264769500966956,52.264769500966956
6401,c,52.264769500966956,52.264769500966956
6402,c,52.264769500966956,52.264769500966956
6403,t,52.264769500966956,52.264769500966956
6404,c,52.264769500966956,52.264769500966956
6405,c,52.264769500966956,52.264769500966956
6406,t,52.264769500966956,52.264769500966956
6407,c,52.264769500966956,52.264769500966956
6408,t,52.264769500966956,52.264769500966956
6409,c,52.264769500966956,52.264769500966956
6410,c,52.264769500966956,52.264769500966956
6411,c,52.264769500966956,52.264769500966956
6412,c,52.264769500966956,52.264769500966956
6413,t,52.264769500966956,52.264769500966956
6414,c,52.264769500966956,52.264769500966956
6415,c,52.264769500966956,52.264769500966956
6416,c,3.1169758286405327,3.772145494361606
6417,na,0.573216155520937,1.9249326886323674
6418,c,52.264769500966956,52.264769500966956
6419,c,52.264769500966956,52.264769500966956
6420,na,8.049089335345794,12.490129284827093
6421,c,52.264769500966956,52.264769500966956
6422,c,52.264769500966956,52.264769500966956
6423,na,1.2398870474561305,52.264769500966956
6424,c,52.264769500966956,52.264769500966956
6425,c,52.264769500966956,52.264769500966956
6426,c,52.264769500966956,52.264769500966956
6427,c,52.264769500966956,52.264769500966956
6428,t,52.264769500966956,52.264769500966956
6429,c,52.264769500966956,52.264769500966956
6430,c,52.264769500966956,52.264769500966956
6431,t,52.264769500966956,52.264769500966956
6432,t,52.264769500966956,52.264769500966956
6433,c,52.264769500966956,52.264769500966956
6434,t,52.264769500966956,52.264769500966956
6435,t,52.264769500966956,52.264769500966956
6436,t,52.264769500966956,52.264769500966956
6437,c,52.264769500966956,52.264769500966956
6438,c,52.264769500966956,52.264769500966956
6439,c,52.264769500966956,52.264769500966956
6440,t,52.264769500966956,52.264769500966956
6441,c,52.264769500966956,52.264769500966956
6442,c,52.264769500966956,52.264769500966956
6443,c,52.264769500966956,52.264769500966956
6444,c,52.264769500966956,52.264769500966956
6445,c,52.264769500966956,52.264769500966956
6446,c,52.264769500966956,52.264769500966956
6447,c,52.264769500966956,52.264769500966956
6448,c,7.987199333937567,9.41121921300194
6449,c,52.264769500966956,52.264769500966956
6450,c,52.264769500966956,52.264769500966956
6451,c,52.264769500966956,52.264769500966956
6452,c,52.264769500966956,52.264769500966956
6453,t,52.264769500966956,52.264769500966956
6454,c,52.264769500966956,52.264769500966956
6455,c,52.264769500966956,52.264769500966956
6456,c,52.264769500966956,52.264769500966956
6457,c,52.264769500966956,52.264769500966956
6458,t,52.264769500966956,52.264769500966956
6459,c,52.264769500966956,52.264769500966956
6460,c,52.264769500966956,52.264769500966956
6461,t,52.264769500966956,52.264769500966956
6462,t,52.264769500966956,52.264769500966956
6463,t,52.264769500966956,52.264769500966956
6464,c,52.264769500966956,52.264769500966956
6465,c,52.264769500966956,52.264769500966956
6466,c,52.264769500966956,52.264769500966956
6467,c,52.264769500966956,52.264769500966956
6468,c,52.264769500966956,52.264769500966956
6469,c,52.264769500966956,52.264769500966956
6470,c,52.264769500966956,52.264769500966956
6471,c,52.264769500966956,52.264769500966956
6472,c,52.264769500966956,52.264769500966956
6473,c,52.264769500966956,52.264769500966956
6474,t,52.264769500966956,52.264769500966956
6475,c,52.264769500966956,52.264769500966956
6476,c,52.264769500966956,52.264769500966956
6477,c,52.264769500966956,52.264769500966956
6478,c,52.264769500966956,52.264769500966956
6479,t,52.264769500966956,52.264769500966956
6480,c,52.264769500966956,52.264769500966956
6481,c,52.264769500966956,52.264769500966956
6482,c,52.264769500966956,52.264769500966956
6483,c,52.264769500966956,52.264769500966956
6484,c,52.264769500966956,52.264769500966956
6485,c,52.264769500966956,52.264769500966956
6486,t,52.264769500966956,52.264769500966956
6487,c,52.264769500966956,52.264769500966956
6488,t,52.264769500966956,52.264769500966956
6489,c,52.264769500966956,52.264769500966956
6490,c,52.264769500966956,52.264769500966956
6491,c,52.264769500966956,52.264769500966956
6492,c,52.264769500966956,52.264769500966956
6493,c,52.264769500966956,52.264769500966956
6494,c,52.264769500966956,52.264769500966956
6495,c,52.264769500966956,52.264769500966956
6496,c,52.264769500966956,52.264769500966956
6497,c,52.264769500966956,52.264769500966956
6498,c,52.264769500966956,52.264769500966956
6499,c,52.264769500966956,52.264769500966956
6500,t,52.264769500966956,52.264769500966956
6501,c,52.264769500966956,52.264769500966956
6502,c,52.264769500966956,52.264769500966956
6503,t,52.264769500966956,52.264769500966956
6504,c,52.264769500966956,52.264769500966956
6505,c,52.264769500966956,52.264769500966956
6506,c,52.264769500966956,52.264769500966956
6507,c,52.264769500966956,52.264769500966956
6508,c,52.264769500966956,52.264769500966956
6509,c,52.264769500966956,52.264769500966956
6510,c,52.264769500966956,52.264769500966956
6511,c,52.264769500966956,52.264769500966956
6512,c,52.264769500966956,52.264769500966956
6513,c,52.264769500966956,52.264769500966956
6514,t,52.264769500966956,52.264769500966956
6515,c,52.264769500966956,52.264769500966956
6516,c,52.264769500966956,52.264769500966956
6517,c,52.264769500966956,52.264769500966956
6518,c,52.264769500966956,52.264769500966956
6519,c,52.264769500966956,52.264769500966956
6520,c,52.264769500966956,52.264769500966956
6521,na,2.6767455496036634,10.887268418394674
6522,c,52.264769500966956,52.264769500966956
6523,na,0,0.4455733276357826
6524,c,52.264769500966956,52.264769500966956
6525,c,52.264769500966956,52.264769500966956
6526,c,52.264769500966956,52.264769500966956
6527,c,52.264769500966956,52.264769500966956
6528,c,52.264769500966956,52.264769500966956
6529,c,52.264769500966956,52.264769500966956
6530,c,52.264769500966956,52.264769500966956
6531,c,52.264769500966956,52.264769500966956
6532,na,5.367346712620991,5.968184973010839
6533,c,52.264769500966956,52.264769500966956
6534,c,52.264769500966956,52.264769500966956
6535,c,52.264769500966956,52.264769500966956
6536,c,52.264769500966956,52.264769500966956
6537,c,52.264769500966956,52.264769500966956
6538,c,52.264769500966956,52.264769500966956
6539,c,52.264769500966956,52.264769500966956
6540,t,52.264769500966956,52.264769500966956
6541,c,52.264769500966956,52.264769500966956
6542,c,52.264769500966956,52.264769500966956
6543,t,52.264769500966956,52.264769500966956
6544,c,52.264769500966956,52.264769500966956
6545,c,52.264769500966956,52.264769500966956
6546,c,52.264769500966956,52.264769500966956
6547,t,52.264769500966956,52.264769500966956
6548,c,52.264769500966956,52.264769500966956
6549,c,52.264769500966956,52.264769500966956
6550,c,52.264769500966956,52.264769500966956
6551,c,52.264769500966956,52.264769500966956
6552,c,52.264769500966956,52.264769500966956
6553,t,52.264769500966956,52.264769500966956
6554,c,52.264769500966956,52.264769500966956
6555,c,52.264769500966956,52.264769500966956
6556,c,11.889511758796651,16.095574551674485
6557,c,52.264769500966956,52.264769500966956
6558,t,52.264769500966956,52.264769500966956
6559,t,52.264769500966956,52.264769500966956
6560,c,52.264769500966956,52.264769500966956
6561,c,52.264769500966956,52.264769500966956
6562,c,52.264769500966956,52.264769500966956
6563,c,52.264769500966956,52.264769500966956
6564,c,52.264769500966956,52.264769500966956
6565,c,52.264769500966956,52.264769500966956
6566,c,52.264769500966956,52.264769500966956
6567,c,52.264769500966956,52.264769500966956
6568,c,52.264769500966956,52.264769500966956
6569,t,52.264769500966956,52.264769500966956
6570,t,52.264769500966956,52.264769500966956
6571,c,52.264769500966956,52.264769500966956
6572,c,52.264769500966956,52.264769500966956
6573,c,52.264769500966956,52.264769500966956
6574,c,52.264769500966956,52.264769500966956
6575,c,52.264769500966956,52.264769500966956
6576,c,52.264769500966956,52.264769500966956
6577,c,52.264769500966956,52.264769500966956
6578,t,52.264769500966956,52.264769500966956
6579,t,52.264769500966956,52.264769500966956
6580,c,52.264769500966956,52.264769500966956
6581,c,52.264769500966956,52.264769500966956
6582,c,52.264769500966956,52.264769500966956
6583,t,52.264769500966956,52.264769500966956
6584,t,52.264769500966956,52.264769500966956
6585,t,52.264769500966956,52.264769500966956
6586,c,52.264769500966956,52.264769500966956
6587,c,52.264769500966956,52.264769500966956
6588,t,52.264769500966956,52.264769500966956
6589,t,52.264769500966956,52.264769500966956
6590,c,52.264769500966956,52.264769500966956
6591,c,52.264769500966956,52.264769500966956
6592,c,52.264769500966956,52.264769500966956
6593,c,52.264769500966956,52.264769500966956
6594,c,52.264769500966956,52.264769500966956
6595,c,52.264769500966956,52.264769500966956
6596,c,52.264769500966956,52.264769500966956
6597,c,52.264769500966956,52.264769500966956
6598,t,52.264769500966956,52.264769500966956
6599,c,52.264769500966956,52.264769500966956
6600,c,52.264769500966956,52.264769500966956
6601,c,52.264769500966956,52.264769500966956
6602,t,52.264769500966956,52.264769500966956
6603,c,52.264769500966956,52.264769500966956
6604,c,52.264769500966956,52.264769500966956
6605,c,52.264769500966956,52.264769500966956
6606,c,52.264769500966956,52.264769500966956
6607,c,52.264769500966956,52.264769500966956
6608,c,52.264769500966956,52.264769500966956
6609,c,52.264769500966956,52.264769500966956
6610,c,52.264769500966956,52.264769500966956
6611,c,52.264769500966956,52.264769500966956
6612,c,52.264769500966956,52.264769500966956
6613,c,52.264769500966956,52.264769500966956
6614,na,0,8.423449957889469
6615,c,14.017872006175612,22.804339485828212
6616,c,52.264769500966956,52.264769500966956
6617,t,52.264769500966956,52.264769500966956
6618,c,52.264769500966956,52.264769500966956
6619,c,52.264769500966956,52.264769500966956
6620,c,52.264769500966956,52.264769500966956
6621,c,52.264769500966956,52.264769500966956
6622,t,52.264769500966956,52.264769500966956
6623,c,52.264769500966956,52.264769500966956
6624,c,52.264769500966956,52.264769500966956
6625,t,52.264769500966956,52.264769500966956
6626,c,52.264769500966956,52.264769500966956
6627,c,52.264769500966956,52.264769500966956
6628,c,52.264769500966956,52.264769500966956
6629,c,52.264769500966956,52.264769500966956
6630,c,52.264769500966956,52.264769500966956
6631,t,52.264769500966956,52.264769500966956
6632,t,52.264769500966956,52.264769500966956
6633,c,52.264769500966956,52.264769500966956
6634,c,52.264769500966956,52.264769500966956
6635,c,52.264769500966956,52.264769500966956
6636,t,52.264769500966956,52.264769500966956
6637,c,52.264769500966956,52.264769500966956
6638,c,4.005011775304078,6.381035406014788
6639,c,52.264769500966956,52.264769500966956
6640,c,17.327049418492027,31.116019600609267
6641,c,52.264769500966956,52.264769500966956
6642,c,52.264769500966956,52.264769500966956
6643,c,52.264769500966956,52.264769500966956
6644,c,52.264769500966956,52.264769500966956
6645,c,52.264769500966956,52.264769500966956
6646,t,52.264769500966956,52.264769500966956
6647,c,52.264769500966956,52.264769500966956
6648,c,13.238027770726022,20.62558666858156
6649,c,19.587506563507727,25.164409861355313
6650,c,52.264769500966956,52.264769500966956
6651,c,52.264769500966956,52.264769500966956
6652,c,52.264769500966956,52.264769500966956
6653,c,52.264769500966956,52.264769500966956
6654,t,52.264769500966956,52.264769500966956
6655,c,52.264769500966956,52.264769500966956
6656,c,52.264769500966956,52.264769500966956
6657,c,52.264769500966956,52.264769500966956
6658,t,52.264769500966956,52.264769500966956
6659,c,52.264769500966956,52.264769500966956
6660,c,52.264769500966956,52.264769500966956
6661,c,52.264769500966956,52.264769500966956
6662,c,9.079589354456918,13.156584882084521
6663,c,52.264769500966956,52.264769500966956
6664,c,52.264769500966956,52.264769500966956
6665,c,52.264769500966956,52.264769500966956
6666,c,52.264769500966956,52.264769500966956
6667,c,52.264769500966956,52.264769500966956
6668,c,52.264769500966956,52.264769500966956
6669,c,52.264769500966956,52.264769500966956
6670,c,52.264769500966956,52.264769500966956
6671,c,52.264769500966956,52.264769500966956
6672,c,52.264769500966956,52.264769500966956
6673,t,52.264769500966956,52.264769500966956
6674,t,52.264769500966956,52.264769500966956
6675,c,52.264769500966956,52.264769500966956
6676,c,52.264769500966956,52.264769500966956
6677,c,52.264769500966956,52.264769500966956
6678,t,52.264769500966956,52.264769500966956
6679,c,52.264769500966956,52.264769500966956
6680,c,52.264769500966956,52.264769500966956
6681,c,52.264769500966956,52.264769500966956
6682,c,52.264769500966956,52.264769500966956
6683,c,52.264769500966956,52.264769500966956
6684,c,52.264769500966956,52.264769500966956
6685,c,52.264769500966956,52.264769500966956
6686,c,52.264769500966956,52.264769500966956
6687,c,52.264769500966956,52.264769500966956
6688,c,52.264769500966956,52.264769500966956
6689,c,7.608576621416752,13.503601087929793
6690,t,52.264769500966956,52.264769500966956
6691,c,52.264769500966956,52.264769500966956
6692,c,3.289424777749139,7.429787828355387
6693,c,0.9139889576188734,5.792471749191675
6694,c,52.264769500966956,52.264769500966956
6695,c,52.264769500966956,52.264769500966956
6696,c,52.264769500966956,52.264769500966956
6697,c,52.264769500966956,52.264769500966956
6698,c,52.264769500966956,52.264769500966956
6699,c,52.264769500966956,52.264769500966956
6700,t,52.264769500966956,52.264769500966956
6701,c,52.264769500966956,52.264769500966956
6702,c,52.264769500966956,52.264769500966956
6703,c,52.264769500966956,52.264769500966956
6704,t,52.264769500966956,52.264769500966956
6705,c,52.264769500966956,52.264769500966956
6706,c,52.264769500966956,52.264769500966956
6707,c,9.27240258515587,11.814182619777595
6708,c,52.264769500966956,52.264769500966956
6709,c,52.264769500966956,52.264769500966956
6710,c,52.264769500966956,52.264769500966956
6711,c,52.264769500966956,52.264769500966956
6712,c,52.264769500966956,52.264769500966956
6713,c,52.264769500966956,52.264769500966956
6714,c,52.264769500966956,52.264769500966956
6715,c,52.264769500966956,52.264769500966956
6716,c,52.264769500966956,52.264769500966956
6717,t,52.264769500966956,52.264769500966956
6718,c,52.264769500966956,52.264769500966956
6719,c,52.264769500966956,52.264769500966956
6720,t,52.264769500966956,52.264769500966956
6721,t,52.264769500966956,52.264769500966956
6722,c,52.264769500966956,52.264769500966956
6723,c,52.264769500966956,52.264769500966956
6724,c,52.264769500966956,52.264769500966956
6725,c,52.264769500966956,52.264769500966956
6726,c,52.264769500966956,52.264769500966956
6727,t,52.264769500966956,52.264769500966956
6728,c,52.264769500966956,52.264769500966956
6729,c,52.264769500966956,52.264769500966956
6730,c,52.264769500966956,52.264769500966956
6731,c,52.264769500966956,52.264769500966956
6732,t,52.264769500966956,52.264769500966956
6733,t,52.264769500966956,52.264769500966956
6734,c,52.264769500966956,52.264769500966956
6735,t,52.264769500966956,52.264769500966956
6736,t,52.264769500966956,52.264769500966956
6737,c,52.264769500966956,52.264769500966956
6738,c,52.264769500966956,52.264769500966956
6739,c,52.264769500966956,52.264769500966956
6740,t,52.264769500966956,52.264769500966956
6741,c,52.264769500966956,52.264769500966956
6742,c,52.264769500966956,52.264769500966956
6743,c,52.264769500966956,52.264769500966956
6744,c,52.264769500966956,52.264769500966956
6745,t,52.264769500966956,52.264769500966956
6746,c,52.264769500966956,52.264769500966956
6747,c,52.264769500966956,52.264769500966956
6748,c,52.264769500966956,52.264769500966956
6749,c,52.264769500966956,52.264769500966956
6750,t,52.264769500966956,52.264769500966956
6751,c,52.264769500966956,52.264769500966956
6752,c,52.264769500966956,52.264769500966956
6753,c,52.264769500966956,52.264769500966956
6754,c,52.264769500966956,52.264769500966956
6755,c,52.264769500966956,52.264769500966956
6756,c,52.264769500966956,52.264769500966956
6757,t,52.264769500966956,52.264769500966956
6758,c,52.264769500966956,52.264769500966956
6759,c,52.264769500966956,52.264769500966956
6760,c,52.264769500966956,52.264769500966956
6761,c,52.264769500966956,52.264769500966956
6762,c,52.264769500966956,52.264769500966956
6763,c,52.264769500966956,52.264769500966956
6764,c,52.264769500966956,52.264769500966956
6765,t,52.264769500966956,52.264769500966956
6766,c,52.264769500966956,52.264769500966956
6767,c,52.264769500966956,52.264769500966956
6768,c,52.264769500966956,52.264769500966956
6769,c,52.264769500966956,52.264769500966956
6770,c,52.264769500966956,52.264769500966956
6771,c,52.264769500966956,52.264769500966956
6772,t,52.264769500966956,52.264769500966956
6773,c,52.264769500966956,52.264769500966956
6774,c,52.264769500966956,52.264769500966956
6775,c,52.264769500966956,52.264769500966956
6776,c,52.264769500966956,52.264769500966956
6777,c,52.264769500966956,52.264769500966956
6778,c,52.264769500966956,52.264769500966956
6779,c,52.264769500966956,52.264769500966956
6780,c,52.264769500966956,52.264769500966956
6781,c,52.264769500966956,52.264769500966956
6782,c,52.264769500966956,52.264769500966956
6783,c,52.264769500966956,52.264769500966956
6784,t,52.264769500966956,52.264769500966956
6785,c,52.264769500966956,52.264769500966956
6786,c,52.264769500966956,52.264769500966956
6787,t,52.264769500966956,52.264769500966956
6788,c,52.264769500966956,52.264769500966956
6789,t,52.264769500966956,52.264769500966956
6790,c,52.264769500966956,52.264769500966956
6791,c,52.264769500966956,52.264769500966956
6792,c,52.264769500966956,52.264769500966956
6793,c,52.264769500966956,52.264769500966956
6794,c,52.264769500966956,52.264769500966956
6795,c,52.264769500966956,52.264769500966956
6796,t,52.264769500966956,52.264769500966956
6797,c,52.264769500966956,52.264769500966956
6798,c,52.264769500966956,52.264769500966956
6799,c,52.264769500966956,52.264769500966956
6800,c,52.264769500966956,52.264769500966956
6801,c,52.264769500966956,52.264769500966956
6802,c,52.264769500966956,52.264769500966956
6803,t,52.264769500966956,52.264769500966956
6804,t,52.264769500966956,52.264769500966956
6805,c,14.091590897355395,18.012733242415624
6806,c,52.264769500966956,52.264769500966956
6807,c,52.264769500966956,52.264769500966956
6808,c,52.264769500966956,52.264769500966956
6809,c,52.264769500966956,52.264769500966956
6810,t,52.264769500966956,52.264769500966956
6811,c,52.264769500966956,52.264769500966956
6812,c,52.264769500966956,52.264769500966956
6813,c,52.264769500966956,52.264769500966956
6814,c,52.264769500966956,52.264769500966956
6815,c,52.264769500966956,52.264769500966956
6816,na,0,7.010569453520592
6817,c,52.264769500966956,52.264769500966956
6818,t,52.264769500966956,52.264769500966956
6819,c,52.264769500966956,52.264769500966956
6820,c,52.264769500966956,52.264769500966956
6821,c,52.264769500966956,52.264769500966956
6822,c,52.264769500966956,52.264769500966956
6823,c,52.264769500966956,52.264769500966956
6824,c,52.264769500966956,52.264769500966956
6825,c,52.264769500966956,52.264769500966956
6826,c,52.264769500966956,52.264769500966956
6827,c,52.264769500966956,52.264769500966956
6828,t,52.264769500966956,52.264769500966956
6829,c,52.264769500966956,52.264769500966956
6830,c,52.264769500966956,52.264769500966956
6831,t,52.264769500966956,52.264769500966956
6832,c,52.264769500966956,52.264769500966956
6833,c,52.264769500966956,52.264769500966956
6834,t,52.264769500966956,52.264769500966956
6835,c,52.264769500966956,52.264769500966956
6836,c,52.264769500966956,52.264769500966956
6837,c,52.264769500966956,52.264769500966956
6838,c,52.264769500966956,52.264769500966956
6839,t,52.264769500966956,52.264769500966956
6840,c,52.264769500966956,52.264769500966956
6841,c,6.426508070931237,7.784659341220226
6842,c,52.264769500966956,52.264769500966956
6843,c,52.264769500966956,52.264769500966956
6844,c,52.264769500966956,52.264769500966956
6845,c,52.264769500966956,52.264769500966956
6846,c,52.264769500966956,52.264769500966956
6847,c,52.264769500966956,52.264769500966956
6848,c,52.264769500966956,52.264769500966956
6849,c,52.264769500966956,52.264769500966956
6850,c,52.264769500966956,52.264769500966956
6851,na,0,4.439563303299685
6852,t,52.264769500966956,52.264769500966956
6853,t,52.264769500966956,52.264769500966956
6854,t,52.264769500966956,52.264769500966956
6855,c,52.264769500966956,52.264769500966956
6856,c,52.264769500966956,52.264769500966956
6857,t,52.264769500966956,52.264769500966956
6858,c,52.264769500966956,52.264769500966956
6859,c,52.264769500966956,52.264769500966956
6860,c,52.264769500966956,52.264769500966956
6861,c,52.264769500966956,52.264769500966956
6862,c,52.264769500966956,52.264769500966956
6863,c,9.405363782303152,17.554563453526008
6864,t,52.264769500966956,52.264769500966956
6865,c,52.264769500966956,52.264769500966956
6866,c,52.264769500966956,52.264769500966956
6867,c,52.264769500966956,52.264769500966956
6868,t,52.264769500966956,52.264769500966956
6869,t,52.264769500966956,52.264769500966956
6870,c,52.264769500966956,52.264769500966956
6871,c,52.264769500966956,52.264769500966956
6872,c,52.264769500966956,52.264769500966956
6873,c,52.264769500966956,52.264769500966956
6874,c,52.264769500966956,52.264769500966956
6875,c,52.264769500966956,52.264769500966956
6876,c,52.264769500966956,52.264769500966956
6877,c,52.264769500966956,52.264769500966956
6878,c,52.264769500966956,52.264769500966956
6879,c,52.264769500966956,52.264769500966956
6880,c,52.264769500966956,52.264769500966956
6881,c,52.264769500966956,52.264769500966956
6882,t,52.264769500966956,52.264769500966956
6883,t,52.264769500966956,52.264769500966956
6884,c,52.264769500966956,52.264769500966956
6885,c,52.264769500966956,52.264769500966956
6886,t,52.264769500966956,52.264769500966956
6887,t,52.264769500966956,52.264769500966956
6888,c,52.264769500966956,52.264769500966956
6889,t,52.264769500966956,52.264769500966956
6890,c,52.264769500966956,52.264769500966956
6891,t,52.264769500966956,52.264769500966956
6892,c,52.264769500966956,52.264769500966956
6893,c,52.264769500966956,52.264769500966956
6894,c,52.264769500966956,52.264769500966956
6895,c,52.264769500966956,52.264769500966956
6896,c,52.264769500966956,52.264769500966956
6897,c,52.264769500966956,52.264769500966956
6898,c,52.264769500966956,52.264769500966956
6899,t,52.264769500966956,52.264769500966956
6900,c,52.264769500966956,52.264769500966956
6901,c,52.264769500966956,52.264769500966956
6902,c,52.264769500966956,52.264769500966956
6903,c,52.264769500966956,52.264769500966956
6904,c,52.264769500966956,52.264769500966956
6905,c,52.264769500966956,52.264769500966956
6906,c,52.264769500966956,52.264769500966956
6907,c,52.264769500966956,52.264769500966956
6908,c,52.264769500966956,52.264769500966956
6909,c,52.264769500966956,52.264769500966956
6910,c,52.264769500966956,52.264769500966956
6911,c,52.264769500966956,52.264769500966956
6912,c,52.264769500966956,52.264769500966956
6913,c,52.264769500966956,52.264769500966956
6914,t,52.264769500966956,52.264769500966956
6915,c,52.264769500966956,52.264769500966956
6916,c,52.264769500966956,52.264769500966956
6917,c,52.264769500966956,52.264769500966956
6918,c,52.264769500966956,52.264769500966956
6919,c,7.199876075398154,11.284533844583255
6920,t,52.264769500966956,52.264769500966956
6921,c,52.264769500966956,52.264769500966956
6922,t,52.264769500966956,52.264769500966956
6923,c,52.264769500966956,52.264769500966956
6924,c,52.264769500966956,52.264769500966956
6925,c,52.264769500966956,52.264769500966956
6926,c,52.264769500966956,52.264769500966956
6927,c,52.264769500966956,52.264769500966956
6928,c,52.264769500966956,52.264769500966956
6929,c,52.264769500966956,52.264769500966956
6930,c,52.264769500966956,52.264769500966956
6931,c,8.169780843321794,8.850652791550628
6932,t,52.264769500966956,52.264769500966956
6933,t,52.264769500966956,52.264769500966956
6934,c,52.264769500966956,52.264769500966956
6935,t,52.264769500966956,52.264769500966956
6936,c,52.264769500966956,52.264769500966956
6937,c,52.264769500966956,52.264769500966956
6938,c,52.264769500966956,52.264769500966956
6939,c,52.264769500966956,52.264769500966956
6940,t,52.264769500966956,52.264769500966956
6941,c,52.264769500966956,52.264769500966956
6942,t,52.264769500966956,52.264769500966956
6943,t,52.264769500966956,52.264769500966956
6944,t,52.264769500966956,52.264769500966956
6945,c,52.264769500966956,52.264769500966956
6946,c,52.264769500966956,52.264769500966956
6947,c,52.264769500966956,52.264769500966956
6948,c,52.264769500966956,52.264769500966956
6949,c,52.264769500966956,52.264769500966956
6950,t,52.264769500966956,52.264769500966956
6951,t,52.264769500966956,52.264769500966956
6952,c,52.264769500966956,52.264769500966956
6953,c,5.738600354777635,52.264769500966956
6954,t,52.264769500966956,52.264769500966956
6955,c,52.264769500966956,52.264769500966956
6956,c,52.264769500966956,52.264769500966956
6957,c,52.264769500966956,52.264769500966956
6958,c,52.264769500966956,52.264769500966956
6959,c,52.264769500966956,52.264769500966956
6960,c,52.264769500966956,52.264769500966956
6961,c,3.430658349309793,9.577254158455808
6962,c,52.264769500966956,52.264769500966956
6963,c,52.264769500966956,52.264769500966956
6964,c,52.264769500966956,52.264769500966956
6965,t,52.264769500966956,52.264769500966956
6966,c,52.264769500966956,52.264769500966956
6967,t,52.264769500966956,52.264769500966956
6968,c,7.58161385967102,12.412558535707653
6969,c,52.264769500966956,52.264769500966956
6970,c,52.264769500966956,52.264769500966956
6971,t,52.264769500966956,52.264769500966956
6972,c,52.264769500966956,52.264769500966956
6973,c,52.264769500966956,52.264769500966956
6974,c,52.264769500966956,52.264769500966956
6975,na,4.6961619317479535,12.810717118321387
6976,t,52.264769500966956,52.264769500966956
6977,c,52.264769500966956,52.264769500966956
6978,c,52.264769500966956,52.264769500966956
6979,c,52.264769500966956,52.264769500966956
6980,c,52.264769500966956,52.264769500966956
6981,t,52.264769500966956,52.264769500966956
6982,c,52.264769500966956,52.264769500966956
6983,c,52.264769500966956,52.264769500966956
6984,c,3.6320549553928845,5.761415360177851
6985,c,52.264769500966956,52.264769500966956
6986,c,52.264769500966956,52.264769500966956
6987,c,52.264769500966956,52.264769500966956
6988,c,52.264769500966956,52.264769500966956
6989,c,52.264769500966956,52.264769500966956
6990,c,52.264769500966956,52.264769500966956
6991,t,52.264769500966956,52.264769500966956
6992,t,52.264769500966956,52.264769500966956
6993,c,52.264769500966956,52.264769500966956
6994,c,52.264769500966956,52.264769500966956
6995,c,52.264769500966956,52.264769500966956
6996,c,52.264769500966956,52.264769500966956
6997,c,52.264769500966956,52.264769500966956
6998,c,52.264769500966956,52.264769500966956
6999,c,52.264769500966956,52.264769500966956
7000,t,52.264769500966956,52.264769500966956
7001,c,52.264769500966956,52.264769500966956
7002,c,52.264769500966956,52.264769500966956
7003,c,52.264769500966956,52.264769500966956
7004,c,52.264769500966956,52.264769500966956
7005,c,52.264769500966956,52.264769500966956
7006,c,52.264769500966956,52.264769500966956
7007,c,52.264769500966956,52.264769500966956
7008,c,52.264769500966956,52.264769500966956
7009,c,52.264769500966956,52.264769500966956
7010,c,52.264769500966956,52.264769500966956
7011,c,52.264769500966956,52.264769500966956
7012,c,52.264769500966956,52.264769500966956
7013,c,52.264769500966956,52.264769500966956
7014,c,52.264769500966956,52.264769500966956
7015,t,52.264769500966956,52.264769500966956
7016,c,52.264769500966956,52.264769500966956
7017,c,52.264769500966956,52.264769500966956
7018,t,52.264769500966956,52.264769500966956
7019,c,52.264769500966956,52.264769500966956
7020,t,52.264769500966956,52.264769500966956
7021,c,52.264769500966956,52.264769500966956
7022,c,52.264769500966956,52.264769500966956
7023,t,52.264769500966956,52.264769500966956
7024,c,52.264769500966956,52.264769500966956
7025,c,52.264769500966956,52.264769500966956
7026,c,52.264769500966956,52.264769500966956
7027,c,52.264769500966956,52.264769500966956
7028,c,52.264769500966956,52.264769500966956
7029,c,52.264769500966956,52.264769500966956
7030,c,52.264769500966956,52.264769500966956
7031,t,52.264769500966956,52.264769500966956
7032,c,52.264769500966956,52.264769500966956
7033,c,52.264769500966956,52.264769500966956
7034,c,52.264769500966956,52.264769500966956
7035,t,52.264769500966956,52.264769500966956
7036,c,52.264769500966956,52.264769500966956
7037,c,52.264769500966956,52.264769500966956
7038,c,52.264769500966956,52.264769500966956
7039,c,52.264769500966956,52.264769500966956
7040,c,52.264769500966956,52.264769500966956
7041,t,52.264769500966956,52.264769500966956
7042,c,52.264769500966956,52.264769500966956
7043,c,52.264769500966956,52.264769500966956
7044,c,52.264769500966956,52.264769500966956
7045,c,52.264769500966956,52.264769500966956
7046,t,52.264769500966956,52.264769500966956
7047,t,52.264769500966956,52.264769500966956
7048,c,52.264769500966956,52.264769500966956
7049,t,52.264769500966956,52.264769500966956
7050,t,52.264769500966956,52.264769500966956
7051,c,52.264769500966956,52.264769500966956
7052,c,52.264769500966956,52.264769500966956
7053,c,52.264769500966956,52.264769500966956
7054,c,52.264769500966956,52.264769500966956
7055,c,52.264769500966956,52.264769500966956
7056,c,52.264769500966956,52.264769500966956
7057,c,52.264769500966956,52.264769500966956
7058,c,52.264769500966956,52.264769500966956
7059,t,52.264769500966956,52.264769500966956
7060,c,52.264769500966956,52.264769500966956
7061,c,52.264769500966956,52.264769500966956
7062,c,52.264769500966956,52.264769500966956
7063,c,52.264769500966956,52.264769500966956
7064,c,52.264769500966956,52.264769500966956
7065,c,52.264769500966956,52.264769500966956
7066,c,52.264769500966956,52.264769500966956
7067,t,52.264769500966956,52.264769500966956
7068,c,52.264769500966956,52.264769500966956
7069,c,52.264769500966956,52.264769500966956
7070,c,52.264769500966956,52.264769500966956
7071,c,52.264769500966956,52.264769500966956
7072,c,52.264769500966956,52.264769500966956
7073,c,52.264769500966956,52.264769500966956
7074,c,52.264769500966956,52.264769500966956
7075,c,52.264769500966956,52.264769500966956
7076,c,52.264769500966956,52.264769500966956
7077,c,52.264769500966956,52.264769500966956
7078,c,52.264769500966956,52.264769500966956
7079,c,52.264769500966956,52.264769500966956
7080,c,52.264769500966956,52.264769500966956
7081,c,52.264769500966956,52.264769500966956
7082,c,52.264769500966956,52.264769500966956
7083,c,52.264769500966956,52.264769500966956
7084,c,52.264769500966956,52.264769500966956
7085,c,52.264769500966956,52.264769500966956
7086,c,52.264769500966956,52.264769500966956
7087,t,52.264769500966956,52.264769500966956
7088,t,52.264769500966956,52.264769500966956
7089,c,52.264769500966956,52.264769500966956
7090,t,52.264769500966956,52.264769500966956
7091,c,52.264769500966956,52.264769500966956
7092,c,12.807553448913472,15.365053438561395
7093,t,52.264769500966956,52.264769500966956
7094,t,52.264769500966956,52.264769500966956
7095,c,52.264769500966956,52.264769500966956
7096,c,52.264769500966956,52.264769500966956
7097,c,52.264769500966956,52.264769500966956
7098,c,52.264769500966956,52.264769500966956
7099,t,52.264769500966956,52.264769500966956
7100,t,52.264769500966956,52.264769500966956
7101,t,52.264769500966956,52.264769500966956
7102,c,4.37888655752767,4.493935817374061
7103,t,52.264769500966956,52.264769500966956
7104,c,52.264769500966956,52.264769500966956
7105,c,52.264769500966956,52.264769500966956
7106,c,52.264769500966956,52.264769500966956
7107,c,52.264769500966956,52.264769500966956
7108,t,52.264769500966956,52.264769500966956
7109,c,52.264769500966956,52.264769500966956
7110,c,52.264769500966956,52.264769500966956
7111,c,52.264769500966956,52.264769500966956
7112,c,52.264769500966956,52.264769500966956
7113,t,52.264769500966956,52.264769500966956
7114,t,52.264769500966956,52.264769500966956
7115,t,52.264769500966956,52.264769500966956
7116,c,52.264769500966956,52.264769500966956
7117,c,52.264769500966956,52.264769500966956
7118,na,0,1.8743981207123
7119,c,52.264769500966956,52.264769500966956
7120,c,52.264769500966956,52.264769500966956
7121,c,52.264769500966956,52.264769500966956
7122,c,52.264769500966956,52.264769500966956
7123,c,52.264769500966956,52.264769500966956
7124,c,52.264769500966956,52.264769500966956
7125,c,52.264769500966956,52.264769500966956
7126,c,52.264769500966956,52.264769500966956
7127,t,52.264769500966956,52.264769500966956
7128,c,52.264769500966956,52.264769500966956
7129,c,52.264769500966956,52.264769500966956
7130,c,52.264769500966956,52.264769500966956
7131,c,52.264769500966956,52.264769500966956
7132,c,52.264769500966956,52.264769500966956
7133,c,52.264769500966956,52.264769500966956
7134,c,52.264769500966956,52.264769500966956
7135,t,52.264769500966956,52.264769500966956
7136,c,52.264769500966956,52.264769500966956
7137,c,52.264769500966956,52.264769500966956
7138,c,52.264769500966956,52.264769500966956
7139,c,52.264769500966956,52.264769500966956
7140,c,52.264769500966956,52.264769500966956
7141,t,52.264769500966956,52.264769500966956
7142,t,52.264769500966956,52.264769500966956
7143,c,52.264769500966956,52.264769500966956
7144,t,52.264769500966956,52.264769500966956
7145,c,52.264769500966956,52.264769500966956
7146,c,52.264769500966956,52.264769500966956
7147,c,52.264769500966956,52.264769500966956
7148,t,52.264769500966956,52.264769500966956
7149,c,52.264769500966956,52.264769500966956
7150,c,52.264769500966956,52.264769500966956
7151,c,52.264769500966956,52.264769500966956
7152,c,52.264769500966956,52.264769500966956
7153,c,52.264769500966956,52.264769500966956
7154,c,52.264769500966956,52.264769500966956
7155,c,52.264769500966956,52.264769500966956
7156,c,52.264769500966956,52.264769500966956
7157,t,52.264769500966956,52.264769500966956
7158,c,52.264769500966956,52.264769500966956
7159,c,52.264769500966956,52.264769500966956
7160,c,52.264769500966956,52.264769500966956
7161,c,52.264769500966956,52.264769500966956
7162,c,52.264769500966956,52.264769500966956
7163,c,52.264769500966956,52.264769500966956
7164,c,52.264769500966956,52.264769500966956
7165,c,52.264769500966956,52.264769500966956
7166,c,52.264769500966956,52.264769500966956
7167,c,52.264769500966956,52.264769500966956
7168,c,52.264769500966956,52.264769500966956
7169,c,52.264769500966956,52.264769500966956
7170,t,52.264769500966956,52.264769500966956
7171,c,52.264769500966956,52.264769500966956
7172,t,52.264769500966956,52.264769500966956
7173,c,52.264769500966956,52.264769500966956
7174,c,52.264769500966956,52.264769500966956
7175,c,52.264769500966956,52.264769500966956
7176,t,52.264769500966956,52.264769500966956
7177,c,52.264769500966956,52.264769500966956
7178,c,52.264769500966956,52.264769500966956
7179,t,52.264769500966956,52.264769500966956
7180,c,52.264769500966956,52.264769500966956
7181,c,52.264769500966956,52.264769500966956
7182,c,52.264769500966956,52.264769500966956
7183,c,52.264769500966956,52.264769500966956
7184,c,52.264769500966956,52.264769500966956
7185,t,52.264769500966956,52.264769500966956
7186,c,52.264769500966956,52.264769500966956
7187,t,52.264769500966956,52.264769500966956
7188,t,52.264769500966956,52.264769500966956
7189,c,52.264769500966956,52.264769500966956
7190,t,52.264769500966956,52.264769500966956
7191,c,52.264769500966956,52.264769500966956
7192,c,52.264769500966956,52.264769500966956
7193,c,52.264769500966956,52.264769500966956
7194,t,52.264769500966956,52.264769500966956
7195,c,52.264769500966956,52.264769500966956
7196,c,12.700914247241341,23.49195407303641
7197,c,52.264769500966956,52.264769500966956
7198,t,52.264769500966956,52.264769500966956
7199,c,52.264769500966956,52.264769500966956
7200,t,52.264769500966956,52.264769500966956
7201,c,52.264769500966956,52.264769500966956
7202,c,52.264769500966956,52.264769500966956
7203,t,52.264769500966956,52.264769500966956
7204,t,52.264769500966956,52.264769500966956
7205,c,52.264769500966956,52.264769500966956
7206,t,52.264769500966956,52.264769500966956
7207,c,52.264769500966956,52.264769500966956
7208,c,52.264769500966956,52.264769500966956
7209,c,52.264769500966956,52.264769500966956
7210,c,52.264769500966956,52.264769500966956
7211,c,16.7903720006133,24.908785555209654
7212,na,3.6758528577462677,4.15528849230887
7213,c,52.264769500966956,52.264769500966956
7214,c,52.264769500966956,52.264769500966956
7215,c,52.264769500966956,52.264769500966956
7216,c,52.264769500966956,52.264769500966956
7217,c,52.264769500966956,52.264769500966956
7218,c,52.264769500966956,52.264769500966956
7219,c,52.264769500966956,52.264769500966956
7220,c,52.264769500966956,52.264769500966956
7221,c,52.264769500966956,52.264769500966956
7222,c,52.264769500966956,52.264769500966956
7223,c,52.264769500966956,52.264769500966956
7224,na,0,5.625801497439886
7225,c,52.264769500966956,52.264769500966956
7226,t,52.264769500966956,52.264769500966956
7227,c,52.264769500966956,52.264769500966956
7228,c,52.264769500966956,52.264769500966956
7229,t,52.264769500966956,52.264769500966956
7230,c,52.264769500966956,52.264769500966956
7231,c,52.264769500966956,52.264769500966956
7232,c,52.264769500966956,52.264769500966956
7233,c,52.264769500966956,52.264769500966956
7234,c,52.264769500966956,52.264769500966956
7235,c,52.264769500966956,52.264769500966956
7236,t,52.264769500966956,52.264769500966956
7237,c,52.264769500966956,52.264769500966956
7238,c,52.264769500966956,52.264769500966956
7239,c,52.264769500966956,52.264769500966956
7240,c,52.264769500966956,52.264769500966956
7241,c,52.264769500966956,52.264769500966956
7242,c,52.264769500966956,52.264769500966956
7243,t,52.264769500966956,52.264769500966956
7244,c,52.264769500966956,52.264769500966956
7245,t,52.264769500966956,52.264769500966956
7246,c,52.264769500966956,52.264769500966956
7247,c,52.264769500966956,52.264769500966956
7248,c,4.028012310459501,8.63687590144421
7249,t,52.264769500966956,52.264769500966956
7250,c,52.264769500966956,52.264769500966956
7251,c,52.264769500966956,52.264769500966956
7252,c,52.264769500966956,52.264769500966956
7253,c,52.264769500966956,52.264769500966956
7254,c,52.264769500966956,52.264769500966956
7255,c,52.264769500966956,52.264769500966956
7256,c,52.264769500966956,52.264769500966956
7257,c,52.264769500966956,52.264769500966956
7258,c,52.264769500966956,52.264769500966956
7259,c,52.264769500966956,52.264769500966956
7260,c,52.264769500966956,52.264769500966956
7261,c,52.264769500966956,52.264769500966956
7262,c,52.264769500966956,52.264769500966956
7263,c,52.264769500966956,52.264769500966956
7264,c,52.264769500966956,52.264769500966956
7265,c,52.264769500966956,52.264769500966956
7266,c,52.264769500966956,52.264769500966956
7267,c,52.264769500966956,52.264769500966956
7268,c,52.264769500966956,52.264769500966956
7269,c,52.264769500966956,52.264769500966956
7270,c,52.264769500966956,52.264769500966956
7271,t,52.264769500966956,52.264769500966956
7272,c,52.264769500966956,52.264769500966956
7273,c,52.264769500966956,52.264769500966956
7274,c,52.264769500966956,52.264769500966956
7275,c,52.264769500966956,52.264769500966956
7276,c,52.264769500966956,52.264769500966956
7277,c,52.264769500966956,52.264769500966956
7278,c,52.264769500966956,52.264769500966956
7279,c,52.264769500966956,52.264769500966956
7280,c,52.264769500966956,52.264769500966956
7281,t,52.264769500966956,52.264769500966956
7282,c,52.264769500966956,52.264769500966956
7283,c,52.264769500966956,52.264769500966956
7284,t,52.264769500966956,52.264769500966956
7285,c,52.264769500966956,52.264769500966956
7286,c,52.264769500966956,52.264769500966956
7287,c,52.264769500966956,52.264769500966956
7288,c,52.264769500966956,52.264769500966956
7289,c,52.264769500966956,52.264769500966956
7290,c,52.264769500966956,52.264769500966956
7291,t,52.264769500966956,52.264769500966956
7292,c,52.264769500966956,52.264769500966956
7293,c,52.264769500966956,52.264769500966956
7294,c,52.264769500966956,52.264769500966956
7295,c,52.264769500966956,52.264769500966956
7296,c,52.264769500966956,52.264769500966956
7297,c,52.264769500966956,52.264769500966956
7298,c,52.264769500966956,52.264769500966956
7299,c,52.264769500966956,52.264769500966956
7300,c,52.264769500966956,52.264769500966956
7301,c,52.264769500966956,52.264769500966956
7302,t,52.264769500966956,52.264769500966956
7303,c,52.264769500966956,52.264769500966956
7304,c,52.264769500966956,52.264769500966956
7305,c,52.264769500966956,52.264769500966956
7306,c,52.264769500966956,52.264769500966956
7307,c,52.264769500966956,52.264769500966956
7308,c,52.264769500966956,52.264769500966956
7309,c,52.264769500966956,52.264769500966956
7310,c,52.264769500966956,52.264769500966956
7311,c,52.264769500966956,52.264769500966956
7312,c,52.264769500966956,52.264769500966956
7313,c,52.264769500966956,52.264769500966956
7314,c,52.264769500966956,52.264769500966956
7315,t,52.264769500966956,52.264769500966956
7316,c,52.264769500966956,52.264769500966956
7317,c,52.264769500966956,52.264769500966956
7318,t,52.264769500966956,52.264769500966956
7319,c,52.264769500966956,52.264769500966956
7320,c,52.264769500966956,52.264769500966956
7321,c,52.264769500966956,52.264769500966956
7322,c,52.264769500966956,52.264769500966956
7323,t,52.264769500966956,52.264769500966956
7324,c,52.264769500966956,52.264769500966956
7325,c,52.264769500966956,52.264769500966956
7326,c,52.264769500966956,52.264769500966956
7327,c,52.264769500966956,52.264769500966956
7328,c,52.264769500966956,52.264769500966956
7329,c,52.264769500966956,52.264769500966956
7330,c,52.264769500966956,52.264769500966956
7331,c,52.264769500966956,52.264769500966956
7332,t,52.264769500966956,52.264769500966956
7333,c,52.264769500966956,52.264769500966956
7334,t,52.264769500966956,52.264769500966956
7335,c,52.264769500966956,52.264769500966956
7336,c,52.264769500966956,52.264769500966956
7337,c,52.264769500966956,52.264769500966956
7338,c,52.264769500966956,52.264769500966956
7339,c,12.888111090639443,15.341234410433062
7340,c,52.264769500966956,52.264769500966956
7341,t,52.264769500966956,52.264769500966956
7342,c,52.264769500966956,52.264769500966956
7343,t,52.264769500966956,52.264769500966956
7344,c,52.264769500966956,52.264769500966956
7345,c,52.264769500966956,52.264769500966956
7346,c,52.264769500966956,52.264769500966956
7347,c,52.264769500966956,52.264769500966956
7348,t,52.264769500966956,52.264769500966956
7349,c,52.264769500966956,52.264769500966956
7350,c,52.264769500966956,52.264769500966956
7351,c,52.264769500966956,52.264769500966956
7352,t,52.264769500966956,52.264769500966956
7353,t,52.264769500966956,52.264769500966956
7354,c,52.264769500966956,52.264769500966956
7355,c,52.264769500966956,52.264769500966956
7356,t,52.264769500966956,52.264769500966956
7357,c,52.264769500966956,52.264769500966956
7358,t,52.264769500966956,52.264769500966956
7359,c,52.264769500966956,52.264769500966956
7360,t,52.264769500966956,52.264769500966956
7361,c,52.264769500966956,52.264769500966956
7362,t,52.264769500966956,52.264769500966956
7363,c,52.264769500966956,52.264769500966956
7364,c,52.264769500966956,52.264769500966956
7365,t,52.264769500966956,52.264769500966956
7366,c,52.264769500966956,52.264769500966956
7367,c,52.264769500966956,52.264769500966956
7368,c,52.264769500966956,52.264769500966956
7369,c,52.264769500966956,52.264769500966956
7370,c,52.264769500966956,52.264769500966956
7371,c,52.264769500966956,52.264769500966956
7372,c,52.264769500966956,52.264769500966956
7373,c,52.264769500966956,52.264769500966956
7374,c,52.264769500966956,52.264769500966956
7375,na,10.241907351430902,15.483319095226927
7376,c,52.264769500966956,52.264769500966956
7377,c,52.264769500966956,52.264769500966956
7378,c,52.264769500966956,52.264769500966956
7379,t,52.264769500966956,52.264769500966956
7380,c,52.264769500966956,52.264769500966956
7381,c,52.264769500966956,52.264769500966956
7382,c,52.264769500966956,52.264769500966956
7383,t,52.264769500966956,52.264769500966956
7384,c,8.922724793124253,9.235641636333437
7385,c,52.264769500966956,52.264769500966956
7386,c,52.264769500966956,52.264769500966956
7387,c,52.264769500966956,52.264769500966956
7388,c,52.264769500966956,52.264769500966956
7389,c,52.264769500966956,52.264769500966956
7390,c,52.264769500966956,52.264769500966956
7391,c,52.264769500966956,52.264769500966956
7392,c,52.264769500966956,52.264769500966956
7393,c,52.264769500966956,52.264769500966956
7394,c,52.264769500966956,52.264769500966956
7395,c,3.7895706110091734,4.047268621833006
7396,c,52.264769500966956,52.264769500966956
7397,c,52.264769500966956,52.264769500966956
7398,c,52.264769500966956,52.264769500966956
7399,c,52.264769500966956,52.264769500966956
7400,t,52.264769500966956,52.264769500966956
7401,c,52.264769500966956,52.264769500966956
7402,c,52.264769500966956,52.264769500966956
7403,c,52.264769500966956,52.264769500966956
7404,t,52.264769500966956,52.264769500966956
7405,c,52.264769500966956,52.264769500966956
7406,t,52.264769500966956,52.264769500966956
7407,t,52.264769500966956,52.264769500966956
7408,c,52.264769500966956,52.264769500966956
7409,c,52.264769500966956,52.264769500966956
7410,c,52.264769500966956,52.264769500966956
7411,c,52.264769500966956,52.264769500966956
7412,c,52.264769500966956,52.264769500966956
7413,c,52.264769500966956,52.264769500966956
7414,c,52.264769500966956,52.264769500966956
7415,c,52.264769500966956,52.264769500966956
7416,c,52.264769500966956,52.264769500966956
7417,c,52.264769500966956,52.264769500966956
7418,t,52.264769500966956,52.264769500966956
7419,c,52.264769500966956,52.264769500966956
7420,c,52.264769500966956,52.264769500966956
7421,c,52.264769500966956,52.264769500966956
7422,c,52.264769500966956,52.264769500966956
7423,c,52.264769500966956,52.264769500966956
7424,c,52.264769500966956,52.264769500966956
7425,c,52.264769500966956,52.264769500966956
7426,c,52.264769500966956,52.264769500966956
7427,c,52.264769500966956,52.264769500966956
7428,c,52.264769500966956,52.264769500966956
7429,c,52.264769500966956,52.264769500966956
7430,c,52.264769500966956,52.264769500966956
7431,c,52.264769500966956,52.264769500966956
7432,c,52.264769500966956,52.264769500966956
7433,c,52.264769500966956,52.264769500966956
7434,c,52.264769500966956,52.264769500966956
7435,t,52.264769500966956,52.264769500966956
7436,t,52.264769500966956,52.264769500966956
7437,c,52.264769500966956,52.264769500966956
7438,c,52.264769500966956,52.264769500966956
7439,c,52.264769500966956,52.264769500966956
7440,t,52.264769500966956,52.264769500966956
7441,c,52.264769500966956,52.264769500966956
7442,c,52.264769500966956,52.264769500966956
7443,c,1.0349022167807178,4.870474476465441
7444,t,52.264769500966956,52.264769500966956
7445,t,52.264769500966956,52.264769500966956
7446,c,52.264769500966956,52.264769500966956
7447,c,52.264769500966956,52.264769500966956
7448,c,52.264769500966956,52.264769500966956
7449,c,52.264769500966956,52.264769500966956
7450,c,52.264769500966956,52.264769500966956
7451,c,52.264769500966956,52.264769500966956
7452,c,52.264769500966956,52.264769500966956
7453,c,52.264769500966956,52.264769500966956
7454,c,52.264769500966956,52.264769500966956
7455,na,5.415916937496379,52.264769500966956
7456,c,52.264769500966956,52.264769500966956
7457,c,52.264769500966956,52.264769500966956
7458,t,52.264769500966956,52.264769500966956
7459,t,52.264769500966956,52.264769500966956
7460,t,52.264769500966956,52.264769500966956
7461,c,52.264769500966956,52.264769500966956
7462,c,52.264769500966956,52.264769500966956
7463,c,52.264769500966956,52.264769500966956
7464,c,52.264769500966956,52.264769500966956
7465,c,52.264769500966956,52.264769500966956
7466,t,52.264769500966956,52.264769500966956
7467,t,52.264769500966956,52.264769500966956
7468,c,52.264769500966956,52.264769500966956
7469,c,52.264769500966956,52.264769500966956
7470,c,52.264769500966956,52.264769500966956
7471,t,52.264769500966956,52.264769500966956
7472,c,52.264769500966956,52.264769500966956
7473,c,52.264769500966956,52.264769500966956
7474,c,52.264769500966956,52.264769500966956
7475,c,52.264769500966956,52.264769500966956
7476,c,52.264769500966956,52.264769500966956
7477,c,52.264769500966956,52.264769500966956
7478,na,5.579330963179286,6.926932211983867
7479,t,52.264769500966956,52.264769500966956
7480,c,52.264769500966956,52.264769500966956
7481,c,52.264769500966956,52.264769500966956
7482,c,13.287313626375612,22.590552910652825
7483,t,52.264769500966956,52.264769500966956
7484,c,52.264769500966956,52.264769500966956
7485,c,52.264769500966956,52.264769500966956
7486,c,52.264769500966956,52.264769500966956
7487,c,52.264769500966956,52.264769500966956
7488,c,52.264769500966956,52.264769500966956
7489,c,52.264769500966956,52.264769500966956
7490,t,52.264769500966956,52.264769500966956
7491,c,52.264769500966956,52.264769500966956
7492,c,52.264769500966956,52.264769500966956
7493,t,52.264769500966956,52.264769500966956
7494,c,52.264769500966956,52.264769500966956
7495,c,52.264769500966956,52.264769500966956
7496,t,52.264769500966956,52.264769500966956
7497,c,52.264769500966956,52.264769500966956
7498,c,52.264769500966956,52.264769500966956
7499,c,52.264769500966956,52.264769500966956
7500,c,16.730720135745933,23.56608955810679
7501,c,52.264769500966956,52.264769500966956
7502,c,52.264769500966956,52.264769500966956
7503,c,52.264769500966956,52.264769500966956
7504,c,52.264769500966956,52.264769500966956
7505,c,52.264769500966956,52.264769500966956
7506,c,52.264769500966956,52.264769500966956
7507,c,52.264769500966956,52.264769500966956
7508,c,52.264769500966956,52.264769500966956
7509,c,52.264769500966956,52.264769500966956
7510,c,52.264769500966956,52.264769500966956
7511,t,52.264769500966956,52.264769500966956
7512,c,52.264769500966956,52.264769500966956
7513,t,52.264769500966956,52.264769500966956
7514,c,52.264769500966956,52.264769500966956
7515,c,52.264769500966956,52.264769500966956
7516,c,52.264769500966956,52.264769500966956
7517,c,52.264769500966956,52.264769500966956
7518,c,52.264769500966956,52.264769500966956
7519,c,52.264769500966956,52.264769500966956
7520,c,52.264769500966956,52.264769500966956
7521,c,52.264769500966956,52.264769500966956
7522,c,52.264769500966956,52.264769500966956
7523,c,52.264769500966956,52.264769500966956
7524,c,52.264769500966956,52.264769500966956
7525,c,52.264769500966956,52.264769500966956
7526,c,52.264769500966956,52.264769500966956
7527,c,52.264769500966956,52.264769500966956
7528,c,52.264769500966956,52.264769500966956
7529,t,52.264769500966956,52.264769500966956
7530,c,52.264769500966956,52.264769500966956
7531,c,52.264769500966956,52.264769500966956
7532,na,0.28361478232924475,10.127735077697329
7533,c,52.264769500966956,52.264769500966956
7534,c,52.264769500966956,52.264769500966956
7535,t,52.264769500966956,52.264769500966956
7536,c,52.264769500966956,52.264769500966956
7537,c,52.264769500966956,52.264769500966956
7538,c,52.264769500966956,52.264769500966956
7539,t,52.264769500966956,52.264769500966956
7540,c,3.1500984046868443,4.1962835817382445
7541,c,52.264769500966956,52.264769500966956
7542,c,52.264769500966956,52.264769500966956
7543,c,52.264769500966956,52.264769500966956
7544,c,52.264769500966956,52.264769500966956
7545,c,52.264769500966956,52.264769500966956
7546,c,52.264769500966956,52.264769500966956
7547,c,52.264769500966956,52.264769500966956
7548,t,52.264769500966956,52.264769500966956
7549,c,52.264769500966956,52.264769500966956
7550,t,52.264769500966956,52.264769500966956
7551,c,52.264769500966956,52.264769500966956
7552,c,52.264769500966956,52.264769500966956
7553,c,52.264769500966956,52.264769500966956
7554,c,52.264769500966956,52.264769500966956
7555,c,52.264769500966956,52.264769500966956
7556,t,52.264769500966956,52.264769500966956
7557,na,3.1606528291890688,52.264769500966956
7558,c,52.264769500966956,52.264769500966956
7559,c,52.264769500966956,52.264769500966956
7560,c,52.264769500966956,52.264769500966956
7561,c,52.264769500966956,52.264769500966956
7562,c,52.264769500966956,52.264769500966956
7563,t,52.264769500966956,52.264769500966956
7564,c,52.264769500966956,52.264769500966956
7565,t,52.264769500966956,52.264769500966956
7566,c,52.264769500966956,52.264769500966956
7567,c,52.264769500966956,52.264769500966956
7568,c,52.264769500966956,52.264769500966956
7569,t,52.264769500966956,52.264769500966956
7570,t,52.264769500966956,52.264769500966956
7571,c,52.264769500966956,52.264769500966956
7572,c,52.264769500966956,52.264769500966956
7573,c,52.264769500966956,52.264769500966956
7574,c,11.850465114550248,14.412812498720163
7575,c,52.264769500966956,52.264769500966956
7576,c,52.264769500966956,52.264769500966956
7577,c,52.264769500966956,52.264769500966956
7578,c,52.264769500966956,52.264769500966956
7579,c,52.264769500966956,52.264769500966956
7580,c,52.264769500966956,52.264769500966956
7581,c,52.264769500966956,52.264769500966956
7582,c,52.264769500966956,52.264769500966956
7583,t,52.264769500966956,52.264769500966956
7584,c,52.264769500966956,52.264769500966956
7585,c,52.264769500966956,52.264769500966956
7586,c,52.264769500966956,52.264769500966956
7587,c,52.264769500966956,52.264769500966956
7588,c,52.264769500966956,52.264769500966956
7589,t,52.264769500966956,52.264769500966956
7590,t,52.264769500966956,52.264769500966956
7591,c,52.264769500966956,52.264769500966956
7592,c,52.264769500966956,52.264769500966956
7593,c,52.264769500966956,52.264769500966956
7594,c,52.264769500966956,52.264769500966956
7595,c,14.076494560237952,15.301866984333357
7596,c,52.264769500966956,52.264769500966956
7597,t,52.264769500966956,52.264769500966956
7598,c,52.264769500966956,52.264769500966956
7599,c,52.264769500966956,52.264769500966956
7600,c,52.264769500966956,52.264769500966956
7601,c,52.264769500966956,52.264769500966956
7602,t,52.264769500966956,52.264769500966956
7603,c,52.264769500966956,52.264769500966956
7604,c,52.264769500966956,52.264769500966956
7605,c,52.264769500966956,52.264769500966956
7606,c,52.264769500966956,52.264769500966956
7607,t,52.264769500966956,52.264769500966956
7608,c,52.264769500966956,52.264769500966956
7609,c,52.264769500966956,52.264769500966956
7610,c,52.264769500966956,52.264769500966956
7611,c,52.264769500966956,52.264769500966956
7612,c,52.264769500966956,52.264769500966956
7613,c,52.264769500966956,52.264769500966956
7614,c,52.264769500966956,52.264769500966956
7615,c,52.264769500966956,52.264769500966956
7616,c,52.264769500966956,52.264769500966956
7617,t,52.264769500966956,52.264769500966956
7618,t,52.264769500966956,52.264769500966956
7619,c,52.264769500966956,52.264769500966956
7620,c,52.264769500966956,52.264769500966956
7621,c,52.264769500966956,52.264769500966956
7622,c,52.264769500966956,52.264769500966956
7623,c,52.264769500966956,52.264769500966956
7624,c,52.264769500966956,52.264769500966956
7625,t,52.264769500966956,52.264769500966956
7626,c,52.264769500966956,52.264769500966956
7627,c,52.264769500966956,52.264769500966956
7628,t,52.264769500966956,52.264769500966956
7629,c,52.264769500966956,52.264769500966956
7630,c,52.264769500966956,52.264769500966956
7631,c,30.237127566403302,33.78793206877281
7632,c,52.264769500966956,52.264769500966956
7633,c,52.264769500966956,52.264769500966956
7634,c,52.264769500966956,52.264769500966956
7635,c,52.264769500966956,52.264769500966956
7636,c,52.264769500966956,52.264769500966956
7637,c,52.264769500966956,52.264769500966956
7638,c,52.264769500966956,52.264769500966956
7639,c,52.264769500966956,52.264769500966956
7640,c,52.264769500966956,52.264769500966956
7641,c,7.611014260122608,9.65333010715955
7642,c,52.264769500966956,52.264769500966956
7643,c,52.264769500966956,52.264769500966956
7644,t,52.264769500966956,52.264769500966956
7645,c,52.264769500966956,52.264769500966956
7646,c,52.264769500966956,52.264769500966956
7647,c,52.264769500966956,52.264769500966956
7648,c,52.264769500966956,52.264769500966956
7649,t,52.264769500966956,52.264769500966956
7650,c,52.264769500966956,52.264769500966956
7651,t,52.264769500966956,52.264769500966956
7652,c,52.264769500966956,52.264769500966956
7653,c,52.264769500966956,52.264769500966956
7654,c,52.264769500966956,52.264769500966956
7655,c,52.264769500966956,52.264769500966956
7656,c,52.264769500966956,52.264769500966956
7657,c,52.264769500966956,52.264769500966956
7658,c,52.264769500966956,52.264769500966956
7659,c,52.264769500966956,52.264769500966956
7660,c,52.264769500966956,52.264769500966956
7661,t,52.264769500966956,52.264769500966956
7662,c,52.264769500966956,52.264769500966956
7663,t,52.264769500966956,52.264769500966956
7664,c,52.264769500966956,52.264769500966956
7665,c,52.264769500966956,52.264769500966956
7666,t,52.264769500966956,52.264769500966956
7667,c,52.264769500966956,52.264769500966956
7668,c,52.264769500966956,52.264769500966956
7669,t,52.264769500966956,52.264769500966956
7670,t,52.264769500966956,52.264769500966956
7671,c,52.264769500966956,52.264769500966956
7672,t,52.264769500966956,52.264769500966956
7673,c,52.264769500966956,52.264769500966956
7674,na,-1,0
7675,c,52.264769500966956,52.264769500966956
7676,c,52.264769500966956,52.264769500966956
7677,c,52.264769500966956,52.264769500966956
7678,c,13.197279609455764,19.798518415750415
7679,c,52.264769500966956,52.264769500966956
7680,c,52.264769500966956,52.264769500966956
7681,c,52.264769500966956,52.264769500966956
7682,c,52.264769500966956,52.264769500966956
7683,c,52.264769500966956,52.264769500966956
7684,t,52.264769500966956,52.264769500966956
7685,t,52.264769500966956,52.264769500966956
7686,t,52.264769500966956,52.264769500966956
7687,c,52.264769500966956,52.264769500966956
7688,c,52.264769500966956,52.264769500966956
7689,c,52.264769500966956,52.264769500966956
7690,c,52.264769500966956,52.264769500966956
7691,na,0,1.2108349539381742
7692,c,52.264769500966956,52.264769500966956
7693,c,52.264769500966956,52.264769500966956
7694,t,52.264769500966956,52.264769500966956
7695,c,52.264769500966956,52.264769500966956
7696,c,52.264769500966956,52.264769500966956
7697,t,52.264769500966956,52.264769500966956
7698,c,52.264769500966956,52.264769500966956
7699,c,52.264769500966956,52.264769500966956
7700,c,52.264769500966956,52.264769500966956
7701,c,52.264769500966956,52.264769500966956
7702,t,52.264769500966956,52.264769500966956
7703,c,52.264769500966956,52.264769500966956
7704,c,52.264769500966956,52.264769500966956
7705,c,52.264769500966956,52.264769500966956
7706,c,52.264769500966956,52.264769500966956
7707,c,52.264769500966956,52.264769500966956
7708,c,52.264769500966956,52.264769500966956
7709,c,52.264769500966956,52.264769500966956
7710,c,52.264769500966956,52.264769500966956
7711,c,52.264769500966956,52.264769500966956
7712,c,52.264769500966956,52.264769500966956
7713,t,52.264769500966956,52.264769500966956
7714,c,52.264769500966956,52.264769500966956
7715,c,52.264769500966956,52.264769500966956
7716,t,52.264769500966956,52.264769500966956
7717,c,52.264769500966956,52.264769500966956
7718,t,52.264769500966956,52.264769500966956
7719,c,52.264769500966956,52.264769500966956
7720,t,52.264769500966956,52.264769500966956
7721,c,52.264769500966956,52.264769500966956
7722,c,52.264769500966956,52.264769500966956
7723,c,52.264769500966956,52.264769500966956
7724,c,52.264769500966956,52.264769500966956
7725,c,52.264769500966956,52.264769500966956
7726,c,52.264769500966956,52.264769500966956
7727,c,52.264769500966956,52.264769500966956
7728,c,52.264769500966956,52.264769500966956
7729,c,52.264769500966956,52.264769500966956
7730,c,52.264769500966956,52.264769500966956
7731,c,52.264769500966956,52.264769500966956
7732,c,52.264769500966956,52.264769500966956
7733,c,52.264769500966956,52.264769500966956
7734,t,52.264769500966956,52.264769500966956
7735,c,52.264769500966956,52.264769500966956
7736,c,52.264769500966956,52.264769500966956
7737,c,52.264769500966956,52.264769500966956
7738,t,52.264769500966956,52.264769500966956
7739,c,52.264769500966956,52.264769500966956
7740,c,52.264769500966956,52.264769500966956
7741,c,52.264769500966956,52.264769500966956
7742,c,52.264769500966956,52.264769500966956
7743,c,52.264769500966956,52.264769500966956
7744,c,52.264769500966956,52.264769500966956
7745,t,52.264769500966956,52.264769500966956
7746,c,52.264769500966956,52.264769500966956
7747,c,23.1998402858551,40.07874725320334
7748,c,52.264769500966956,52.264769500966956
7749,c,52.264769500966956,52.264769500966956
7750,c,52.264769500966956,52.264769500966956
7751,na,0,15.359971550954072
7752,c,52.264769500966956,52.264769500966956
7753,t,52.264769500966956,52.264769500966956
7754,c,52.264769500966956,52.264769500966956
7755,c,52.264769500966956,52.264769500966956
7756,t,52.264769500966956,52.264769500966956
7757,c,52.264769500966956,52.264769500966956
7758,c,52.264769500966956,52.264769500966956
7759,c,52.264769500966956,52.264769500966956
7760,c,52.264769500966956,52.264769500966956
7761,c,52.264769500966956,52.264769500966956
7762,c,52.264769500966956,52.264769500966956
7763,c,52.264769500966956,52.264769500966956
7764,t,52.264769500966956,52.264769500966956
7765,c,52.264769500966956,52.264769500966956
7766,c,52.264769500966956,52.264769500966956
7767,c,52.264769500966956,52.264769500966956
7768,c,52.264769500966956,52.264769500966956
7769,c,52.264769500966956,52.264769500966956
7770,c,52.264769500966956,52.264769500966956
7771,c,52.264769500966956,52.264769500966956
7772,c,52.264769500966956,52.264769500966956
7773,t,52.264769500966956,52.264769500966956
7774,c,52.264769500966956,52.264769500966956
7775,c,52.264769500966956,52.264769500966956
7776,c,52.264769500966956,52.264769500966956
7777,c,52.264769500966956,52.264769500966956
7778,c,52.264769500966956,52.264769500966956
7779,na,0,8.892797603457424
7780,c,52.264769500966956,52.264769500966956
7781,t,52.264769500966956,52.264769500966956
7782,c,52.264769500966956,52.264769500966956
7783,c,52.264769500966956,52.264769500966956
7784,c,52.264769500966956,52.264769500966956
7785,c,52.264769500966956,52.264769500966956
7786,c,52.264769500966956,52.264769500966956
7787,c,52.264769500966956,52.264769500966956
7788,c,3.87034638803157,5.535224252491041
7789,c,52.264769500966956,52.264769500966956
7790,c,52.264769500966956,52.264769500966956
7791,t,52.264769500966956,52.264769500966956
7792,c,52.264769500966956,52.264769500966956
7793,c,52.264769500966956,52.264769500966956
7794,c,52.264769500966956,52.264769500966956
7795,c,52.264769500966956,52.264769500966956
7796,c,52.264769500966956,52.264769500966956
7797,c,52.264769500966956,52.264769500966956
7798,c,52.264769500966956,52.264769500966956
7799,c,52.264769500966956,52.264769500966956
7800,t,52.264769500966956,52.264769500966956
7801,c,11.831020898829093,16.90452962957904
7802,c,52.264769500966956,52.264769500966956
7803,t,52.264769500966956,52.264769500966956
7804,c,52.264769500966956,52.264769500966956
7805,c,52.264769500966956,52.264769500966956
7806,c,52.264769500966956,52.264769500966956
7807,c,52.264769500966956,52.264769500966956
7808,c,52.264769500966956,52.264769500966956
7809,t,52.264769500966956,52.264769500966956
7810,t,52.264769500966956,52.264769500966956
7811,c,52.264769500966956,52.264769500966956
7812,c,52.264769500966956,52.264769500966956
7813,c,52.264769500966956,52.264769500966956
7814,t,52.264769500966956,52.264769500966956
7815,c,52.264769500966956,52.264769500966956
7816,c,52.264769500966956,52.264769500966956
7817,c,52.264769500966956,52.264769500966956
7818,c,52.264769500966956,52.264769500966956
7819,c,52.264769500966956,52.264769500966956
7820,c,52.264769500966956,52.264769500966956
7821,t,52.264769500966956,52.264769500966956
7822,t,52.264769500966956,52.264769500966956
7823,c,52.264769500966956,52.264769500966956
7824,c,52.264769500966956,52.264769500966956
7825,c,52.264769500966956,52.264769500966956
7826,c,52.264769500966956,52.264769500966956
7827,c,52.264769500966956,52.264769500966956
7828,c,52.264769500966956,52.264769500966956
7829,c,52.264769500966956,52.264769500966956
7830,c,52.264769500966956,52.264769500966956
7831,c,52.264769500966956,52.264769500966956
7832,c,52.264769500966956,52.264769500966956
7833,c,52.264769500966956,52.264769500966956
7834,c,52.264769500966956,52.264769500966956
7835,c,52.264769500966956,52.264769500966956
7836,c,6.9532209704728585,7.933560253224799
7837,na,0.0445780860801864,52.264769500966956
7838,c,52.264769500966956,52.264769500966956
7839,t,52.264769500966956,52.264769500966956
7840,c,52.264769500966956,52.264769500966956
7841,c,52.264769500966956,52.264769500966956
7842,c,52.264769500966956,52.264769500966956
7843,c,52.264769500966956,52.264769500966956
7844,c,52.264769500966956,52.264769500966956
7845,c,52.264769500966956,52.264769500966956
7846,c,52.264769500966956,52.264769500966956
7847,c,52.264769500966956,52.264769500966956
7848,c,52.264769500966956,52.264769500966956
7849,c,52.264769500966956,52.264769500966956
7850,c,12.379784458413656,12.762396985488394
7851,c,52.264769500966956,52.264769500966956
7852,c,52.264769500966956,52.264769500966956
7853,c,52.264769500966956,52.264769500966956
7854,c,52.264769500966956,52.264769500966956
7855,c,52.264769500966956,52.264769500966956
7856,c,52.264769500966956,52.264769500966956
7857,c,52.264769500966956,52.264769500966956
7858,c,52.264769500966956,52.264769500966956
7859,c,52.264769500966956,52.264769500966956
7860,c,52.264769500966956,52.264769500966956
7861,t,52.264769500966956,52.264769500966956
7862,c,52.264769500966956,52.264769500966956
7863,c,52.264769500966956,52.264769500966956
7864,c,52.264769500966956,52.264769500966956
7865,c,52.264769500966956,52.264769500966956
7866,t,52.264769500966956,52.264769500966956
7867,c,52.264769500966956,52.264769500966956
7868,c,52.264769500966956,52.264769500966956
7869,c,52.264769500966956,52.264769500966956
7870,t,52.264769500966956,52.264769500966956
7871,t,52.264769500966956,52.264769500966956
7872,t,52.264769500966956,52.264769500966956
7873,c,52.264769500966956,52.264769500966956
7874,c,52.264769500966956,52.264769500966956
7875,t,52.264769500966956,52.264769500966956
7876,t,52.264769500966956,52.264769500966956
7877,c,52.264769500966956,52.264769500966956
7878,c,52.264769500966956,52.264769500966956
7879,c,52.264769500966956,52.264769500966956
7880,c,52.264769500966956,52.264769500966956
7881,c,52.264769500966956,52.264769500966956
7882,c,52.264769500966956,52.264769500966956
7883,c,52.264769500966956,52.264769500966956
7884,c,52.264769500966956,52.264769500966956
7885,t,52.264769500966956,52.264769500966956
7886,c,52.264769500966956,52.264769500966956
7887,c,8.918438846530242,16.383318936233163
7888,c,52.264769500966956,52.264769500966956
7889,t,52.264769500966956,52.264769500966956
7890,na,10.862616417175508,22.570412671025746
7891,c,52.264769500966956,52.264769500966956
7892,c,52.264769500966956,52.264769500966956
7893,t,52.264769500966956,52.264769500966956
7894,t,52.264769500966956,52.264769500966956
7895,c,52.264769500966956,52.264769500966956
7896,c,52.264769500966956,52.264769500966956
7897,c,52.264769500966956,52.264769500966956
7898,c,52.264769500966956,52.264769500966956
7899,c,52.264769500966956,52.264769500966956
7900,c,52.264769500966956,52.264769500966956
7901,c,52.264769500966956,52.264769500966956
7902,t,52.264769500966956,52.264769500966956
7903,c,52.264769500966956,52.264769500966956
7904,c,52.264769500966956,52.264769500966956
7905,t,52.264769500966956,52.264769500966956
7906,t,52.264769500966956,52.264769500966956
7907,c,52.264769500966956,52.264769500966956
7908,c,52.264769500966956,52.264769500966956
7909,c,52.264769500966956,52.264769500966956
7910,c,52.264769500966956,52.264769500966956
7911,c,52.264769500966956,52.264769500966956
7912,c,52.264769500966956,52.264769500966956
7913,c,52.264769500966956,52.264769500966956
7914,c,52.264769500966956,52.264769500966956
7915,c,52.264769500966956,52.264769500966956
7916,t,52.264769500966956,52.264769500966956
7917,c,52.264769500966956,52.264769500966956
7918,c,52.264769500966956,52.264769500966956
7919,c,52.264769500966956,52.264769500966956
7920,c,52.264769500966956,52.264769500966956
7921,t,52.264769500966956,52.264769500966956
7922,c,52.264769500966956,52.264769500966956
7923,c,52.264769500966956,52.264769500966956
7924,c,52.264769500966956,52.264769500966956
7925,c,52.264769500966956,52.264769500966956
7926,c,5.878549370196387,6.877943197919443
7927,c,52.264769500966956,52.264769500966956
7928,t,52.264769500966956,52.264769500966956
7929,c,52.264769500966956,52.264769500966956
7930,t,52.264769500966956,52.264769500966956
7931,t,52.264769500966956,52.264769500966956
7932,c,52.264769500966956,52.264769500966956
7933,t,52.264769500966956,52.264769500966956
7934,c,52.264769500966956,52.264769500966956
7935,t,52.264769500966956,52.264769500966956
7936,c,52.264769500966956,52.264769500966956
7937,c,52.264769500966956,52.264769500966956
7938,t,52.264769500966956,52.264769500966956
7939,c,52.264769500966956,52.264769500966956
7940,c,52.264769500966956,52.264769500966956
7941,t,52.264769500966956,52.264769500966956
7942,c,52.264769500966956,52.264769500966956
7943,c,52.264769500966956,52.264769500966956
7944,t,52.264769500966956,52.264769500966956
7945,c,52.264769500966956,52.264769500966956
7946,c,52.264769500966956,52.264769500966956
7947,c,52.264769500966956,52.264769500966956
7948,c,52.264769500966956,52.264769500966956
7949,t,52.264769500966956,52.264769500966956
7950,t,52.264769500966956,52.264769500966956
7951,c,52.264769500966956,52.264769500966956
7952,t,52.264769500966956,52.264769500966956
7953,c,52.264769500966956,52.264769500966956
7954,c,52.264769500966956,52.264769500966956
7955,c,52.264769500966956,52.264769500966956
7956,c,52.264769500966956,52.264769500966956
7957,c,52.264769500966956,52.264769500966956
7958,t,52.264769500966956,52.264769500966956
7959,t,52.264769500966956,52.264769500966956
7960,t,52.264769500966956,52.264769500966956
7961,c,52.264769500966956,52.264769500966956
7962,t,52.264769500966956,52.264769500966956
7963,t,52.264769500966956,52.264769500966956
7964,t,52.264769500966956,52.264769500966956
7965,c,52.264769500966956,52.264769500966956
7966,c,52.264769500966956,52.264769500966956
7967,c,16.989969978625656,17.136609344654502
7968,c,52.264769500966956,52.264769500966956
7969,t,52.264769500966956,52.264769500966956
7970,c,52.264769500966956,52.264769500966956
7971,c,52.264769500966956,52.264769500966956
7972,c,52.264769500966956,52.264769500966956
7973,c,52.264769500966956,52.264769500966956
7974,t,52.264769500966956,52.264769500966956
7975,t,52.264769500966956,52.264769500966956
7976,c,52.264769500966956,52.264769500966956
7977,c,52.264769500966956,52.264769500966956
7978,c,52.264769500966956,52.264769500966956
7979,c,52.264769500966956,52.264769500966956
7980,c,52.264769500966956,52.264769500966956
7981,c,52.264769500966956,52.264769500966956
7982,c,52.264769500966956,52.264769500966956
7983,c,52.264769500966956,52.264769500966956
7984,c,52.264769500966956,52.264769500966956
7985,c,52.264769500966956,52.264769500966956
7986,c,52.264769500966956,52.264769500966956
7987,c,52.264769500966956,52.264769500966956
7988,c,52.264769500966956,52.264769500966956
7989,c,52.264769500966956,52.264769500966956
7990,t,52.264769500966956,52.264769500966956
7991,c,52.264769500966956,52.264769500966956
7992,c,52.264769500966956,52.264769500966956
7993,c,52.264769500966956,52.264769500966956
7994,c,52.264769500966956,52.264769500966956
7995,c,52.264769500966956,52.264769500966956
7996,t,52.264769500966956,52.264769500966956
7997,c,52.264769500966956,52.264769500966956
7998,c,52.264769500966956,52.264769500966956
7999,c,52.264769500966956,52.264769500966956
8000,c,52.264769500966956,52.264769500966956
8001,c,52.264769500966956,52.264769500966956
8002,c,52.264769500966956,52.264769500966956
8003,c,52.264769500966956,52.264769500966956
8004,c,52.264769500966956,52.264769500966956
8005,c,5.6180683484030665,18.586711205676295
8006,c,52.264769500966956,52.264769500966956
8007,c,9.752046731801613,11.447423342205733
8008,c,52.264769500966956,52.264769500966956
8009,c,52.264769500966956,52.264769500966956
8010,t,52.264769500966956,52.264769500966956
8011,c,52.264769500966956,52.264769500966956
8012,c,52.264769500966956,52.264769500966956
8013,c,52.264769500966956,52.264769500966956
8014,c,52.264769500966956,52.264769500966956
8015,c,6.777322346709617,7.277047147959801
8016,c,52.264769500966956,52.264769500966956
8017,c,52.264769500966956,52.264769500966956
8018,c,52.264769500966956,52.264769500966956
8019,t,52.264769500966956,52.264769500966956
8020,c,52.264769500966956,52.264769500966956
8021,t,52.264769500966956,52.264769500966956
8022,c,52.264769500966956,52.264769500966956
8023,c,52.264769500966956,52.264769500966956
8024,c,52.264769500966956,52.264769500966956
8025,c,52.264769500966956,52.264769500966956
8026,c,9.000486279774966,10.143059867176442
8027,t,52.264769500966956,52.264769500966956
8028,t,52.264769500966956,52.264769500966956
8029,c,52.264769500966956,52.264769500966956
8030,c,52.264769500966956,52.264769500966956
8031,c,52.264769500966956,52.264769500966956
8032,c,52.264769500966956,52.264769500966956
8033,c,52.264769500966956,52.264769500966956
8034,c,52.264769500966956,52.264769500966956
8035,c,52.264769500966956,52.264769500966956
8036,c,52.264769500966956,52.264769500966956
8037,c,52.264769500966956,52.264769500966956
8038,c,52.264769500966956,52.264769500966956
8039,c,52.264769500966956,52.264769500966956
8040,c,52.264769500966956,52.264769500966956
8041,na,2.1012948919792973,5.608593992137321
8042,c,52.264769500966956,52.264769500966956
8043,c,52.264769500966956,52.264769500966956
8044,c,52.264769500966956,52.264769500966956
8045,t,52.264769500966956,52.264769500966956
8046,c,52.264769500966956,52.264769500966956
8047,c,52.264769500966956,52.264769500966956
8048,c,52.264769500966956,52.264769500966956
8049,c,52.264769500966956,52.264769500966956
8050,c,52.264769500966956,52.264769500966956
8051,c,52.264769500966956,52.264769500966956
8052,t,52.264769500966956,52.264769500966956
8053,c,52.264769500966956,52.264769500966956
8054,c,52.264769500966956,52.264769500966956
8055,c,52.264769500966956,52.264769500966956
8056,c,52.264769500966956,52.264769500966956
8057,t,52.264769500966956,52.264769500966956
8058,c,52.264769500966956,52.264769500966956
8059,c,52.264769500966956,52.264769500966956
8060,c,52.264769500966956,52.264769500966956
8061,c,52.264769500966956,52.264769500966956
8062,c,52.264769500966956,52.264769500966956
8063,t,52.264769500966956,52.264769500966956
8064,c,52.264769500966956,52.264769500966956
8065,c,52.264769500966956,52.264769500966956
8066,c,52.264769500966956,52.264769500966956
8067,c,52.264769500966956,52.264769500966956
8068,c,52.264769500966956,52.264769500966956
8069,c,52.264769500966956,52.264769500966956
8070,t,52.264769500966956,52.264769500966956
8071,c,52.264769500966956,52.264769500966956
8072,c,52.264769500966956,52.264769500966956
8073,c,52.264769500966956,52.264769500966956
8074,c,52.264769500966956,52.264769500966956
8075,c,52.264769500966956,52.264769500966956
8076,c,52.264769500966956,52.264769500966956
8077,t,52.264769500966956,52.264769500966956
8078,t,52.264769500966956,52.264769500966956
8079,c,52.264769500966956,52.264769500966956
8080,t,52.264769500966956,52.264769500966956
8081,c,52.264769500966956,52.264769500966956
8082,c,52.264769500966956,52.264769500966956
8083,c,52.264769500966956,52.264769500966956
8084,t,52.264769500966956,52.264769500966956
8085,t,52.264769500966956,52.264769500966956
8086,c,52.264769500966956,52.264769500966956
8087,c,52.264769500966956,52.264769500966956
8088,c,52.264769500966956,52.264769500966956
8089,c,8.792345242324835,12.32821538192299
8090,na,2.1694981544999714,5.0503895752749175
8091,c,52.264769500966956,52.264769500966956
8092,c,52.264769500966956,52.264769500966956
8093,c,52.264769500966956,52.264769500966956
8094,c,52.264769500966956,52.264769500966956
8095,c,52.264769500966956,52.264769500966956
8096,c,52.264769500966956,52.264769500966956
8097,t,52.264769500966956,52.264769500966956
8098,t,52.264769500966956,52.264769500966956
8099,c,52.264769500966956,52.264769500966956
8100,c,52.264769500966956,52.264769500966956
8101,t,52.264769500966956,52.264769500966956
8102,c,52.264769500966956,52.264769500966956
8103,c,52.264769500966956,52.264769500966956
8104,c,52.264769500966956,52.264769500966956
8105,c,52.264769500966956,52.264769500966956
8106,c,52.264769500966956,52.264769500966956
8107,c,52.264769500966956,52.264769500966956
8108,t,52.264769500966956,52.264769500966956
8109,c,52.264769500966956,52.264769500966956
8110,c,52.264769500966956,52.264769500966956
8111,c,52.264769500966956,52.264769500966956
8112,c,12.62408987367269,14.067111705672271
8113,c,52.264769500966956,52.264769500966956
8114,t,52.264769500966956,52.264769500966956
8115,c,52.264769500966956,52.264769500966956
8116,c,52.264769500966956,52.264769500966956
8117,c,52.264769500966956,52.264769500966956
8118,c,52.264769500966956,52.264769500966956
8119,c,52.264769500966956,52.264769500966956
8120,t,52.264769500966956,52.264769500966956
8121,c,52.264769500966956,52.264769500966956
8122,c,52.264769500966956,52.264769500966956
8123,c,48.92357178313317,50.55215491028549
8124,c,52.264769500966956,52.264769500966956
8125,c,52.264769500966956,52.264769500966956
8126,t,52.264769500966956,52.264769500966956
8127,c,52.264769500966956,52.264769500966956
8128,c,52.264769500966956,52.264769500966956
8129,c,52.264769500966956,52.264769500966956
8130,c,52.264769500966956,52.264769500966956
8131,c,52.264769500966956,52.264769500966956
8132,c,52.264769500966956,52.264769500966956
8133,t,52.264769500966956,52.264769500966956
8134,c,52.264769500966956,52.264769500966956
8135,c,52.264769500966956,52.264769500966956
8136,c,52.264769500966956,52.264769500966956
8137,t,52.264769500966956,52.264769500966956
8138,c,52.264769500966956,52.264769500966956
8139,c,52.264769500966956,52.264769500966956
8140,c,52.264769500966956,52.264769500966956
8141,c,52.264769500966956,52.264769500966956
8142,c,52.264769500966956,52.264769500966956
8143,c,52.264769500966956,52.264769500966956
8144,t,52.264769500966956,52.264769500966956
8145,t,52.264769500966956,52.264769500966956
8146,t,52.264769500966956,52.264769500966956
8147,t,52.264769500966956,52.264769500966956
8148,c,52.264769500966956,52.264769500966956
8149,c,52.264769500966956,52.264769500966956
8150,t,52.264769500966956,52.264769500966956
8151,c,52.264769500966956,52.264769500966956
8152,t,52.264769500966956,52.264769500966956
8153,c,52.264769500966956,52.264769500966956
8154,c,52.264769500966956,52.264769500966956
8155,t,52.264769500966956,52.264769500966956
8156,t,52.264769500966956,52.264769500966956
8157,c,52.264769500966956,52.264769500966956
8158,c,52.264769500966956,52.264769500966956
8159,c,52.264769500966956,52.264769500966956
8160,c,52.264769500966956,52.264769500966956
8161,c,52.264769500966956,52.264769500966956
8162,c,52.264769500966956,52.264769500966956
8163,t,52.264769500966956,52.264769500966956
8164,c,52.264769500966956,52.264769500966956
8165,c,52.264769500966956,52.264769500966956
8166,c,52.264769500966956,52.264769500966956
8167,t,52.264769500966956,52.264769500966956
8168,c,52.264769500966956,52.264769500966956
8169,c,52.264769500966956,52.264769500966956
8170,c,52.264769500966956,52.264769500966956
8171,c,52.264769500966956,52.264769500966956
8172,t,52.264769500966956,52.264769500966956
8173,na,-1,0
8174,t,52.264769500966956,52.264769500966956
8175,c,52.264769500966956,52.264769500966956
8176,c,52.264769500966956,52.264769500966956
8177,c,52.264769500966956,52.264769500966956
8178,t,52.264769500966956,52.264769500966956
8179,c,52.264769500966956,52.264769500966956
8180,c,52.264769500966956,52.264769500966956
8181,c,52.264769500966956,52.264769500966956
8182,c,52.264769500966956,52.264769500966956
8183,c,52.264769500966956,52.264769500966956
8184,c,52.264769500966956,52.264769500966956
8185,c,52.264769500966956,52.264769500966956
8186,c,52.264769500966956,52.264769500966956
8187,c,52.264769500966956,52.264769500966956
8188,c,52.264769500966956,52.264769500966956
8189,t,52.264769500966956,52.264769500966956
8190,c,52.264769500966956,52.264769500966956
8191,c,52.264769500966956,52.264769500966956
8192,c,52.264769500966956,52.264769500966956
8193,c,52.264769500966956,52.264769500966956
8194,c,52.264769500966956,52.264769500966956
8195,t,52.264769500966956,52.264769500966956
8196,c,52.264769500966956,52.264769500966956
8197,c,52.264769500966956,52.264769500966956
8198,na,5.064393905565928,9.960192042439024
8199,t,52.264769500966956,52.264769500966956
8200,c,52.264769500966956,52.264769500966956
8201,t,52.264769500966956,52.264769500966956
8202,c,52.264769500966956,52.264769500966956
8203,c,52.264769500966956,52.264769500966956
8204,c,52.264769500966956,52.264769500966956
8205,c,52.264769500966956,52.264769500966956
8206,t,52.264769500966956,52.264769500966956
8207,c,52.264769500966956,52.264769500966956
8208,c,52.264769500966956,52.264769500966956
8209,c,52.264769500966956,52.264769500966956
8210,c,52.264769500966956,52.264769500966956
8211,c,52.264769500966956,52.264769500966956
8212,c,52.264769500966956,52.264769500966956
8213,c,52.264769500966956,52.264769500966956
8214,na,2.7214961594038836,3.8666736787265017
8215,c,52.264769500966956,52.264769500966956
8216,c,52.264769500966956,52.264769500966956
8217,c,52.264769500966956,52.264769500966956
8218,c,52.264769500966956,52.264769500966956
8219,c,52.264769500966956,52.264769500966956
8220,c,52.264769500966956,52.264769500966956
8221,c,52.264769500966956,52.264769500966956
8222,na,-1,0
8223,c,52.264769500966956,52.264769500966956
8224,c,9.91733124315554,52.264769500966956
8225,c,52.264769500966956,52.264769500966956
8226,c,52.264769500966956,52.264769500966956
8227,c,52.264769500966956,52.264769500966956
8228,t,52.264769500966956,52.264769500966956
8229,t,52.264769500966956,52.264769500966956
8230,t,52.264769500966956,52.264769500966956
8231,c,52.264769500966956,52.264769500966956
8232,c,52.264769500966956,52.264769500966956
8233,c,52.264769500966956,52.264769500966956
8234,c,52.264769500966956,52.264769500966956
8235,c,52.264769500966956,52.264769500966956
8236,c,52.264769500966956,52.264769500966956
8237,c,52.264769500966956,52.264769500966956
8238,t,52.264769500966956,52.264769500966956
8239,c,52.264769500966956,52.264769500966956
8240,c,52.264769500966956,52.264769500966956
8241,c,52.264769500966956,52.264769500966956
8242,t,52.264769500966956,52.264769500966956
8243,c,52.264769500966956,52.264769500966956
8244,t,52.264769500966956,52.264769500966956
8245,c,52.264769500966956,52.264769500966956
8246,na,-1,0
8247,c,52.264769500966956,52.264769500966956
8248,t,52.264769500966956,52.264769500966956
8249,c,52.264769500966956,52.264769500966956
8250,c,52.264769500966956,52.264769500966956
8251,c,52.264769500966956,52.264769500966956
8252,c,52.264769500966956,52.264769500966956
8253,c,52.264769500966956,52.264769500966956
8254,t,52.264769500966956,52.264769500966956
8255,c,52.264769500966956,52.264769500966956
8256,c,52.264769500966956,52.264769500966956
8257,c,52.264769500966956,52.264769500966956
8258,c,52.264769500966956,52.264769500966956
8259,c,52.264769500966956,52.264769500966956
8260,c,52.264769500966956,52.264769500966956
8261,c,4.944054883470398,14.913311311580141
8262,t,52.264769500966956,52.264769500966956
8263,c,52.264769500966956,52.264769500966956
8264,t,52.264769500966956,52.264769500966956
8265,c,52.264769500966956,52.264769500966956
8266,c,52.264769500966956,52.264769500966956
8267,c,52.264769500966956,52.264769500966956
8268,c,52.264769500966956,52.264769500966956
8269,c,52.264769500966956,52.264769500966956
8270,c,52.264769500966956,52.264769500966956
8271,c,52.264769500966956,52.264769500966956
8272,c,52.264769500966956,52.264769500966956
8273,t,52.264769500966956,52.264769500966956
8274,c,52.264769500966956,52.264769500966956
8275,t,52.264769500966956,52.264769500966956
8276,c,52.264769500966956,52.264769500966956
8277,c,52.264769500966956,52.264769500966956
8278,c,52.264769500966956,52.264769500966956
8279,c,52.264769500966956,52.264769500966956
8280,c,52.264769500966956,52.264769500966956
8281,c,52.264769500966956,52.264769500966956
8282,c,52.264769500966956,52.264769500966956
8283,c,52.264769500966956,52.264769500966956
8284,c,52.264769500966956,52.264769500966956
8285,c,52.264769500966956,52.264769500966956
8286,c,52.264769500966956,52.264769500966956
8287,c,52.264769500966956,52.264769500966956
8288,c,52.264769500966956,52.264769500966956
8289,na,0.8849924188180266,3.8895612716303773
8290,c,52.264769500966956,52.264769500966956
8291,c,12.588250622793378,52.264769500966956
8292,t,52.264769500966956,52.264769500966956
8293,c,52.264769500966956,52.264769500966956
8294,c,52.264769500966956,52.264769500966956
8295,c,16.87641228719255,26.961967712124878
8296,c,52.264769500966956,52.264769500966956
8297,c,52.264769500966956,52.264769500966956
8298,c,52.264769500966956,52.264769500966956
8299,t,52.264769500966956,52.264769500966956
8300,c,52.264769500966956,52.264769500966956
8301,c,52.264769500966956,52.264769500966956
8302,t,52.264769500966956,52.264769500966956
8303,c,52.264769500966956,52.264769500966956
8304,c,52.264769500966956,52.264769500966956
8305,c,52.264769500966956,52.264769500966956
8306,t,52.264769500966956,52.264769500966956
8307,c,52.264769500966956,52.264769500966956
8308,c,52.264769500966956,52.264769500966956
8309,na,0,0.9531095264439184
8310,t,52.264769500966956,52.264769500966956
8311,t,52.264769500966956,52.264769500966956
8312,t,52.264769500966956,52.264769500966956
8313,c,52.264769500966956,52.264769500966956
8314,c,52.264769500966956,52.264769500966956
8315,c,52.264769500966956,52.264769500966956
8316,t,52.264769500966956,52.264769500966956
8317,c,52.264769500966956,52.264769500966956
8318,c,52.264769500966956,52.264769500966956
8319,c,52.264769500966956,52.264769500966956
8320,c,52.264769500966956,52.264769500966956
8321,c,8.534202094552535,10.477006695301998
8322,t,52.264769500966956,52.264769500966956
8323,c,52.264769500966956,52.264769500966956
8324,t,52.264769500966956,52.264769500966956
8325,t,52.264769500966956,52.264769500966956
8326,c,52.264769500966956,52.264769500966956
8327,t,52.264769500966956,52.264769500966956
8328,c,52.264769500966956,52.264769500966956
8329,c,52.264769500966956,52.264769500966956
8330,c,52.264769500966956,52.264769500966956
8331,c,52.264769500966956,52.264769500966956
8332,c,52.264769500966956,52.264769500966956
8333,c,52.264769500966956,52.264769500966956
8334,c,52.264769500966956,52.264769500966956
8335,c,52.264769500966956,52.264769500966956
8336,t,52.264769500966956,52.264769500966956
8337,c,52.264769500966956,52.264769500966956
8338,c,52.264769500966956,52.264769500966956
8339,c,52.264769500966956,52.264769500966956
8340,c,52.264769500966956,52.264769500966956
8341,c,52.264769500966956,52.264769500966956
8342,c,52.264769500966956,52.264769500966956
8343,c,52.264769500966956,52.264769500966956
8344,c,52.264769500966956,52.264769500966956
8345,c,52.264769500966956,52.264769500966956
8346,c,52.264769500966956,52.264769500966956
8347,c,52.264769500966956,52.264769500966956
8348,c,52.264769500966956,52.264769500966956
8349,c,52.264769500966956,52.264769500966956
8350,c,52.264769500966956,52.264769500966956
8351,c,52.264769500966956,52.264769500966956
8352,c,52.264769500966956,52.264769500966956
8353,c,52.264769500966956,52.264769500966956
8354,c,52.264769500966956,52.264769500966956
8355,c,52.264769500966956,52.264769500966956
8356,c,52.264769500966956,52.264769500966956
8357,c,52.264769500966956,52.264769500966956
8358,c,52.264769500966956,52.264769500966956
8359,t,52.264769500966956,52.264769500966956
8360,c,52.264769500966956,52.264769500966956
8361,t,52.264769500966956,52.264769500966956
8362,t,52.264769500966956,52.264769500966956
8363,c,52.264769500966956,52.264769500966956
8364,c,52.264769500966956,52.264769500966956
8365,t,52.264769500966956,52.264769500966956
8366,c,52.264769500966956,52.264769500966956
8367,t,52.264769500966956,52.264769500966956
8368,c,52.264769500966956,52.264769500966956
8369,c,52.264769500966956,52.264769500966956
8370,c,52.264769500966956,52.264769500966956
8371,t,52.264769500966956,52.264769500966956
8372,t,52.264769500966956,52.264769500966956
8373,t,52.264769500966956,52.264769500966956
8374,c,52.264769500966956,52.264769500966956
8375,c,52.264769500966956,52.264769500966956
8376,c,52.264769500966956,52.264769500966956
8377,t,52.264769500966956,52.264769500966956
8378,c,52.264769500966956,52.264769500966956
8379,c,52.264769500966956,52.264769500966956
8380,c,52.264769500966956,52.264769500966956
8381,c,52.264769500966956,52.264769500966956
8382,c,28.385073667661292,30.660750364079494
8383,c,52.264769500966956,52.264769500966956
8384,c,52.264769500966956,52.264769500966956
8385,c,52.264769500966956,52.264769500966956
8386,c,52.264769500966956,52.264769500966956
8387,c,52.264769500966956,52.264769500966956
8388,c,52.264769500966956,52.264769500966956
8389,c,52.264769500966956,52.264769500966956
8390,c,52.264769500966956,52.264769500966956
8391,c,52.264769500966956,52.264769500966956
8392,c,52.264769500966956,52.264769500966956
8393,t,52.264769500966956,52.264769500966956
8394,t,52.264769500966956,52.264769500966956
8395,t,52.264769500966956,52.264769500966956
8396,c,52.264769500966956,52.264769500966956
8397,c,52.264769500966956,52.264769500966956
8398,t,52.264769500966956,52.264769500966956
8399,t,52.264769500966956,52.264769500966956
8400,c,52.264769500966956,52.264769500966956
8401,c,52.264769500966956,52.264769500966956
8402,t,52.264769500966956,52.264769500966956
8403,c,52.264769500966956,52.264769500966956
8404,c,52.264769500966956,52.264769500966956
8405,c,52.264769500966956,52.264769500966956
8406,c,52.264769500966956,52.264769500966956
8407,c,52.264769500966956,52.264769500966956
8408,c,52.264769500966956,52.264769500966956
8409,c,52.264769500966956,52.264769500966956
8410,c,52.264769500966956,52.264769500966956
8411,c,52.264769500966956,52.264769500966956
8412,c,52.264769500966956,52.264769500966956
8413,t,52.264769500966956,52.264769500966956
8414,c,52.264769500966956,52.264769500966956
8415,c,52.264769500966956,52.264769500966956
8416,c,52.264769500966956,52.264769500966956
8417,c,52.264769500966956,52.264769500966956
8418,c,52.264769500966956,52.264769500966956
8419,t,52.264769500966956,52.264769500966956
8420,c,52.264769500966956,52.264769500966956
8421,na,4.289110727378316,7.631149768390083
8422,c,15.642628850487206,20.715942118470096
8423,t,52.264769500966956,52.264769500966956
8424,t,52.264769500966956,52.264769500966956
8425,t,52.264769500966956,52.264769500966956
8426,c,52.264769500966956,52.264769500966956
8427,t,52.264769500966956,52.264769500966956
8428,t,52.264769500966956,52.264769500966956
8429,na,0,1.0434549727231173
8430,t,52.264769500966956,52.264769500966956
8431,c,52.264769500966956,52.264769500966956
8432,c,52.264769500966956,52.264769500966956
8433,c,52.264769500966956,52.264769500966956
8434,t,52.264769500966956,52.264769500966956
8435,t,52.264769500966956,52.264769500966956
8436,c,52.264769500966956,52.264769500966956
8437,c,52.264769500966956,52.264769500966956
8438,t,52.264769500966956,52.264769500966956
8439,c,52.264769500966956,52.264769500966956
8440,c,52.264769500966956,52.264769500966956
8441,t,52.264769500966956,52.264769500966956
8442,c,52.264769500966956,52.264769500966956
8443,c,52.264769500966956,52.264769500966956
8444,c,52.264769500966956,52.264769500966956
8445,c,52.264769500966956,52.264769500966956
8446,t,52.264769500966956,52.264769500966956
8447,t,52.264769500966956,52.264769500966956
8448,t,52.264769500966956,52.264769500966956
8449,t,52.264769500966956,52.264769500966956
8450,c,52.264769500966956,52.264769500966956
8451,t,52.264769500966956,52.264769500966956
8452,c,52.264769500966956,52.264769500966956
8453,t,52.264769500966956,52.264769500966956
8454,c,52.264769500966956,52.264769500966956
8455,c,52.264769500966956,52.264769500966956
8456,c,52.264769500966956,52.264769500966956
8457,c,3.2725167058694153,15.264131369520864
8458,c,52.264769500966956,52.264769500966956
8459,t,52.264769500966956,52.264769500966956
8460,c,52.264769500966956,52.264769500966956
8461,c,52.264769500966956,52.264769500966956
8462,c,52.264769500966956,52.264769500966956
8463,c,52.264769500966956,52.264769500966956
8464,c,52.264769500966956,52.264769500966956
8465,c,52.264769500966956,52.264769500966956
8466,c,52.264769500966956,52.264769500966956
8467,c,52.264769500966956,52.264769500966956
8468,t,52.264769500966956,52.264769500966956
8469,c,52.264769500966956,52.264769500966956
8470,c,52.264769500966956,52.264769500966956
8471,c,52.264769500966956,52.264769500966956
8472,c,52.264769500966956,52.264769500966956
8473,c,20.2689142702962,30.324615808776482
8474,c,52.264769500966956,52.264769500966956
8475,c,52.264769500966956,52.264769500966956
8476,c,52.264769500966956,52.264769500966956
8477,c,52.264769500966956,52.264769500966956
8478,c,52.264769500966956,52.264769500966956
8479,c,52.264769500966956,52.264769500966956
8480,c,52.264769500966956,52.264769500966956
8481,na,52.264769500966956,52.264769500966956
8482,t,52.264769500966956,52.264769500966956
8483,c,52.264769500966956,52.264769500966956
8484,c,52.264769500966956,52.264769500966956
8485,c,52.264769500966956,52.264769500966956
8486,t,52.264769500966956,52.264769500966956
8487,c,52.264769500966956,52.264769500966956
8488,c,52.264769500966956,52.264769500966956
8489,c,52.264769500966956,52.264769500966956
8490,t,52.264769500966956,52.264769500966956
8491,c,52.264769500966956,52.264769500966956
8492,na,-1,0
8493,c,52.264769500966956,52.264769500966956
8494,t,52.264769500966956,52.264769500966956
8495,c,52.264769500966956,52.264769500966956
8496,c,52.264769500966956,52.264769500966956
8497,c,52.264769500966956,52.264769500966956
8498,c,52.264769500966956,52.264769500966956
8499,c,52.264769500966956,52.264769500966956
8500,c,52.264769500966956,52.264769500966956
8501,t,52.264769500966956,52.264769500966956
8502,c,52.264769500966956,52.264769500966956
8503,c,52.264769500966956,52.264769500966956
8504,c,52.264769500966956,52.264769500966956
8505,c,52.264769500966956,52.264769500966956
8506,c,52.264769500966956,52.264769500966956
8507,c,52.264769500966956,52.264769500966956
8508,c,52.264769500966956,52.264769500966956
8509,c,52.264769500966956,52.264769500966956
8510,c,52.264769500966956,52.264769500966956
8511,c,52.264769500966956,52.264769500966956
8512,t,52.264769500966956,52.264769500966956
8513,t,52.264769500966956,52.264769500966956
8514,c,52.264769500966956,52.264769500966956
8515,t,52.264769500966956,52.264769500966956
8516,t,52.264769500966956,52.264769500966956
8517,c,52.264769500966956,52.264769500966956
8518,c,52.264769500966956,52.264769500966956
8519,t,52.264769500966956,52.264769500966956
8520,c,52.264769500966956,52.264769500966956
8521,c,52.264769500966956,52.264769500966956
8522,t,52.264769500966956,52.264769500966956
8523,c,52.264769500966956,52.264769500966956
8524,c,52.264769500966956,52.264769500966956
8525,c,52.264769500966956,52.264769500966956
8526,c,52.264769500966956,52.264769500966956
8527,c,52.264769500966956,52.264769500966956
8528,c,52.264769500966956,52.264769500966956
8529,c,52.264769500966956,52.264769500966956
8530,c,52.264769500966956,52.264769500966956
8531,c,52.264769500966956,52.264769500966956
8532,c,52.264769500966956,52.264769500966956
8533,c,52.264769500966956,52.264769500966956
8534,c,52.264769500966956,52.264769500966956
8535,c,17.137061154316314,17.612573537349228
8536,c,52.264769500966956,52.264769500966956
8537,t,52.264769500966956,52.264769500966956
8538,c,3.0310847247437795,52.264769500966956
8539,c,52.264769500966956,52.264769500966956
8540,c,52.264769500966956,52.264769500966956
8541,c,52.264769500966956,52.264769500966956
8542,t,52.264769500966956,52.264769500966956
8543,t,52.264769500966956,52.264769500966956
8544,c,2.016038051379732,6.16619300806137
8545,c,52.264769500966956,52.264769500966956
8546,c,52.264769500966956,52.264769500966956
8547,c,52.264769500966956,52.264769500966956
8548,c,52.264769500966956,52.264769500966956
8549,c,14.50896037649375,15.765357702871066
8550,c,52.264769500966956,52.264769500966956
8551,c,52.264769500966956,52.264769500966956
8552,c,52.264769500966956,52.264769500966956
8553,c,52.264769500966956,52.264769500966956
8554,t,52.264769500966956,52.264769500966956
8555,c,52.264769500966956,52.264769500966956
8556,c,52.264769500966956,52.264769500966956
8557,c,52.264769500966956,52.264769500966956
8558,c,52.264769500966956,52.264769500966956
8559,t,52.264769500966956,52.264769500966956
8560,c,52.264769500966956,52.264769500966956
8561,c,52.264769500966956,52.264769500966956
8562,c,52.264769500966956,52.264769500966956
8563,c,52.264769500966956,52.264769500966956
8564,c,52.264769500966956,52.264769500966956
8565,t,52.264769500966956,52.264769500966956
8566,c,52.264769500966956,52.264769500966956
8567,na,0,2.4098513918334783
8568,c,52.264769500966956,52.264769500966956
8569,c,52.264769500966956,52.264769500966956
8570,t,52.264769500966956,52.264769500966956
8571,c,52.264769500966956,52.264769500966956
8572,c,52.264769500966956,52.264769500966956
8573,t,52.264769500966956,52.264769500966956
8574,c,52.264769500966956,52.264769500966956
8575,c,52.264769500966956,52.264769500966956
8576,c,52.264769500966956,52.264769500966956
8577,c,52.264769500966956,52.264769500966956
8578,c,52.264769500966956,52.264769500966956
8579,na,0,11.20291801894895
8580,c,52.264769500966956,52.264769500966956
8581,c,52.264769500966956,52.264769500966956
8582,c,52.264769500966956,52.264769500966956
8583,c,52.264769500966956,52.264769500966956
8584,c,52.264769500966956,52.264769500966956
8585,t,52.264769500966956,52.264769500966956
8586,c,52.264769500966956,52.264769500966956
8587,c,52.264769500966956,52.264769500966956
8588,c,52.264769500966956,52.264769500966956
8589,na,0,3.782481316536731
8590,c,52.264769500966956,52.264769500966956
8591,c,52.264769500966956,52.264769500966956
8592,c,52.264769500966956,52.264769500966956
8593,c,52.264769500966956,52.264769500966956
8594,c,52.264769500966956,52.264769500966956
8595,c,52.264769500966956,52.264769500966956
8596,t,52.264769500966956,52.264769500966956
8597,t,52.264769500966956,52.264769500966956
8598,c,52.264769500966956,52.264769500966956
8599,c,28.989682149645404,33.408003466730705
8600,c,52.264769500966956,52.264769500966956
8601,c,52.264769500966956,52.264769500966956
8602,c,52.264769500966956,52.264769500966956
8603,c,52.264769500966956,52.264769500966956
8604,t,52.264769500966956,52.264769500966956
8605,c,52.264769500966956,52.264769500966956
8606,t,52.264769500966956,52.264769500966956
8607,c,52.264769500966956,52.264769500966956
8608,c,52.264769500966956,52.264769500966956
8609,t,52.264769500966956,52.264769500966956
8610,c,52.264769500966956,52.264769500966956
8611,c,52.264769500966956,52.264769500966956
8612,c,52.264769500966956,52.264769500966956
8613,t,52.264769500966956,52.264769500966956
8614,c,52.264769500966956,52.264769500966956
8615,c,52.264769500966956,52.264769500966956
8616,c,52.264769500966956,52.264769500966956
8617,c,52.264769500966956,52.264769500966956
8618,c,52.264769500966956,52.264769500966956
8619,t,52.264769500966956,52.264769500966956
8620,c,52.264769500966956,52.264769500966956
8621,c,52.264769500966956,52.264769500966956
8622,c,52.264769500966956,52.264769500966956
8623,t,52.264769500966956,52.264769500966956
8624,c,52.264769500966956,52.264769500966956
8625,t,52.264769500966956,52.264769500966956
8626,c,52.264769500966956,52.264769500966956
8627,c,52.264769500966956,52.264769500966956
8628,c,52.264769500966956,52.264769500966956
8629,c,52.264769500966956,52.264769500966956
8630,c,52.264769500966956,52.264769500966956
8631,t,52.264769500966956,52.264769500966956
8632,c,52.264769500966956,52.264769500966956
8633,c,52.264769500966956,52.264769500966956
8634,c,52.264769500966956,52.264769500966956
8635,c,52.264769500966956,52.264769500966956
8636,t,52.264769500966956,52.264769500966956
8637,c,52.264769500966956,52.264769500966956
8638,t,52.264769500966956,52.264769500966956
8639,t,52.264769500966956,52.264769500966956
8640,c,2.6739860539160403,3.5621048912839512
8641,c,52.264769500966956,52.264769500966956
8642,c,52.264769500966956,52.264769500966956
8643,c,19.239982843563247,19.617454563811428
8644,c,52.264769500966956,52.264769500966956
8645,c,52.264769500966956,52.264769500966956
8646,c,52.264769500966956,52.264769500966956
8647,c,52.264769500966956,52.264769500966956
8648,c,52.264769500966956,52.264769500966956
8649,c,52.264769500966956,52.264769500966956
8650,c,52.264769500966956,52.264769500966956
8651,c,52.264769500966956,52.264769500966956
8652,t,52.264769500966956,52.264769500966956
8653,na,-1,0
8654,c,52.264769500966956,52.264769500966956
8655,c,52.264769500966956,52.264769500966956
8656,t,52.264769500966956,52.264769500966956
8657,c,52.264769500966956,52.264769500966956
8658,t,52.264769500966956,52.264769500966956
8659,c,52.264769500966956,52.264769500966956
8660,c,52.264769500966956,52.264769500966956
8661,c,52.264769500966956,52.264769500966956
8662,c,52.264769500966956,52.264769500966956
8663,t,52.264769500966956,52.264769500966956
8664,c,52.264769500966956,52.264769500966956
8665,c,12.583261578983786,14.154465044151742
8666,t,52.264769500966956,52.264769500966956
8667,c,52.264769500966956,52.264769500966956
8668,c,52.264769500966956,52.264769500966956
8669,c,52.264769500966956,52.264769500966956
8670,t,52.264769500966956,52.264769500966956
8671,c,52.264769500966956,52.264769500966956
8672,c,52.264769500966956,52.264769500966956
8673,c,52.264769500966956,52.264769500966956
8674,c,52.264769500966956,52.264769500966956
8675,c,52.264769500966956,52.264769500966956
8676,c,52.264769500966956,52.264769500966956
8677,na,0,0.5666031937891828
8678,c,52.264769500966956,52.264769500966956
8679,c,52.264769500966956,52.264769500966956
8680,c,52.264769500966956,52.264769500966956
8681,c,52.264769500966956,52.264769500966956
8682,c,52.264769500966956,52.264769500966956
8683,c,52.264769500966956,52.264769500966956
8684,c,52.264769500966956,52.264769500966956
8685,c,52.264769500966956,52.264769500966956
8686,c,52.264769500966956,52.264769500966956
8687,t,52.264769500966956,52.264769500966956
8688,c,52.264769500966956,52.264769500966956
8689,t,52.264769500966956,52.264769500966956
8690,c,52.264769500966956,52.264769500966956
8691,t,52.264769500966956,52.264769500966956
8692,c,52.264769500966956,52.264769500966956
8693,na,3.806979328997067,5.740109361916723
8694,c,52.264769500966956,52.264769500966956
8695,t,52.264769500966956,52.264769500966956
8696,c,52.264769500966956,52.264769500966956
8697,c,52.264769500966956,52.264769500966956
8698,t,52.264769500966956,52.264769500966956
8699,c,52.264769500966956,52.264769500966956
8700,c,52.264769500966956,52.264769500966956
8701,t,52.264769500966956,52.264769500966956
8702,t,52.264769500966956,52.264769500966956
8703,c,52.264769500966956,52.264769500966956
8704,t,52.264769500966956,52.264769500966956
8705,c,52.264769500966956,52.264769500966956
8706,c,52.264769500966956,52.264769500966956
8707,c,52.264769500966956,52.264769500966956
8708,t,52.264769500966956,52.264769500966956
8709,c,16.161780402188636,23.13067823794037
8710,c,52.264769500966956,52.264769500966956
8711,c,52.264769500966956,52.264769500966956
8712,t,52.264769500966956,52.264769500966956
8713,c,52.264769500966956,52.264769500966956
8714,c,52.264769500966956,52.264769500966956
8715,c,52.264769500966956,52.264769500966956
8716,c,52.264769500966956,52.264769500966956
8717,c,52.264769500966956,52.264769500966956
8718,t,52.264769500966956,52.264769500966956
8719,c,52.264769500966956,52.264769500966956
8720,c,52.264769500966956,52.264769500966956
8721,c,52.264769500966956,52.264769500966956
8722,c,52.264769500966956,52.264769500966956
8723,t,52.264769500966956,52.264769500966956
8724,t,52.264769500966956,52.264769500966956
8725,t,52.264769500966956,52.264769500966956
8726,c,52.264769500966956,52.264769500966956
8727,c,52.264769500966956,52.264769500966956
8728,c,14.62280125561753,29.417635765611134
8729,c,52.264769500966956,52.264769500966956
8730,t,52.264769500966956,52.264769500966956
8731,c,52.264769500966956,52.264769500966956
8732,c,52.264769500966956,52.264769500966956
8733,c,52.264769500966956,52.264769500966956
8734,c,52.264769500966956,52.264769500966956
8735,c,52.264769500966956,52.264769500966956
8736,c,52.264769500966956,52.264769500966956
8737,c,52.264769500966956,52.264769500966956
8738,c,52.264769500966956,52.264769500966956
8739,c,52.264769500966956,52.264769500966956
8740,t,52.264769500966956,52.264769500966956
8741,c,52.264769500966956,52.264769500966956
8742,c,52.264769500966956,52.264769500966956
8743,c,52.264769500966956,52.264769500966956
8744,t,52.264769500966956,52.264769500966956
8745,c,52.264769500966956,52.264769500966956
8746,c,52.264769500966956,52.264769500966956
8747,c,52.264769500966956,52.264769500966956
8748,t,52.264769500966956,52.264769500966956
8749,t,52.264769500966956,52.264769500966956
8750,c,52.264769500966956,52.264769500966956
8751,c,52.264769500966956,52.264769500966956
8752,c,52.264769500966956,52.264769500966956
8753,c,52.264769500966956,52.264769500966956
8754,c,52.264769500966956,52.264769500966956
8755,c,52.264769500966956,52.264769500966956
8756,c,52.264769500966956,52.264769500966956
8757,t,52.264769500966956,52.264769500966956
8758,c,52.264769500966956,52.264769500966956
8759,c,52.264769500966956,52.264769500966956
8760,c,52.264769500966956,52.264769500966956
8761,t,52.264769500966956,52.264769500966956
8762,t,52.264769500966956,52.264769500966956
8763,c,52.264769500966956,52.264769500966956
8764,t,52.264769500966956,52.264769500966956
8765,c,52.264769500966956,52.264769500966956
8766,c,52.264769500966956,52.264769500966956
8767,c,52.264769500966956,52.264769500966956
8768,c,52.264769500966956,52.264769500966956
8769,c,52.264769500966956,52.264769500966956
8770,c,52.264769500966956,52.264769500966956
8771,c,52.264769500966956,52.264769500966956
8772,c,52.264769500966956,52.264769500966956
8773,c,52.264769500966956,52.264769500966956
8774,c,52.264769500966956,52.264769500966956
8775,t,52.264769500966956,52.264769500966956
8776,c,52.264769500966956,52.264769500966956
8777,c,52.264769500966956,52.264769500966956
8778,t,52.264769500966956,52.264769500966956
8779,c,52.264769500966956,52.264769500966956
8780,c,52.264769500966956,52.264769500966956
8781,c,52.264769500966956,52.264769500966956
8782,t,52.264769500966956,52.264769500966956
8783,c,52.264769500966956,52.264769500966956
8784,c,52.264769500966956,52.264769500966956
8785,t,52.264769500966956,52.264769500966956
8786,c,52.264769500966956,52.264769500966956
8787,c,52.264769500966956,52.264769500966956
8788,c,11.127480259485932,11.787937658868103
8789,c,52.264769500966956,52.264769500966956
8790,c,52.264769500966956,52.264769500966956
8791,c,52.264769500966956,52.264769500966956
8792,c,52.264769500966956,52.264769500966956
8793,c,52.264769500966956,52.264769500966956
8794,c,52.264769500966956,52.264769500966956
8795,t,52.264769500966956,52.264769500966956
8796,c,52.264769500966956,52.264769500966956
8797,c,52.264769500966956,52.264769500966956
8798,c,52.264769500966956,52.264769500966956
8799,t,52.264769500966956,52.264769500966956
8800,c,52.264769500966956,52.264769500966956
8801,c,52.264769500966956,52.264769500966956
8802,c,52.264769500966956,52.264769500966956
8803,c,52.264769500966956,52.264769500966956
8804,c,52.264769500966956,52.264769500966956
8805,c,10.873120044544851,13.541221023127758
8806,c,52.264769500966956,52.264769500966956
8807,c,52.264769500966956,52.264769500966956
8808,c,52.264769500966956,52.264769500966956
8809,c,52.264769500966956,52.264769500966956
8810,c,52.264769500966956,52.264769500966956
8811,c,52.264769500966956,52.264769500966956
8812,c,52.264769500966956,52.264769500966956
8813,c,52.264769500966956,52.264769500966956
8814,t,52.264769500966956,52.264769500966956
8815,c,52.264769500966956,52.264769500966956
8816,c,52.264769500966956,52.264769500966956
8817,c,52.264769500966956,52.264769500966956
8818,t,52.264769500966956,52.264769500966956
8819,c,52.264769500966956,52.264769500966956
8820,t,52.264769500966956,52.264769500966956
8821,c,52.264769500966956,52.264769500966956
8822,c,52.264769500966956,52.264769500966956
8823,t,52.264769500966956,52.264769500966956
8824,t,52.264769500966956,52.264769500966956
8825,c,52.264769500966956,52.264769500966956
8826,c,52.264769500966956,52.264769500966956
8827,c,52.264769500966956,52.264769500966956
8828,c,52.264769500966956,52.264769500966956
8829,c,52.264769500966956,52.264769500966956
8830,t,52.264769500966956,52.264769500966956
8831,c,52.264769500966956,52.264769500966956
8832,t,52.264769500966956,52.264769500966956
8833,c,52.264769500966956,52.264769500966956
8834,t,52.264769500966956,52.264769500966956
8835,c,52.264769500966956,52.264769500966956
8836,c,52.264769500966956,52.264769500966956
8837,c,52.264769500966956,52.264769500966956
8838,c,52.264769500966956,52.264769500966956
8839,c,52.264769500966956,52.264769500966956
8840,c,52.264769500966956,52.264769500966956
8841,t,52.264769500966956,52.264769500966956
8842,c,52.264769500966956,52.264769500966956
8843,c,52.264769500966956,52.264769500966956
8844,c,52.264769500966956,52.264769500966956
8845,c,52.264769500966956,52.264769500966956
8846,c,52.264769500966956,52.264769500966956
8847,c,52.264769500966956,52.264769500966956
8848,c,52.264769500966956,52.264769500966956
8849,c,52.264769500966956,52.264769500966956
8850,c,52.264769500966956,52.264769500966956
8851,c,52.264769500966956,52.264769500966956
8852,na,0,9.357462264748513
8853,c,52.264769500966956,52.264769500966956
8854,t,52.264769500966956,52.264769500966956
8855,t,52.264769500966956,52.264769500966956
8856,c,52.264769500966956,52.264769500966956
8857,c,52.264769500966956,52.264769500966956
8858,na,0,1.071278149514259
8859,c,52.264769500966956,52.264769500966956
8860,c,52.264769500966956,52.264769500966956
8861,c,52.264769500966956,52.264769500966956
8862,c,52.264769500966956,52.264769500966956
8863,c,52.264769500966956,52.264769500966956
8864,c,52.264769500966956,52.264769500966956
8865,c,6.419190464931347,7.009105463724642
8866,c,52.264769500966956,52.264769500966956
8867,c,52.264769500966956,52.264769500966956
8868,c,52.264769500966956,52.264769500966956
8869,c,52.264769500966956,52.264769500966956
8870,c,52.264769500966956,52.264769500966956
8871,c,52.264769500966956,52.264769500966956
8872,c,52.264769500966956,52.264769500966956
8873,c,52.264769500966956,52.264769500966956
8874,c,52.264769500966956,52.264769500966956
8875,c,52.264769500966956,52.264769500966956
8876,c,52.264769500966956,52.264769500966956
8877,c,52.264769500966956,52.264769500966956
8878,c,52.264769500966956,52.264769500966956
8879,c,52.264769500966956,52.264769500966956
8880,na,-1,0
8881,na,1.1435101700293584,15.076049095583247
8882,c,52.264769500966956,52.264769500966956
8883,c,52.264769500966956,52.264769500966956
8884,c,52.264769500966956,52.264769500966956
8885,na,4.568387112153366,9.332931799625422
8886,c,52.264769500966956,52.264769500966956
8887,c,52.264769500966956,52.264769500966956
8888,c,52.264769500966956,52.264769500966956
8889,t,52.264769500966956,52.264769500966956
8890,c,52.264769500966956,52.264769500966956
8891,c,52.264769500966956,52.264769500966956
8892,c,52.264769500966956,52.264769500966956
8893,c,52.264769500966956,52.264769500966956
8894,t,52.264769500966956,52.264769500966956
8895,t,52.264769500966956,52.264769500966956
8896,c,52.264769500966956,52.264769500966956
8897,t,52.264769500966956,52.264769500966956
8898,c,52.264769500966956,52.264769500966956
8899,c,52.264769500966956,52.264769500966956
8900,t,52.264769500966956,52.264769500966956
8901,c,52.264769500966956,52.264769500966956
8902,c,52.264769500966956,52.264769500966956
8903,c,52.264769500966956,52.264769500966956
8904,c,52.264769500966956,52.264769500966956
8905,c,52.264769500966956,52.264769500966956
8906,c,52.264769500966956,52.264769500966956
8907,c,52.264769500966956,52.264769500966956
8908,t,52.264769500966956,52.264769500966956
8909,c,52.264769500966956,52.264769500966956
8910,c,10.064122804981695,10.45654945029591
8911,c,52.264769500966956,52.264769500966956
8912,c,52.264769500966956,52.264769500966956
8913,c,52.264769500966956,52.264769500966956
8914,c,52.264769500966956,52.264769500966956
8915,c,52.264769500966956,52.264769500966956
8916,t,52.264769500966956,52.264769500966956
8917,c,52.264769500966956,52.264769500966956
8918,t,52.264769500966956,52.264769500966956
8919,c,52.264769500966956,52.264769500966956
8920,c,52.264769500966956,52.264769500966956
8921,c,52.264769500966956,52.264769500966956
8922,t,52.264769500966956,52.264769500966956
8923,t,52.264769500966956,52.264769500966956
8924,t,52.264769500966956,52.264769500966956
8925,t,52.264769500966956,52.264769500966956
8926,c,52.264769500966956,52.264769500966956
8927,t,52.264769500966956,52.264769500966956
8928,c,22.706692913811686,22.99679534310265
8929,t,52.264769500966956,52.264769500966956
8930,c,52.264769500966956,52.264769500966956
8931,c,52.264769500966956,52.264769500966956
8932,c,52.264769500966956,52.264769500966956
8933,c,52.264769500966956,52.264769500966956
8934,c,52.264769500966956,52.264769500966956
8935,c,52.264769500966956,52.264769500966956
8936,c,52.264769500966956,52.264769500966956
8937,t,52.264769500966956,52.264769500966956
8938,t,52.264769500966956,52.264769500966956
8939,c,52.264769500966956,52.264769500966956
8940,t,52.264769500966956,52.264769500966956
8941,c,52.264769500966956,52.264769500966956
8942,t,52.264769500966956,52.264769500966956
8943,c,52.264769500966956,52.264769500966956
8944,c,52.264769500966956,52.264769500966956
8945,c,52.264769500966956,52.264769500966956
8946,c,52.264769500966956,52.264769500966956
8947,c,52.264769500966956,52.264769500966956
8948,c,52.264769500966956,52.264769500966956
8949,c,52.264769500966956,52.264769500966956
8950,c,52.264769500966956,52.264769500966956
8951,c,52.264769500966956,52.264769500966956
8952,t,52.264769500966956,52.264769500966956
8953,c,52.264769500966956,52.264769500966956
8954,t,52.264769500966956,52.264769500966956
8955,c,52.264769500966956,52.264769500966956
8956,c,52.264769500966956,52.264769500966956
8957,c,52.264769500966956,52.264769500966956
8958,c,52.264769500966956,52.264769500966956
8959,c,52.264769500966956,52.264769500966956
8960,t,52.264769500966956,52.264769500966956
8961,c,52.264769500966956,52.264769500966956
8962,c,52.264769500966956,52.264769500966956
8963,c,52.264769500966956,52.264769500966956
8964,c,52.264769500966956,52.264769500966956
8965,c,52.264769500966956,52.264769500966956
8966,c,52.264769500966956,52.264769500966956
8967,c,52.264769500966956,52.264769500966956
8968,c,52.264769500966956,52.264769500966956
8969,c,52.264769500966956,52.264769500966956
8970,c,52.264769500966956,52.264769500966956
8971,c,52.264769500966956,52.264769500966956
8972,c,52.264769500966956,52.264769500966956
8973,c,52.264769500966956,52.264769500966956
8974,c,52.264769500966956,52.264769500966956
8975,t,52.264769500966956,52.264769500966956
8976,c,52.264769500966956,52.264769500966956
8977,c,52.264769500966956,52.264769500966956
8978,c,52.264769500966956,52.264769500966956
8979,t,52.264769500966956,52.264769500966956
8980,c,52.264769500966956,52.264769500966956
8981,c,10.478449377321533,16.475201519868538
8982,c,52.264769500966956,52.264769500966956
8983,c,52.264769500966956,52.264769500966956
8984,c,52.264769500966956,52.264769500966956
8985,c,52.264769500966956,52.264769500966956
8986,t,52.264769500966956,52.264769500966956
8987,c,52.264769500966956,52.264769500966956
8988,c,52.264769500966956,52.264769500966956
8989,c,52.264769500966956,52.264769500966956
8990,c,52.264769500966956,52.264769500966956
8991,c,52.264769500966956,52.264769500966956
8992,c,13.980731959936582,29.59365917427131
8993,t,52.264769500966956,52.264769500966956
8994,t,52.264769500966956,52.264769500966956
8995,t,52.264769500966956,52.264769500966956
8996,c,52.264769500966956,52.264769500966956
8997,c,52.264769500966956,52.264769500966956
8998,c,52.264769500966956,52.264769500966956
8999,c,52.264769500966956,52.264769500966956
9000,na,-1,0
9001,c,52.264769500966956,52.264769500966956
9002,c,52.264769500966956,52.264769500966956
9003,t,52.264769500966956,52.264769500966956
9004,c,52.264769500966956,52.264769500966956
9005,t,52.264769500966956,52.264769500966956
9006,c,7.1362924901836315,8.449857698291359
9007,c,52.264769500966956,52.264769500966956
9008,t,52.264769500966956,52.264769500966956
9009,c,52.264769500966956,52.264769500966956
9010,c,52.264769500966956,52.264769500966956
9011,c,52.264769500966956,52.264769500966956
9012,c,52.264769500966956,52.264769500966956
9013,c,52.264769500966956,52.264769500966956
9014,c,52.264769500966956,52.264769500966956
9015,t,52.264769500966956,52.264769500966956
9016,c,52.264769500966956,52.264769500966956
9017,c,52.264769500966956,52.264769500966956
9018,c,52.264769500966956,52.264769500966956
9019,c,52.264769500966956,52.264769500966956
9020,c,52.264769500966956,52.264769500966956
9021,c,52.264769500966956,52.264769500966956
9022,c,52.264769500966956,52.264769500966956
9023,c,52.264769500966956,52.264769500966956
9024,t,52.264769500966956,52.264769500966956
9025,c,52.264769500966956,52.264769500966956
9026,c,52.264769500966956,52.264769500966956
9027,t,52.264769500966956,52.264769500966956
9028,c,52.264769500966956,52.264769500966956
9029,t,52.264769500966956,52.264769500966956
9030,c,52.264769500966956,52.264769500966956
9031,c,52.264769500966956,52.264769500966956
9032,t,52.264769500966956,52.264769500966956
9033,c,52.264769500966956,52.264769500966956
9034,c,52.264769500966956,52.264769500966956
9035,c,52.264769500966956,52.264769500966956
9036,t,52.264769500966956,52.264769500966956
9037,t,52.264769500966956,52.264769500966956
9038,c,52.264769500966956,52.264769500966956
9039,t,52.264769500966956,52.264769500966956
9040,c,52.264769500966956,52.264769500966956
9041,c,52.264769500966956,52.264769500966956
9042,c,52.264769500966956,52.264769500966956
9043,c,52.264769500966956,52.264769500966956
9044,na,-1,0
9045,c,52.264769500966956,52.264769500966956
9046,c,52.264769500966956,52.264769500966956
9047,c,52.264769500966956,52.264769500966956
9048,t,52.264769500966956,52.264769500966956
9049,t,52.264769500966956,52.264769500966956
9050,c,52.264769500966956,52.264769500966956
9051,t,52.264769500966956,52.264769500966956
9052,c,52.264769500966956,52.264769500966956
9053,t,52.264769500966956,52.264769500966956
9054,c,52.264769500966956,52.264769500966956
9055,c,52.264769500966956,52.264769500966956
9056,t,52.264769500966956,52.264769500966956
9057,t,52.264769500966956,52.264769500966956
9058,c,52.264769500966956,52.264769500966956
9059,c,52.264769500966956,52.264769500966956
9060,c,52.264769500966956,52.264769500966956
9061,c,52.264769500966956,52.264769500966956
9062,c,52.264769500966956,52.264769500966956
9063,c,52.264769500966956,52.264769500966956
9064,t,52.264769500966956,52.264769500966956
9065,c,52.264769500966956,52.264769500966956
9066,t,52.264769500966956,52.264769500966956
9067,c,52.264769500966956,52.264769500966956
9068,c,52.264769500966956,52.264769500966956
9069,t,52.264769500966956,52.264769500966956
9070,c,19.69418456724652,26.894964573801637
9071,c,52.264769500966956,52.264769500966956
9072,c,52.264769500966956,52.264769500966956
9073,c,52.264769500966956,52.264769500966956
9074,c,32.270566799965756,32.70869034846218
9075,c,52.264769500966956,52.264769500966956
9076,c,52.264769500966956,52.264769500966956
9077,c,52.264769500966956,52.264769500966956
9078,c,52.264769500966956,52.264769500966956
9079,t,52.264769500966956,52.264769500966956
9080,c,52.264769500966956,52.264769500966956
9081,c,52.264769500966956,52.264769500966956
9082,t,52.264769500966956,52.264769500966956
9083,c,52.264769500966956,52.264769500966956
9084,c,52.264769500966956,52.264769500966956
9085,c,52.264769500966956,52.264769500966956
9086,t,52.264769500966956,52.264769500966956
9087,c,52.264769500966956,52.264769500966956
9088,c,52.264769500966956,52.264769500966956
9089,c,52.264769500966956,52.264769500966956
9090,c,52.264769500966956,52.264769500966956
9091,c,52.264769500966956,52.264769500966956
9092,c,52.264769500966956,52.264769500966956
9093,t,52.264769500966956,52.264769500966956
9094,c,52.264769500966956,52.264769500966956
9095,t,52.264769500966956,52.264769500966956
9096,c,52.264769500966956,52.264769500966956
9097,c,52.264769500966956,52.264769500966956
9098,c,52.264769500966956,52.264769500966956
9099,t,52.264769500966956,52.264769500966956
9100,t,52.264769500966956,52.264769500966956
9101,c,52.264769500966956,52.264769500966956
9102,c,52.264769500966956,52.264769500966956
9103,c,52.264769500966956,52.264769500966956
9104,t,52.264769500966956,52.264769500966956
9105,c,52.264769500966956,52.264769500966956
9106,c,52.264769500966956,52.264769500966956
9107,na,3.970313468636721,13.376604853491095
9108,c,52.264769500966956,52.264769500966956
9109,c,52.264769500966956,52.264769500966956
9110,c,52.264769500966956,52.264769500966956
9111,c,52.264769500966956,52.264769500966956
9112,c,52.264769500966956,52.264769500966956
9113,c,52.264769500966956,52.264769500966956
9114,t,52.264769500966956,52.264769500966956
9115,c,52.264769500966956,52.264769500966956
9116,c,52.264769500966956,52.264769500966956
9117,t,52.264769500966956,52.264769500966956
9118,c,52.264769500966956,52.264769500966956
9119,c,52.264769500966956,52.264769500966956
9120,c,52.264769500966956,52.264769500966956
9121,c,52.264769500966956,52.264769500966956
9122,t,52.264769500966956,52.264769500966956
9123,c,52.264769500966956,52.264769500966956
9124,c,52.264769500966956,52.264769500966956
9125,c,52.264769500966956,52.264769500966956
9126,c,52.264769500966956,52.264769500966956
9127,c,52.264769500966956,52.264769500966956
9128,c,52.264769500966956,52.264769500966956
9129,c,52.264769500966956,52.264769500966956
9130,c,52.264769500966956,52.264769500966956
9131,c,52.264769500966956,52.264769500966956
9132,t,52.264769500966956,52.264769500966956
9133,c,52.264769500966956,52.264769500966956
9134,c,52.264769500966956,52.264769500966956
9135,c,12.840451049762427,19.416693038192733
9136,t,52.264769500966956,52.264769500966956
9137,t,52.264769500966956,52.264769500966956
9138,t,52.264769500966956,52.264769500966956
9139,c,52.264769500966956,52.264769500966956
9140,c,52.264769500966956,52.264769500966956
9141,c,52.264769500966956,52.264769500966956
9142,c,52.264769500966956,52.264769500966956
9143,c,52.264769500966956,52.264769500966956
9144,c,52.264769500966956,52.264769500966956
9145,c,52.264769500966956,52.264769500966956
9146,c,52.264769500966956,52.264769500966956
9147,t,52.264769500966956,52.264769500966956
9148,c,52.264769500966956,52.264769500966956
9149,c,52.264769500966956,52.264769500966956
9150,c,52.264769500966956,52.264769500966956
9151,c,52.264769500966956,52.264769500966956
9152,c,52.264769500966956,52.264769500966956
9153,t,52.264769500966956,52.264769500966956
9154,c,52.264769500966956,52.264769500966956
9155,c,52.264769500966956,52.264769500966956
9156,c,52.264769500966956,52.264769500966956
9157,c,52.264769500966956,52.264769500966956
9158,t,52.264769500966956,52.264769500966956
9159,c,52.264769500966956,52.264769500966956
9160,c,52.264769500966956,52.264769500966956
9161,c,52.264769500966956,52.264769500966956
9162,c,52.264769500966956,52.264769500966956
9163,c,52.264769500966956,52.264769500966956
9164,c,52.264769500966956,52.264769500966956
9165,c,52.264769500966956,52.264769500966956
9166,c,52.264769500966956,52.264769500966956
9167,t,52.264769500966956,52.264769500966956
9168,na,0,5.176001833501291
9169,c,52.264769500966956,52.264769500966956
9170,c,52.264769500966956,52.264769500966956
9171,t,52.264769500966956,52.264769500966956
9172,c,52.264769500966956,52.264769500966956
9173,c,52.264769500966956,52.264769500966956
9174,c,52.264769500966956,52.264769500966956
9175,c,52.264769500966956,52.264769500966956
9176,c,52.264769500966956,52.264769500966956
9177,c,52.264769500966956,52.264769500966956
9178,c,52.264769500966956,52.264769500966956
9179,t,52.264769500966956,52.264769500966956
9180,c,52.264769500966956,52.264769500966956
9181,c,52.264769500966956,52.264769500966956
9182,c,52.264769500966956,52.264769500966956
9183,c,52.264769500966956,52.264769500966956
9184,c,52.264769500966956,52.264769500966956
9185,c,52.264769500966956,52.264769500966956
9186,c,52.264769500966956,52.264769500966956
9187,t,52.264769500966956,52.264769500966956
9188,c,52.264769500966956,52.264769500966956
9189,c,52.264769500966956,52.264769500966956
9190,t,52.264769500966956,52.264769500966956
9191,c,52.264769500966956,52.264769500966956
9192,c,52.264769500966956,52.264769500966956
9193,c,52.264769500966956,52.264769500966956
9194,c,2.767686776413435,27.125615829753976
9195,c,52.264769500966956,52.264769500966956
9196,c,52.264769500966956,52.264769500966956
9197,c,52.264769500966956,52.264769500966956
9198,t,52.264769500966956,52.264769500966956
9199,c,52.264769500966956,52.264769500966956
9200,t,52.264769500966956,52.264769500966956
9201,c,52.264769500966956,52.264769500966956
9202,c,52.264769500966956,52.264769500966956
9203,c,52.264769500966956,52.264769500966956
9204,c,52.264769500966956,52.264769500966956
9205,c,52.264769500966956,52.264769500966956
9206,c,52.264769500966956,52.264769500966956
9207,c,52.264769500966956,52.264769500966956
9208,c,52.264769500966956,52.264769500966956
9209,c,52.264769500966956,52.264769500966956
9210,t,52.264769500966956,52.264769500966956
9211,c,52.264769500966956,52.264769500966956
9212,t,52.264769500966956,52.264769500966956
9213,t,52.264769500966956,52.264769500966956
9214,c,52.264769500966956,52.264769500966956
9215,c,52.264769500966956,52.264769500966956
9216,c,52.264769500966956,52.264769500966956
9217,c,52.264769500966956,52.264769500966956
9218,c,52.264769500966956,52.264769500966956
9219,t,52.264769500966956,52.264769500966956
9220,c,52.264769500966956,52.264769500966956
9221,c,52.264769500966956,52.264769500966956
9222,t,52.264769500966956,52.264769500966956
9223,c,52.264769500966956,52.264769500966956
9224,c,52.264769500966956,52.264769500966956
9225,c,52.264769500966956,52.264769500966956
9226,c,52.264769500966956,52.264769500966956
9227,c,52.264769500966956,52.264769500966956
9228,t,52.264769500966956,52.264769500966956
9229,c,52.264769500966956,52.264769500966956
9230,t,52.264769500966956,52.264769500966956
9231,c,52.264769500966956,52.264769500966956
9232,c,52.264769500966956,52.264769500966956
9233,c,52.264769500966956,52.264769500966956
9234,c,52.264769500966956,52.264769500966956
9235,c,52.264769500966956,52.264769500966956
9236,c,52.264769500966956,52.264769500966956
9237,c,52.264769500966956,52.264769500966956
9238,c,52.264769500966956,52.264769500966956
9239,c,52.264769500966956,52.264769500966956
9240,c,52.264769500966956,52.264769500966956
9241,c,52.264769500966956,52.264769500966956
9242,c,52.264769500966956,52.264769500966956
9243,c,52.264769500966956,52.264769500966956
9244,t,52.264769500966956,52.264769500966956
9245,c,52.264769500966956,52.264769500966956
9246,t,52.264769500966956,52.264769500966956
9247,c,52.264769500966956,52.264769500966956
9248,t,52.264769500966956,52.264769500966956
9249,c,52.264769500966956,52.264769500966956
9250,c,52.264769500966956,52.264769500966956
9251,t,52.264769500966956,52.264769500966956
9252,c,52.264769500966956,52.264769500966956
9253,t,52.264769500966956,52.264769500966956
9254,c,52.264769500966956,52.264769500966956
9255,c,52.264769500966956,52.264769500966956
9256,c,52.264769500966956,52.264769500966956
9257,t,52.264769500966956,52.264769500966956
9258,t,52.264769500966956,52.264769500966956
9259,c,52.264769500966956,52.264769500966956
9260,c,13.18426173141553,52.264769500966956
9261,c,52.264769500966956,52.264769500966956
9262,c,52.264769500966956,52.264769500966956
9263,t,52.264769500966956,52.264769500966956
9264,c,52.264769500966956,52.264769500966956
9265,c,52.264769500966956,52.264769500966956
9266,c,52.264769500966956,52.264769500966956
9267,c,52.264769500966956,52.264769500966956
9268,c,52.264769500966956,52.264769500966956
9269,c,52.264769500966956,52.264769500966956
9270,t,52.264769500966956,52.264769500966956
9271,t,52.264769500966956,52.264769500966956
9272,c,52.264769500966956,52.264769500966956
9273,c,52.264769500966956,52.264769500966956
9274,c,52.264769500966956,52.264769500966956
9275,c,52.264769500966956,52.264769500966956
9276,c,52.264769500966956,52.264769500966956
9277,c,52.264769500966956,52.264769500966956
9278,c,6.422252022776901,6.88671322959102
9279,c,52.264769500966956,52.264769500966956
9280,c,52.264769500966956,52.264769500966956
9281,c,52.264769500966956,52.264769500966956
9282,c,52.264769500966956,52.264769500966956
9283,c,52.264769500966956,52.264769500966956
9284,c,52.264769500966956,52.264769500966956
9285,c,52.264769500966956,52.264769500966956
9286,c,52.264769500966956,52.264769500966956
9287,c,52.264769500966956,52.264769500966956
9288,c,52.264769500966956,52.264769500966956
9289,c,52.264769500966956,52.264769500966956
9290,c,52.264769500966956,52.264769500966956
9291,c,52.264769500966956,52.264769500966956
9292,c,52.264769500966956,52.264769500966956
9293,t,52.264769500966956,52.264769500966956
9294,c,52.264769500966956,52.264769500966956
9295,c,52.264769500966956,52.264769500966956
9296,c,52.264769500966956,52.264769500966956
9297,c,52.264769500966956,52.264769500966956
9298,c,52.264769500966956,52.264769500966956
9299,c,52.264769500966956,52.264769500966956
9300,c,52.264769500966956,52.264769500966956
9301,t,52.264769500966956,52.264769500966956
9302,c,52.264769500966956,52.264769500966956
9303,c,52.264769500966956,52.264769500966956
9304,c,52.264769500966956,52.264769500966956
9305,c,52.264769500966956,52.264769500966956
9306,na,6.840108135070421,15.971095729224388
9307,c,52.264769500966956,52.264769500966956
9308,c,52.264769500966956,52.264769500966956
9309,t,52.264769500966956,52.264769500966956
9310,c,52.264769500966956,52.264769500966956
9311,c,52.264769500966956,52.264769500966956
9312,c,52.264769500966956,52.264769500966956
9313,c,52.264769500966956,52.264769500966956
9314,c,52.264769500966956,52.264769500966956
9315,c,52.264769500966956,52.264769500966956
9316,c,52.264769500966956,52.264769500966956
9317,c,52.264769500966956,52.264769500966956
9318,t,52.264769500966956,52.264769500966956
9319,c,52.264769500966956,52.264769500966956
9320,c,52.264769500966956,52.264769500966956
9321,c,52.264769500966956,52.264769500966956
9322,c,52.264769500966956,52.264769500966956
9323,c,52.264769500966956,52.264769500966956
9324,c,52.264769500966956,52.264769500966956
9325,c,52.264769500966956,52.264769500966956
9326,c,52.264769500966956,52.264769500966956
9327,c,52.264769500966956,52.264769500966956
9328,c,52.264769500966956,52.264769500966956
9329,c,52.264769500966956,52.264769500966956
9330,t,52.264769500966956,52.264769500966956
9331,t,52.264769500966956,52.264769500966956
9332,c,52.264769500966956,52.264769500966956
9333,c,52.264769500966956,52.264769500966956
9334,c,52.264769500966956,52.264769500966956
9335,t,52.264769500966956,52.264769500966956
9336,c,52.264769500966956,52.264769500966956
9337,t,52.264769500966956,52.264769500966956
9338,c,52.264769500966956,52.264769500966956
9339,c,52.264769500966956,52.264769500966956
9340,t,52.264769500966956,52.264769500966956
9341,c,52.264769500966956,52.264769500966956
9342,c,52.264769500966956,52.264769500966956
9343,c,52.264769500966956,52.264769500966956
9344,c,52.264769500966956,52.264769500966956
9345,t,52.264769500966956,52.264769500966956
9346,c,52.264769500966956,52.264769500966956
9347,t,52.264769500966956,52.264769500966956
9348,c,52.264769500966956,52.264769500966956
9349,c,52.264769500966956,52.264769500966956
9350,c,52.264769500966956,52.264769500966956
9351,c,52.264769500966956,52.264769500966956
9352,c,52.264769500966956,52.264769500966956
9353,c,52.264769500966956,52.264769500966956
9354,c,52.264769500966956,52.264769500966956
9355,t,52.264769500966956,52.264769500966956
9356,t,52.264769500966956,52.264769500966956
9357,c,52.264769500966956,52.264769500966956
9358,c,52.264769500966956,52.264769500966956
9359,na,1.895225955967379,2.140345181321724
9360,c,52.264769500966956,52.264769500966956
9361,c,52.264769500966956,52.264769500966956
9362,c,52.264769500966956,52.264769500966956
9363,c,52.264769500966956,52.264769500966956
9364,c,52.264769500966956,52.264769500966956
9365,c,52.264769500966956,52.264769500966956
9366,c,52.264769500966956,52.264769500966956
9367,c,52.264769500966956,52.264769500966956
9368,c,52.264769500966956,52.264769500966956
9369,c,52.264769500966956,52.264769500966956
9370,c,52.264769500966956,52.264769500966956
9371,c,52.264769500966956,52.264769500966956
9372,c,52.264769500966956,52.264769500966956
9373,t,52.264769500966956,52.264769500966956
9374,c,52.264769500966956,52.264769500966956
9375,c,52.264769500966956,52.264769500966956
9376,t,52.264769500966956,52.264769500966956
9377,c,52.264769500966956,52.264769500966956
9378,c,52.264769500966956,52.264769500966956
9379,t,52.264769500966956,52.264769500966956
9380,t,52.264769500966956,52.264769500966956
9381,c,52.264769500966956,52.264769500966956
9382,c,52.264769500966956,52.264769500966956
9383,c,2.8475718289562892,5.486669396779205
9384,c,52.264769500966956,52.264769500966956
9385,c,52.264769500966956,52.264769500966956
9386,c,52.264769500966956,52.264769500966956
9387,c,52.264769500966956,52.264769500966956
9388,t,52.264769500966956,52.264769500966956
9389,c,52.264769500966956,52.264769500966956
9390,c,52.264769500966956,52.264769500966956
9391,c,52.264769500966956,52.264769500966956
9392,c,52.264769500966956,52.264769500966956
9393,c,20.857821723723553,20.956679580535063
9394,c,52.264769500966956,52.264769500966956
9395,c,52.264769500966956,52.264769500966956
9396,c,52.264769500966956,52.264769500966956
9397,t,52.264769500966956,52.264769500966956
9398,c,52.264769500966956,52.264769500966956
9399,c,52.264769500966956,52.264769500966956
9400,na,8.645914658539603,10.825291006696714
9401,na,0,1.255271149391465
9402,c,52.264769500966956,52.264769500966956
9403,c,52.264769500966956,52.264769500966956
9404,c,52.264769500966956,52.264769500966956
9405,c,52.264769500966956,52.264769500966956
9406,c,52.264769500966956,52.264769500966956
9407,c,52.264769500966956,52.264769500966956
9408,c,52.264769500966956,52.264769500966956
9409,c,52.264769500966956,52.264769500966956
9410,c,14.405210813105098,18.736520164228434
9411,c,52.264769500966956,52.264769500966956
9412,c,52.264769500966956,52.264769500966956
9413,c,52.264769500966956,52.264769500966956
9414,c,52.264769500966956,52.264769500966956
9415,t,52.264769500966956,52.264769500966956
9416,c,52.264769500966956,52.264769500966956
9417,c,52.264769500966956,52.264769500966956
9418,c,52.264769500966956,52.264769500966956
9419,c,52.264769500966956,52.264769500966956
9420,c,52.264769500966956,52.264769500966956
9421,c,14.633072197496151,21.082015753219533
9422,c,52.264769500966956,52.264769500966956
9423,c,52.264769500966956,52.264769500966956
9424,c,52.264769500966956,52.264769500966956
9425,c,52.264769500966956,52.264769500966956
9426,c,52.264769500966956,52.264769500966956
9427,c,52.264769500966956,52.264769500966956
9428,c,52.264769500966956,52.264769500966956
9429,c,52.264769500966956,52.264769500966956
9430,c,52.264769500966956,52.264769500966956
9431,c,52.264769500966956,52.264769500966956
9432,c,52.264769500966956,52.264769500966956
9433,c,52.264769500966956,52.264769500966956
9434,c,10.69795793062652,12.884682035594771
9435,c,52.264769500966956,52.264769500966956
9436,c,52.264769500966956,52.264769500966956
9437,c,52.264769500966956,52.264769500966956
9438,c,52.264769500966956,52.264769500966956
9439,c,52.264769500966956,52.264769500966956
9440,c,52.264769500966956,52.264769500966956
9441,c,52.264769500966956,52.264769500966956
9442,t,52.264769500966956,52.264769500966956
9443,c,52.264769500966956,52.264769500966956
9444,c,13.50099536843473,19.874837841252223
9445,c,52.264769500966956,52.264769500966956
9446,c,52.264769500966956,52.264769500966956
9447,c,52.264769500966956,52.264769500966956
9448,c,52.264769500966956,52.264769500966956
9449,c,52.264769500966956,52.264769500966956
9450,c,52.264769500966956,52.264769500966956
9451,t,52.264769500966956,52.264769500966956
9452,c,52.264769500966956,52.264769500966956
9453,c,52.264769500966956,52.264769500966956
9454,c,52.264769500966956,52.264769500966956
9455,c,52.264769500966956,52.264769500966956
9456,c,52.264769500966956,52.264769500966956
9457,c,52.264769500966956,52.264769500966956
9458,c,52.264769500966956,52.264769500966956
9459,c,52.264769500966956,52.264769500966956
9460,c,52.264769500966956,52.264769500966956
9461,c,52.264769500966956,52.264769500966956
9462,t,52.264769500966956,52.264769500966956
9463,c,52.264769500966956,52.264769500966956
9464,t,52.264769500966956,52.264769500966956
9465,c,52.264769500966956,52.264769500966956
9466,c,52.264769500966956,52.264769500966956
9467,c,52.264769500966956,52.264769500966956
9468,c,52.264769500966956,52.264769500966956
9469,t,52.264769500966956,52.264769500966956
9470,c,52.264769500966956,52.264769500966956
9471,c,52.264769500966956,52.264769500966956
9472,t,52.264769500966956,52.264769500966956
9473,t,52.264769500966956,52.264769500966956
9474,t,52.264769500966956,52.264769500966956
9475,c,52.264769500966956,52.264769500966956
9476,c,52.264769500966956,52.264769500966956
9477,c,52.264769500966956,52.264769500966956
9478,t,52.264769500966956,52.264769500966956
9479,c,52.264769500966956,52.264769500966956
9480,t,52.264769500966956,52.264769500966956
9481,c,52.264769500966956,52.264769500966956
9482,c,52.264769500966956,52.264769500966956
9483,c,52.264769500966956,52.264769500966956
9484,c,3.466546052544971,7.560241607669502
9485,c,52.264769500966956,52.264769500966956
9486,c,11.46677175398479,18.869206353500147
9487,c,52.264769500966956,52.264769500966956
9488,c,52.264769500966956,52.264769500966956
9489,c,52.264769500966956,52.264769500966956
9490,c,52.264769500966956,52.264769500966956
9491,c,52.264769500966956,52.264769500966956
9492,t,52.264769500966956,52.264769500966956
9493,c,52.264769500966956,52.264769500966956
9494,t,52.264769500966956,52.264769500966956
9495,c,52.264769500966956,52.264769500966956
9496,c,52.264769500966956,52.264769500966956
9497,c,52.264769500966956,52.264769500966956
9498,c,52.264769500966956,52.264769500966956
9499,c,11.218380666797966,15.592612907116559
9500,c,52.264769500966956,52.264769500966956
9501,c,52.264769500966956,52.264769500966956
9502,t,52.264769500966956,52.264769500966956
9503,c,52.264769500966956,52.264769500966956
9504,c,52.264769500966956,52.264769500966956
9505,c,52.264769500966956,52.264769500966956
9506,c,13.068369527177843,14.2875061681013
9507,c,52.264769500966956,52.264769500966956
9508,c,52.264769500966956,52.264769500966956
9509,t,52.264769500966956,52.264769500966956
9510,c,52.264769500966956,52.264769500966956
9511,c,52.264769500966956,52.264769500966956
9512,c,52.264769500966956,52.264769500966956
9513,c,52.264769500966956,52.264769500966956
9514,c,52.264769500966956,52.264769500966956
9515,c,52.264769500966956,52.264769500966956
9516,c,52.264769500966956,52.264769500966956
9517,c,52.264769500966956,52.264769500966956
9518,c,5.607477214723724,9.283950222833914
9519,c,52.264769500966956,52.264769500966956
9520,c,52.264769500966956,52.264769500966956
9521,t,52.264769500966956,52.264769500966956
9522,c,52.264769500966956,52.264769500966956
9523,c,52.264769500966956,52.264769500966956
9524,c,52.264769500966956,52.264769500966956
9525,c,52.264769500966956,52.264769500966956
9526,c,52.264769500966956,52.264769500966956
9527,c,52.264769500966956,52.264769500966956
9528,c,52.264769500966956,52.264769500966956
9529,c,52.264769500966956,52.264769500966956
9530,c,52.264769500966956,52.264769500966956
9531,c,52.264769500966956,52.264769500966956
9532,c,52.264769500966956,52.264769500966956
9533,c,52.264769500966956,52.264769500966956
9534,c,52.264769500966956,52.264769500966956
9535,t,52.264769500966956,52.264769500966956
9536,c,52.264769500966956,52.264769500966956
9537,t,52.264769500966956,52.264769500966956
9538,c,52.264769500966956,52.264769500966956
9539,t,52.264769500966956,52.264769500966956
9540,c,52.264769500966956,52.264769500966956
9541,c,52.264769500966956,52.264769500966956
9542,c,52.264769500966956,52.264769500966956
9543,c,52.264769500966956,52.264769500966956
9544,c,52.264769500966956,52.264769500966956
9545,c,52.264769500966956,52.264769500966956
9546,c,52.264769500966956,52.264769500966956
9547,c,52.264769500966956,52.264769500966956
9548,c,52.264769500966956,52.264769500966956
9549,t,52.264769500966956,52.264769500966956
9550,c,52.264769500966956,52.264769500966956
9551,c,52.264769500966956,52.264769500966956
9552,t,52.264769500966956,52.264769500966956
9553,c,52.264769500966956,52.264769500966956
9554,c,52.264769500966956,52.264769500966956
9555,c,52.264769500966956,52.264769500966956
9556,c,52.264769500966956,52.264769500966956
9557,c,52.264769500966956,52.264769500966956
9558,c,52.264769500966956,52.264769500966956
9559,c,52.264769500966956,52.264769500966956
9560,c,52.264769500966956,52.264769500966956
9561,c,52.264769500966956,52.264769500966956
9562,c,52.264769500966956,52.264769500966956
9563,c,52.264769500966956,52.264769500966956
9564,c,52.264769500966956,52.264769500966956
9565,t,52.264769500966956,52.264769500966956
9566,c,52.264769500966956,52.264769500966956
9567,c,52.264769500966956,52.264769500966956
9568,c,52.264769500966956,52.264769500966956
9569,c,52.264769500966956,52.264769500966956
9570,c,4.82441405531047,12.776228148753571
9571,t,52.264769500966956,52.264769500966956
9572,c,52.264769500966956,52.264769500966956
9573,t,52.264769500966956,52.264769500966956
9574,c,52.264769500966956,52.264769500966956
9575,c,52.264769500966956,52.264769500966956
9576,c,52.264769500966956,52.264769500966956
9577,c,52.264769500966956,52.264769500966956
9578,c,52.264769500966956,52.264769500966956
9579,c,13.33133182011306,21.373704514848683
9580,t,52.264769500966956,52.264769500966956
9581,c,52.264769500966956,52.264769500966956
9582,c,52.264769500966956,52.264769500966956
9583,c,52.264769500966956,52.264769500966956
9584,t,52.264769500966956,52.264769500966956
9585,t,52.264769500966956,52.264769500966956
9586,c,52.264769500966956,52.264769500966956
9587,c,52.264769500966956,52.264769500966956
9588,t,52.264769500966956,52.264769500966956
9589,c,52.264769500966956,52.264769500966956
9590,c,52.264769500966956,52.264769500966956
9591,c,52.264769500966956,52.264769500966956
9592,c,52.264769500966956,52.264769500966956
9593,t,52.264769500966956,52.264769500966956
9594,c,52.264769500966956,52.264769500966956
9595,c,52.264769500966956,52.264769500966956
9596,c,52.264769500966956,52.264769500966956
9597,c,52.264769500966956,52.264769500966956
9598,c,52.264769500966956,52.264769500966956
9599,t,52.264769500966956,52.264769500966956
9600,c,52.264769500966956,52.264769500966956
9601,c,52.264769500966956,52.264769500966956
9602,t,52.264769500966956,52.264769500966956
9603,c,52.264769500966956,52.264769500966956
9604,c,52.264769500966956,52.264769500966956
9605,c,52.264769500966956,52.264769500966956
9606,t,52.264769500966956,52.264769500966956
9607,t,52.264769500966956,52.264769500966956
9608,c,52.264769500966956,52.264769500966956
9609,c,52.264769500966956,52.264769500966956
9610,c,52.264769500966956,52.264769500966956
9611,c,52.264769500966956,52.264769500966956
9612,t,52.264769500966956,52.264769500966956
9613,c,52.264769500966956,52.264769500966956
9614,t,52.264769500966956,52.264769500966956
9615,t,52.264769500966956,52.264769500966956
9616,c,52.264769500966956,52.264769500966956
9617,c,4.752539037385346,7.719548039982792
9618,c,52.264769500966956,52.264769500966956
9619,c,52.264769500966956,52.264769500966956
9620,c,52.264769500966956,52.264769500966956
9621,c,52.264769500966956,52.264769500966956
9622,c,52.264769500966956,52.264769500966956
9623,t,52.264769500966956,52.264769500966956
9624,c,52.264769500966956,52.264769500966956
9625,t,52.264769500966956,52.264769500966956
9626,c,52.264769500966956,52.264769500966956
9627,c,52.264769500966956,52.264769500966956
9628,c,52.264769500966956,52.264769500966956
9629,na,7.2095700707036015,11.927443754547607
9630,c,52.264769500966956,52.264769500966956
9631,c,52.264769500966956,52.264769500966956
9632,c,52.264769500966956,52.264769500966956
9633,c,52.264769500966956,52.264769500966956
9634,c,52.264769500966956,52.264769500966956
9635,c,52.264769500966956,52.264769500966956
9636,t,52.264769500966956,52.264769500966956
9637,c,52.264769500966956,52.264769500966956
9638,c,52.264769500966956,52.264769500966956
9639,c,8.411417403441725,18.24137492980402
9640,c,52.264769500966956,52.264769500966956
9641,c,52.264769500966956,52.264769500966956
9642,t,52.264769500966956,52.264769500966956
9643,c,52.264769500966956,52.264769500966956
9644,c,52.264769500966956,52.264769500966956
9645,c,52.264769500966956,52.264769500966956
9646,c,52.264769500966956,52.264769500966956
9647,t,52.264769500966956,52.264769500966956
9648,c,52.264769500966956,52.264769500966956
9649,c,9.789474535866256,14.232095449975514
9650,c,52.264769500966956,52.264769500966956
9651,c,52.264769500966956,52.264769500966956
9652,c,52.264769500966956,52.264769500966956
9653,c,52.264769500966956,52.264769500966956
9654,c,52.264769500966956,52.264769500966956
9655,c,52.264769500966956,52.264769500966956
9656,c,52.264769500966956,52.264769500966956
9657,c,14.85613596942306,22.177187031755807
9658,c,52.264769500966956,52.264769500966956
9659,t,52.264769500966956,52.264769500966956
9660,c,52.264769500966956,52.264769500966956
9661,c,52.264769500966956,52.264769500966956
9662,c,52.264769500966956,52.264769500966956
9663,t,52.264769500966956,52.264769500966956
9664,c,52.264769500966956,52.264769500966956
9665,c,52.264769500966956,52.264769500966956
9666,c,52.264769500966956,52.264769500966956
9667,c,52.264769500966956,52.264769500966956
9668,c,52.264769500966956,52.264769500966956
9669,c,52.264769500966956,52.264769500966956
9670,c,52.264769500966956,52.264769500966956
9671,c,52.264769500966956,52.264769500966956
9672,c,52.264769500966956,52.264769500966956
9673,c,52.264769500966956,52.264769500966956
9674,c,52.264769500966956,52.264769500966956
9675,c,52.264769500966956,52.264769500966956
9676,t,52.264769500966956,52.264769500966956
9677,t,52.264769500966956,52.264769500966956
9678,c,52.264769500966956,52.264769500966956
9679,c,52.264769500966956,52.264769500966956
9680,c,52.264769500966956,52.264769500966956
9681,c,52.264769500966956,52.264769500966956
9682,t,52.264769500966956,52.264769500966956
9683,c,52.264769500966956,52.264769500966956
9684,c,52.264769500966956,52.264769500966956
9685,t,52.264769500966956,52.264769500966956
9686,c,52.264769500966956,52.264769500966956
9687,c,52.264769500966956,52.264769500966956
9688,c,52.264769500966956,52.264769500966956
9689,c,52.264769500966956,52.264769500966956
9690,t,52.264769500966956,52.264769500966956
9691,c,52.264769500966956,52.264769500966956
9692,c,52.264769500966956,52.264769500966956
9693,c,52.264769500966956,52.264769500966956
9694,c,52.264769500966956,52.264769500966956
9695,c,52.264769500966956,52.264769500966956
9696,c,52.264769500966956,52.264769500966956
9697,t,52.264769500966956,52.264769500966956
9698,c,52.264769500966956,52.264769500966956
9699,c,52.264769500966956,52.264769500966956
9700,c,52.264769500966956,52.264769500966956
9701,c,52.264769500966956,52.264769500966956
9702,t,52.264769500966956,52.264769500966956
9703,t,52.264769500966956,52.264769500966956
9704,c,52.264769500966956,52.264769500966956
9705,c,52.264769500966956,52.264769500966956
9706,t,52.264769500966956,52.264769500966956
9707,c,52.264769500966956,52.264769500966956
9708,c,52.264769500966956,52.264769500966956
9709,c,52.264769500966956,52.264769500966956
9710,t,52.264769500966956,52.264769500966956
9711,c,52.264769500966956,52.264769500966956
9712,c,52.264769500966956,52.264769500966956
9713,t,52.264769500966956,52.264769500966956
9714,c,52.264769500966956,52.264769500966956
9715,c,52.264769500966956,52.264769500966956
9716,c,52.264769500966956,52.264769500966956
9717,c,52.264769500966956,52.264769500966956
9718,c,52.264769500966956,52.264769500966956
9719,c,52.264769500966956,52.264769500966956
9720,c,52.264769500966956,52.264769500966956
9721,t,52.264769500966956,52.264769500966956
9722,c,52.264769500966956,52.264769500966956
9723,c,52.264769500966956,52.264769500966956
9724,t,52.264769500966956,52.264769500966956
9725,c,52.264769500966956,52.264769500966956
9726,t,52.264769500966956,52.264769500966956
9727,c,52.264769500966956,52.264769500966956
9728,c,52.264769500966956,52.264769500966956
9729,c,52.264769500966956,52.264769500966956
9730,c,52.264769500966956,52.264769500966956
9731,c,52.264769500966956,52.264769500966956
9732,t,52.264769500966956,52.264769500966956
9733,c,52.264769500966956,52.264769500966956
9734,c,52.264769500966956,52.264769500966956
9735,c,52.264769500966956,52.264769500966956
9736,c,52.264769500966956,52.264769500966956
9737,c,52.264769500966956,52.264769500966956
9738,c,52.264769500966956,52.264769500966956
9739,c,52.264769500966956,52.264769500966956
9740,c,52.264769500966956,52.264769500966956
9741,c,52.264769500966956,52.264769500966956
9742,c,52.264769500966956,52.264769500966956
9743,c,52.264769500966956,52.264769500966956
9744,c,52.264769500966956,52.264769500966956
9745,c,52.264769500966956,52.264769500966956
9746,c,52.264769500966956,52.264769500966956
9747,c,52.264769500966956,52.264769500966956
9748,c,52.264769500966956,52.264769500966956
9749,c,52.264769500966956,52.264769500966956
9750,c,52.264769500966956,52.264769500966956
9751,c,52.264769500966956,52.264769500966956
9752,c,52.264769500966956,52.264769500966956
9753,c,52.264769500966956,52.264769500966956
9754,c,52.264769500966956,52.264769500966956
9755,c,52.264769500966956,52.264769500966956
9756,c,52.264769500966956,52.264769500966956
9757,c,52.264769500966956,52.264769500966956
9758,c,52.264769500966956,52.264769500966956
9759,c,6.657249431479516,14.456530656722672
9760,c,52.264769500966956,52.264769500966956
9761,c,52.264769500966956,52.264769500966956
9762,na,-1,0
9763,t,52.264769500966956,52.264769500966956
9764,c,52.264769500966956,52.264769500966956
9765,c,52.264769500966956,52.264769500966956
9766,c,52.264769500966956,52.264769500966956
9767,c,52.264769500966956,52.264769500966956
9768,c,52.264769500966956,52.264769500966956
9769,c,52.264769500966956,52.264769500966956
9770,t,52.264769500966956,52.264769500966956
9771,c,52.264769500966956,52.264769500966956
9772,c,52.264769500966956,52.264769500966956
9773,c,52.264769500966956,52.264769500966956
9774,c,52.264769500966956,52.264769500966956
9775,t,52.264769500966956,52.264769500966956
9776,c,52.264769500966956,52.264769500966956
9777,t,52.264769500966956,52.264769500966956
9778,c,52.264769500966956,52.264769500966956
9779,c,52.264769500966956,52.264769500966956
9780,c,52.264769500966956,52.264769500966956
9781,c,52.264769500966956,52.264769500966956
9782,c,52.264769500966956,52.264769500966956
9783,c,52.264769500966956,52.264769500966956
9784,c,52.264769500966956,52.264769500966956
9785,c,52.264769500966956,52.264769500966956
9786,c,52.264769500966956,52.264769500966956
9787,t,52.264769500966956,52.264769500966956
9788,c,52.264769500966956,52.264769500966956
9789,c,52.264769500966956,52.264769500966956
9790,t,52.264769500966956,52.264769500966956
9791,c,52.264769500966956,52.264769500966956
9792,t,52.264769500966956,52.264769500966956
9793,c,52.264769500966956,52.264769500966956
9794,c,3.4203489726912513,5.960812261930152
9795,c,52.264769500966956,52.264769500966956
9796,t,52.264769500966956,52.264769500966956
9797,c,52.264769500966956,52.264769500966956
9798,t,52.264769500966956,52.264769500966956
9799,c,5.316035747878414,8.217809343398162
9800,c,52.264769500966956,52.264769500966956
9801,c,52.264769500966956,52.264769500966956
9802,c,52.264769500966956,52.264769500966956
9803,t,52.264769500966956,52.264769500966956
9804,c,52.264769500966956,52.264769500966956
9805,c,52.264769500966956,52.264769500966956
9806,c,52.264769500966956,52.264769500966956
9807,c,52.264769500966956,52.264769500966956
9808,c,52.264769500966956,52.264769500966956
9809,t,52.264769500966956,52.264769500966956
9810,c,52.264769500966956,52.264769500966956
9811,t,52.264769500966956,52.264769500966956
9812,t,52.264769500966956,52.264769500966956
9813,t,52.264769500966956,52.264769500966956
9814,c,52.264769500966956,52.264769500966956
9815,t,52.264769500966956,52.264769500966956
9816,c,52.264769500966956,52.264769500966956
9817,c,52.264769500966956,52.264769500966956
9818,t,52.264769500966956,52.264769500966956
9819,c,52.264769500966956,52.264769500966956
9820,t,52.264769500966956,52.264769500966956
9821,c,7.894376992791257,14.405993612873406
9822,c,52.264769500966956,52.264769500966956
9823,t,52.264769500966956,52.264769500966956
9824,t,52.264769500966956,52.264769500966956
9825,c,52.264769500966956,52.264769500966956
9826,c,52.264769500966956,52.264769500966956
9827,c,52.264769500966956,52.264769500966956
9828,t,52.264769500966956,52.264769500966956
9829,t,52.264769500966956,52.264769500966956
9830,c,52.264769500966956,52.264769500966956
9831,na,-1,0
9832,t,52.264769500966956,52.264769500966956
9833,t,52.264769500966956,52.264769500966956
9834,t,52.264769500966956,52.264769500966956
9835,c,52.264769500966956,52.264769500966956
9836,c,52.264769500966956,52.264769500966956
9837,c,52.264769500966956,52.264769500966956
9838,c,52.264769500966956,52.264769500966956
9839,c,52.264769500966956,52.264769500966956
9840,t,52.264769500966956,52.264769500966956
9841,c,52.264769500966956,52.264769500966956
9842,c,52.264769500966956,52.264769500966956
9843,c,52.264769500966956,52.264769500966956
9844,c,52.264769500966956,52.264769500966956
9845,c,52.264769500966956,52.264769500966956
9846,c,52.264769500966956,52.264769500966956
9847,c,52.264769500966956,52.264769500966956
9848,c,52.264769500966956,52.264769500966956
9849,t,52.264769500966956,52.264769500966956
9850,c,52.264769500966956,52.264769500966956
9851,t,52.264769500966956,52.264769500966956
9852,c,52.264769500966956,52.264769500966956
9853,c,52.264769500966956,52.264769500966956
9854,c,52.264769500966956,52.264769500966956
9855,c,52.264769500966956,52.264769500966956
9856,c,52.264769500966956,52.264769500966956
9857,c,52.264769500966956,52.264769500966956
9858,c,52.264769500966956,52.264769500966956
9859,c,52.264769500966956,52.264769500966956
9860,c,52.264769500966956,52.264769500966956
9861,c,52.264769500966956,52.264769500966956
9862,t,52.264769500966956,52.264769500966956
9863,t,52.264769500966956,52.264769500966956
9864,c,52.264769500966956,52.264769500966956
9865,c,52.264769500966956,52.264769500966956
9866,c,52.264769500966956,52.264769500966956
9867,c,52.264769500966956,52.264769500966956
9868,c,52.264769500966956,52.264769500966956
9869,c,52.264769500966956,52.264769500966956
9870,c,52.264769500966956,52.264769500966956
9871,t,52.264769500966956,52.264769500966956
9872,c,52.264769500966956,52.264769500966956
9873,t,52.264769500966956,52.264769500966956
9874,c,52.264769500966956,52.264769500966956
9875,c,52.264769500966956,52.264769500966956
9876,c,52.264769500966956,52.264769500966956
9877,c,52.264769500966956,52.264769500966956
9878,c,52.264769500966956,52.264769500966956
9879,c,52.264769500966956,52.264769500966956
9880,c,52.264769500966956,52.264769500966956
9881,c,52.264769500966956,52.264769500966956
9882,c,52.264769500966956,52.264769500966956
9883,c,52.264769500966956,52.264769500966956
9884,c,52.264769500966956,52.264769500966956
9885,c,52.264769500966956,52.264769500966956
9886,c,52.264769500966956,52.264769500966956
9887,t,52.264769500966956,52.264769500966956
9888,t,52.264769500966956,52.264769500966956
9889,c,52.264769500966956,52.264769500966956
9890,c,52.264769500966956,52.264769500966956
9891,c,52.264769500966956,52.264769500966956
9892,c,52.264769500966956,52.264769500966956
9893,c,52.264769500966956,52.264769500966956
9894,c,52.264769500966956,52.264769500966956
9895,c,52.264769500966956,52.264769500966956
9896,c,52.264769500966956,52.264769500966956
9897,c,52.264769500966956,52.264769500966956
9898,c,52.264769500966956,52.264769500966956
9899,c,52.264769500966956,52.264769500966956
9900,c,52.264769500966956,52.264769500966956
9901,c,52.264769500966956,52.264769500966956
9902,t,52.264769500966956,52.264769500966956
9903,c,52.264769500966956,52.264769500966956
9904,c,52.264769500966956,52.264769500966956
9905,c,52.264769500966956,52.264769500966956
9906,t,52.264769500966956,52.264769500966956
9907,c,52.264769500966956,52.264769500966956
9908,na,0,5.563431747805442
9909,t,52.264769500966956,52.264769500966956
9910,c,52.264769500966956,52.264769500966956
9911,c,52.264769500966956,52.264769500966956
9912,c,52.264769500966956,52.264769500966956
9913,t,52.264769500966956,52.264769500966956
9914,c,52.264769500966956,52.264769500966956
9915,c,52.264769500966956,52.264769500966956
9916,c,52.264769500966956,52.264769500966956
9917,c,15.364788358351342,15.592991005500647
9918,c,52.264769500966956,52.264769500966956
9919,c,52.264769500966956,52.264769500966956
9920,c,52.264769500966956,52.264769500966956
9921,c,52.264769500966956,52.264769500966956
9922,c,52.264769500966956,52.264769500966956
9923,t,52.264769500966956,52.264769500966956
9924,c,52.264769500966956,52.264769500966956
9925,c,52.264769500966956,52.264769500966956
9926,c,52.264769500966956,52.264769500966956
9927,c,52.264769500966956,52.264769500966956
9928,c,52.264769500966956,52.264769500966956
9929,c,52.264769500966956,52.264769500966956
9930,c,52.264769500966956,52.264769500966956
9931,c,52.264769500966956,52.264769500966956
9932,c,52.264769500966956,52.264769500966956
9933,c,52.264769500966956,52.264769500966956
9934,c,52.264769500966956,52.264769500966956
9935,t,52.264769500966956,52.264769500966956
9936,c,52.264769500966956,52.264769500966956
9937,c,52.264769500966956,52.264769500966956
9938,c,52.264769500966956,52.264769500966956
9939,c,52.264769500966956,52.264769500966956
9940,c,52.264769500966956,52.264769500966956
9941,c,52.264769500966956,52.264769500966956
9942,c,52.264769500966956,52.264769500966956
9943,c,52.264769500966956,52.264769500966956
9944,t,52.264769500966956,52.264769500966956
9945,c,52.264769500966956,52.264769500966956
9946,c,52.264769500966956,52.264769500966956
9947,c,52.264769500966956,52.264769500966956
9948,c,52.264769500966956,52.264769500966956
9949,c,52.264769500966956,52.264769500966956
9950,t,52.264769500966956,52.264769500966956
9951,t,52.264769500966956,52.264769500966956
9952,c,52.264769500966956,52.264769500966956
9953,c,13.584985170527057,20.379786504261197
9954,c,52.264769500966956,52.264769500966956
9955,c,52.264769500966956,52.264769500966956
9956,c,52.264769500966956,52.264769500966956
9957,c,52.264769500966956,52.264769500966956
9958,c,52.264769500966956,52.264769500966956
9959,t,52.264769500966956,52.264769500966956
9960,c,52.264769500966956,52.264769500966956
9961,t,52.264769500966956,52.264769500966956
9962,t,52.264769500966956,52.264769500966956
9963,c,52.264769500966956,52.264769500966956
9964,c,52.264769500966956,52.264769500966956
9965,c,52.264769500966956,52.264769500966956
9966,c,52.264769500966956,52.264769500966956
9967,c,52.264769500966956,52.264769500966956
9968,c,52.264769500966956,52.264769500966956
9969,c,52.264769500966956,52.264769500966956
9970,t,52.264769500966956,52.264769500966956
9971,c,52.264769500966956,52.264769500966956
9972,t,52.264769500966956,52.264769500966956
9973,c,52.264769500966956,52.264769500966956
9974,c,52.264769500966956,52.264769500966956
9975,t,52.264769500966956,52.264769500966956
9976,c,52.264769500966956,52.264769500966956
9977,t,52.264769500966956,52.264769500966956
9978,c,52.264769500966956,52.264769500966956
9979,c,52.264769500966956,52.264769500966956
9980,c,52.264769500966956,52.264769500966956
9981,c,52.264769500966956,52.264769500966956
9982,c,52.264769500966956,52.264769500966956
9983,c,52.264769500966956,52.264769500966956
9984,c,52.264769500966956,52.264769500966956
9985,c,52.264769500966956,52.264769500966956
9986,c,52.264769500966956,52.264769500966956
9987,c,15.986922449695466,21.000449374973794
9988,c,52.264769500966956,52.264769500966956
9989,c,52.264769500966956,52.264769500966956
9990,na,-1,0
9991,c,1.265989733871279,5.850418788562722
9992,c,52.264769500966956,52.264769500966956
9993,c,52.264769500966956,52.264769500966956
9994,c,52.264769500966956,52.264769500966956
9995,c,52.264769500966956,52.264769500966956
9996,c,52.264769500966956,52.264769500966956
9997,c,52.264769500966956,52.264769500966956
9998,c,52.264769500966956,52.264769500966956
9999,t,52.264769500966956,52.264769500966956
