node, assignment, time2inf, time2death
0,na,-1,0
1,na,-1,0
2,na,-1,0
3,na,-1,0
4,t,116.50280797744328,116.50280797744328
5,c,23.37433108626394,116.50280797744328
6,t,116.50280797744328,116.50280797744328
7,c,7.921509934061384,8.05179954621142
8,t,116.50280797744328,116.50280797744328
9,c,71.89947810081416,75.11976181898655
10,c,116.50280797744328,116.50280797744328
11,c,19.61139817998582,19.97401447614059
12,c,116.50280797744328,116.50280797744328
13,t,116.50280797744328,116.50280797744328
14,t,116.50280797744328,116.50280797744328
15,t,116.50280797744328,116.50280797744328
16,t,116.50280797744328,116.50280797744328
17,c,74.05088664514967,74.57235819535464
18,c,116.50280797744328,116.50280797744328
19,t,116.50280797744328,116.50280797744328
20,t,116.50280797744328,116.50280797744328
21,c,116.50280797744328,116.50280797744328
22,t,116.50280797744328,116.50280797744328
23,c,116.50280797744328,116.50280797744328
24,t,116.50280797744328,116.50280797744328
25,c,116.50280797744328,116.50280797744328
26,t,116.50280797744328,116.50280797744328
27,c,116.50280797744328,116.50280797744328
28,c,24.684456725786877,30.810730107324844
29,c,116.50280797744328,116.50280797744328
30,t,116.50280797744328,116.50280797744328
31,c,116.50280797744328,116.50280797744328
32,c,116.50280797744328,116.50280797744328
33,c,116.50280797744328,116.50280797744328
34,c,116.50280797744328,116.50280797744328
35,c,116.50280797744328,116.50280797744328
36,t,116.50280797744328,116.50280797744328
37,t,116.50280797744328,116.50280797744328
38,t,116.50280797744328,116.50280797744328
39,t,116.50280797744328,116.50280797744328
40,c,116.50280797744328,116.50280797744328
41,c,116.50280797744328,116.50280797744328
42,t,116.50280797744328,116.50280797744328
43,t,116.50280797744328,116.50280797744328
44,c,116.50280797744328,116.50280797744328
45,c,53.75820767190296,54.625722412263805
46,c,116.50280797744328,116.50280797744328
47,t,116.50280797744328,116.50280797744328
48,c,116.50280797744328,116.50280797744328
49,c,116.50280797744328,116.50280797744328
50,t,116.50280797744328,116.50280797744328
51,c,116.50280797744328,116.50280797744328
52,t,116.50280797744328,116.50280797744328
53,t,116.50280797744328,116.50280797744328
54,t,116.50280797744328,116.50280797744328
55,c,116.50280797744328,116.50280797744328
56,t,116.50280797744328,116.50280797744328
57,t,116.50280797744328,116.50280797744328
58,t,116.50280797744328,116.50280797744328
59,t,116.50280797744328,116.50280797744328
60,c,30.671129715549604,33.953170245534494
61,c,76.62071574504542,77.54159119730645
62,t,116.50280797744328,116.50280797744328
63,t,116.50280797744328,116.50280797744328
64,c,62.1307725296375,77.1231454672636
65,t,116.50280797744328,116.50280797744328
66,t,116.50280797744328,116.50280797744328
67,t,116.50280797744328,116.50280797744328
68,t,116.50280797744328,116.50280797744328
69,t,116.50280797744328,116.50280797744328
70,c,116.50280797744328,116.50280797744328
71,t,116.50280797744328,116.50280797744328
72,c,116.50280797744328,116.50280797744328
73,t,116.50280797744328,116.50280797744328
74,t,116.50280797744328,116.50280797744328
75,c,116.50280797744328,116.50280797744328
76,c,61.39274346813646,73.59804816655321
77,c,26.34861716875552,29.333364365069038
78,t,116.50280797744328,116.50280797744328
79,c,116.50280797744328,116.50280797744328
80,c,116.50280797744328,116.50280797744328
81,t,116.50280797744328,116.50280797744328
82,t,116.50280797744328,116.50280797744328
83,c,116.50280797744328,116.50280797744328
84,na,-1,0
85,t,116.50280797744328,116.50280797744328
86,t,116.50280797744328,116.50280797744328
87,c,116.50280797744328,116.50280797744328
88,t,116.50280797744328,116.50280797744328
89,c,53.931584196475264,83.40259402861042
90,t,116.50280797744328,116.50280797744328
91,c,79.95298225341783,84.77211878389393
92,t,116.50280797744328,116.50280797744328
93,c,116.50280797744328,116.50280797744328
94,c,30.23566572252173,42.874391592764844
95,t,116.50280797744328,116.50280797744328
96,t,116.50280797744328,116.50280797744328
97,t,116.50280797744328,116.50280797744328
98,t,116.50280797744328,116.50280797744328
99,t,116.50280797744328,116.50280797744328
100,c,116.50280797744328,116.50280797744328
101,c,116.50280797744328,116.50280797744328
102,c,65.82999687847297,67.1634215994792
103,t,116.50280797744328,116.50280797744328
104,c,116.50280797744328,116.50280797744328
105,t,116.50280797744328,116.50280797744328
106,c,116.50280797744328,116.50280797744328
107,c,116.50280797744328,116.50280797744328
108,c,116.50280797744328,116.50280797744328
109,c,116.50280797744328,116.50280797744328
110,c,116.50280797744328,116.50280797744328
111,t,116.50280797744328,116.50280797744328
112,t,116.50280797744328,116.50280797744328
113,t,116.50280797744328,116.50280797744328
114,c,116.50280797744328,116.50280797744328
115,t,116.50280797744328,116.50280797744328
116,t,116.50280797744328,116.50280797744328
117,t,116.50280797744328,116.50280797744328
118,t,116.50280797744328,116.50280797744328
119,c,116.50280797744328,116.50280797744328
120,t,116.50280797744328,116.50280797744328
121,t,116.50280797744328,116.50280797744328
122,c,116.50280797744328,116.50280797744328
123,c,25.728381321868014,32.40355346631352
124,t,116.50280797744328,116.50280797744328
125,t,116.50280797744328,116.50280797744328
126,t,116.50280797744328,116.50280797744328
127,t,116.50280797744328,116.50280797744328
128,t,116.50280797744328,116.50280797744328
129,c,116.50280797744328,116.50280797744328
130,t,116.50280797744328,116.50280797744328
131,t,116.50280797744328,116.50280797744328
132,t,116.50280797744328,116.50280797744328
133,c,116.50280797744328,116.50280797744328
134,t,116.50280797744328,116.50280797744328
135,t,116.50280797744328,116.50280797744328
136,t,116.50280797744328,116.50280797744328
137,c,56.806662658687145,59.103706585931384
138,t,116.50280797744328,116.50280797744328
139,t,116.50280797744328,116.50280797744328
140,c,40.31446495388592,42.427892950735696
141,t,116.50280797744328,116.50280797744328
142,c,116.50280797744328,116.50280797744328
143,c,69.58412639671783,72.31483998724913
144,c,116.50280797744328,116.50280797744328
145,c,73.69592693361982,79.31896799280956
146,c,116.50280797744328,116.50280797744328
147,t,116.50280797744328,116.50280797744328
148,c,48.801944119766084,66.85594098680332
149,na,1.614666694295537,6.662914545691573
150,t,116.50280797744328,116.50280797744328
151,c,116.50280797744328,116.50280797744328
152,c,116.50280797744328,116.50280797744328
153,c,116.50280797744328,116.50280797744328
154,t,116.50280797744328,116.50280797744328
155,t,116.50280797744328,116.50280797744328
156,t,116.50280797744328,116.50280797744328
157,c,116.50280797744328,116.50280797744328
158,c,116.50280797744328,116.50280797744328
159,t,116.50280797744328,116.50280797744328
160,c,116.50280797744328,116.50280797744328
161,t,116.50280797744328,116.50280797744328
162,c,116.50280797744328,116.50280797744328
163,c,116.50280797744328,116.50280797744328
164,t,116.50280797744328,116.50280797744328
165,c,94.22254721235014,96.30871837812231
166,c,116.50280797744328,116.50280797744328
167,c,116.50280797744328,116.50280797744328
168,c,116.50280797744328,116.50280797744328
169,t,116.50280797744328,116.50280797744328
170,c,116.50280797744328,116.50280797744328
171,c,116.50280797744328,116.50280797744328
172,c,14.989461711462056,15.884228782346606
173,c,19.620791525747922,20.129727834373213
174,c,116.50280797744328,116.50280797744328
175,c,23.12731835257731,23.238113439241165
176,t,116.50280797744328,116.50280797744328
177,c,21.80498693032496,24.436645556727058
178,t,116.50280797744328,116.50280797744328
179,c,44.085407859709285,45.8863977114554
180,c,116.50280797744328,116.50280797744328
181,t,116.50280797744328,116.50280797744328
182,c,116.50280797744328,116.50280797744328
183,t,116.50280797744328,116.50280797744328
184,c,56.29174813364004,61.20558025351235
185,c,116.50280797744328,116.50280797744328
186,c,116.50280797744328,116.50280797744328
187,t,116.50280797744328,116.50280797744328
188,c,7.780626682322706,11.504251634378761
189,c,116.50280797744328,116.50280797744328
190,c,116.50280797744328,116.50280797744328
191,t,116.50280797744328,116.50280797744328
192,t,116.50280797744328,116.50280797744328
193,c,50.49693595227282,52.91956153566169
194,c,116.50280797744328,116.50280797744328
195,t,116.50280797744328,116.50280797744328
196,c,116.50280797744328,116.50280797744328
197,c,116.50280797744328,116.50280797744328
198,t,116.50280797744328,116.50280797744328
199,t,116.50280797744328,116.50280797744328
200,na,0.11954357772506796,10.775111525604101
201,c,116.50280797744328,116.50280797744328
202,t,116.50280797744328,116.50280797744328
203,c,116.50280797744328,116.50280797744328
204,t,116.50280797744328,116.50280797744328
205,t,116.50280797744328,116.50280797744328
206,t,116.50280797744328,116.50280797744328
207,t,116.50280797744328,116.50280797744328
208,c,46.16796067448176,60.42081733015033
209,c,116.50280797744328,116.50280797744328
210,t,116.50280797744328,116.50280797744328
211,c,38.35855981644374,116.50280797744328
212,c,39.327778170570106,39.65351112496922
213,t,116.50280797744328,116.50280797744328
214,c,116.50280797744328,116.50280797744328
215,c,43.83233474553008,61.41526680009307
216,t,116.50280797744328,116.50280797744328
217,c,116.50280797744328,116.50280797744328
218,t,116.50280797744328,116.50280797744328
219,c,116.50280797744328,116.50280797744328
220,t,116.50280797744328,116.50280797744328
221,t,116.50280797744328,116.50280797744328
222,c,116.50280797744328,116.50280797744328
223,c,116.50280797744328,116.50280797744328
224,c,116.50280797744328,116.50280797744328
225,t,116.50280797744328,116.50280797744328
226,t,116.50280797744328,116.50280797744328
227,c,116.50280797744328,116.50280797744328
228,c,116.50280797744328,116.50280797744328
229,c,116.50280797744328,116.50280797744328
230,c,116.50280797744328,116.50280797744328
231,t,116.50280797744328,116.50280797744328
232,c,29.50195962982453,30.931000143857133
233,c,41.30391493737973,45.174327340802186
234,t,116.50280797744328,116.50280797744328
235,c,53.835761261217016,58.386712401870646
236,t,116.50280797744328,116.50280797744328
237,t,116.50280797744328,116.50280797744328
238,t,116.50280797744328,116.50280797744328
239,t,116.50280797744328,116.50280797744328
240,c,15.110705355419652,15.6952767075063
241,t,116.50280797744328,116.50280797744328
242,c,116.50280797744328,116.50280797744328
243,t,116.50280797744328,116.50280797744328
244,c,116.50280797744328,116.50280797744328
245,c,24.181883017568317,25.741878687713033
246,t,116.50280797744328,116.50280797744328
247,c,85.16188053209476,85.68789695290734
248,c,22.24252058938622,22.27486649815818
249,c,116.50280797744328,116.50280797744328
250,c,46.766396290477985,116.50280797744328
251,c,116.50280797744328,116.50280797744328
252,t,116.50280797744328,116.50280797744328
253,t,116.50280797744328,116.50280797744328
254,c,116.50280797744328,116.50280797744328
255,t,116.50280797744328,116.50280797744328
256,c,116.50280797744328,116.50280797744328
257,t,116.50280797744328,116.50280797744328
258,t,116.50280797744328,116.50280797744328
259,c,116.50280797744328,116.50280797744328
260,t,116.50280797744328,116.50280797744328
261,c,34.18565864568715,46.524415468976876
262,c,116.50280797744328,116.50280797744328
263,t,116.50280797744328,116.50280797744328
264,c,116.50280797744328,116.50280797744328
265,t,116.50280797744328,116.50280797744328
266,t,116.50280797744328,116.50280797744328
267,t,116.50280797744328,116.50280797744328
268,t,116.50280797744328,116.50280797744328
269,c,116.50280797744328,116.50280797744328
270,c,26.65277267179604,31.91794589150756
271,c,64.54351846385529,65.65063624276296
272,t,116.50280797744328,116.50280797744328
273,c,116.50280797744328,116.50280797744328
274,t,116.50280797744328,116.50280797744328
275,t,116.50280797744328,116.50280797744328
276,t,116.50280797744328,116.50280797744328
277,c,116.50280797744328,116.50280797744328
278,c,116.50280797744328,116.50280797744328
279,t,116.50280797744328,116.50280797744328
280,t,116.50280797744328,116.50280797744328
281,t,116.50280797744328,116.50280797744328
282,t,116.50280797744328,116.50280797744328
283,c,116.50280797744328,116.50280797744328
284,t,116.50280797744328,116.50280797744328
285,t,116.50280797744328,116.50280797744328
286,t,116.50280797744328,116.50280797744328
287,c,116.50280797744328,116.50280797744328
288,t,116.50280797744328,116.50280797744328
289,t,116.50280797744328,116.50280797744328
290,t,116.50280797744328,116.50280797744328
291,c,116.50280797744328,116.50280797744328
292,c,7.8639125058021895,20.351923752636452
293,t,116.50280797744328,116.50280797744328
294,c,87.33306660231895,87.81960256915409
295,c,116.50280797744328,116.50280797744328
296,c,116.50280797744328,116.50280797744328
297,c,116.50280797744328,116.50280797744328
298,t,116.50280797744328,116.50280797744328
299,t,116.50280797744328,116.50280797744328
300,c,116.50280797744328,116.50280797744328
301,t,116.50280797744328,116.50280797744328
302,c,116.50280797744328,116.50280797744328
303,t,116.50280797744328,116.50280797744328
304,c,48.34689871935352,53.78918426975066
305,t,116.50280797744328,116.50280797744328
306,t,116.50280797744328,116.50280797744328
307,t,116.50280797744328,116.50280797744328
308,c,54.44388029791571,56.14123800181636
309,t,116.50280797744328,116.50280797744328
310,c,116.50280797744328,116.50280797744328
311,t,116.50280797744328,116.50280797744328
312,c,16.80661305183967,31.965851984310397
313,c,24.20928513165018,27.337988961528012
314,t,116.50280797744328,116.50280797744328
315,c,116.50280797744328,116.50280797744328
316,c,116.50280797744328,116.50280797744328
317,t,116.50280797744328,116.50280797744328
318,t,116.50280797744328,116.50280797744328
319,t,116.50280797744328,116.50280797744328
320,c,116.50280797744328,116.50280797744328
321,c,116.50280797744328,116.50280797744328
322,t,116.50280797744328,116.50280797744328
323,t,116.50280797744328,116.50280797744328
324,c,116.50280797744328,116.50280797744328
325,t,116.50280797744328,116.50280797744328
326,c,11.039568384033869,13.833902639853132
327,c,116.50280797744328,116.50280797744328
328,c,116.50280797744328,116.50280797744328
329,t,116.50280797744328,116.50280797744328
330,c,29.078150667101543,29.414953554915275
331,t,116.50280797744328,116.50280797744328
332,c,52.93335193901215,54.48939506582694
333,t,116.50280797744328,116.50280797744328
334,c,64.16565249324758,66.72320626570648
335,t,116.50280797744328,116.50280797744328
336,t,116.50280797744328,116.50280797744328
337,c,116.50280797744328,116.50280797744328
338,c,35.91231147344273,36.91502753226049
339,c,116.50280797744328,116.50280797744328
340,c,116.50280797744328,116.50280797744328
341,t,116.50280797744328,116.50280797744328
342,t,116.50280797744328,116.50280797744328
343,c,116.50280797744328,116.50280797744328
344,t,116.50280797744328,116.50280797744328
345,t,116.50280797744328,116.50280797744328
346,c,34.370829027530114,40.51517895002051
347,c,93.7858124756849,102.36878157596634
348,c,58.63694625704786,78.57141377185724
349,t,116.50280797744328,116.50280797744328
350,t,116.50280797744328,116.50280797744328
351,t,116.50280797744328,116.50280797744328
352,c,116.50280797744328,116.50280797744328
353,t,116.50280797744328,116.50280797744328
354,c,24.508605320747858,26.872167030575365
355,t,116.50280797744328,116.50280797744328
356,t,116.50280797744328,116.50280797744328
357,t,116.50280797744328,116.50280797744328
358,c,90.89170532828355,92.03441013857352
359,c,116.50280797744328,116.50280797744328
360,t,116.50280797744328,116.50280797744328
361,t,116.50280797744328,116.50280797744328
362,c,12.681935204064297,13.370313277769835
363,t,116.50280797744328,116.50280797744328
364,t,116.50280797744328,116.50280797744328
365,c,116.50280797744328,116.50280797744328
366,c,116.50280797744328,116.50280797744328
367,c,116.50280797744328,116.50280797744328
368,t,116.50280797744328,116.50280797744328
369,c,59.45447407476548,61.45651868289089
370,t,116.50280797744328,116.50280797744328
371,t,116.50280797744328,116.50280797744328
372,c,36.702081812271906,43.56170662972183
373,c,116.50280797744328,116.50280797744328
374,t,116.50280797744328,116.50280797744328
375,t,116.50280797744328,116.50280797744328
376,c,116.50280797744328,116.50280797744328
377,t,116.50280797744328,116.50280797744328
378,t,116.50280797744328,116.50280797744328
379,t,116.50280797744328,116.50280797744328
380,c,116.50280797744328,116.50280797744328
381,c,116.50280797744328,116.50280797744328
382,c,41.41175325064123,43.476634581649236
383,t,116.50280797744328,116.50280797744328
384,t,116.50280797744328,116.50280797744328
385,c,116.50280797744328,116.50280797744328
386,c,116.50280797744328,116.50280797744328
387,c,116.50280797744328,116.50280797744328
388,t,116.50280797744328,116.50280797744328
389,t,116.50280797744328,116.50280797744328
390,c,116.50280797744328,116.50280797744328
391,c,116.50280797744328,116.50280797744328
392,c,116.50280797744328,116.50280797744328
393,c,116.50280797744328,116.50280797744328
394,t,116.50280797744328,116.50280797744328
395,c,116.50280797744328,116.50280797744328
396,t,116.50280797744328,116.50280797744328
397,c,21.14432076874097,24.89793637935854
398,t,116.50280797744328,116.50280797744328
399,c,81.24747936316732,82.30806171398946
400,c,116.50280797744328,116.50280797744328
401,c,116.50280797744328,116.50280797744328
402,t,116.50280797744328,116.50280797744328
403,t,116.50280797744328,116.50280797744328
404,t,116.50280797744328,116.50280797744328
405,t,116.50280797744328,116.50280797744328
406,c,116.50280797744328,116.50280797744328
407,t,116.50280797744328,116.50280797744328
408,t,116.50280797744328,116.50280797744328
409,t,116.50280797744328,116.50280797744328
410,c,116.50280797744328,116.50280797744328
411,t,116.50280797744328,116.50280797744328
412,c,56.74296697155342,58.87938447729574
413,c,116.50280797744328,116.50280797744328
414,t,116.50280797744328,116.50280797744328
415,t,116.50280797744328,116.50280797744328
416,t,116.50280797744328,116.50280797744328
417,c,116.50280797744328,116.50280797744328
418,c,28.70687408004808,33.52325994159927
419,t,116.50280797744328,116.50280797744328
420,t,116.50280797744328,116.50280797744328
421,t,116.50280797744328,116.50280797744328
422,c,53.98040035723522,55.446967032997215
423,t,116.50280797744328,116.50280797744328
424,t,116.50280797744328,116.50280797744328
425,t,116.50280797744328,116.50280797744328
426,c,116.50280797744328,116.50280797744328
427,t,116.50280797744328,116.50280797744328
428,t,116.50280797744328,116.50280797744328
429,t,116.50280797744328,116.50280797744328
430,c,116.50280797744328,116.50280797744328
431,t,116.50280797744328,116.50280797744328
432,c,116.50280797744328,116.50280797744328
433,c,116.50280797744328,116.50280797744328
434,t,116.50280797744328,116.50280797744328
435,t,116.50280797744328,116.50280797744328
436,c,51.71915572931944,53.61672740400765
437,c,116.50280797744328,116.50280797744328
438,c,116.50280797744328,116.50280797744328
439,c,116.50280797744328,116.50280797744328
440,t,116.50280797744328,116.50280797744328
441,na,-1,0
442,c,116.50280797744328,116.50280797744328
443,c,116.50280797744328,116.50280797744328
444,t,116.50280797744328,116.50280797744328
445,t,116.50280797744328,116.50280797744328
446,t,116.50280797744328,116.50280797744328
447,c,34.18402581921256,34.9878668351342
448,t,116.50280797744328,116.50280797744328
449,c,49.69087571737074,59.28934460263113
450,c,116.50280797744328,116.50280797744328
451,c,116.50280797744328,116.50280797744328
452,t,116.50280797744328,116.50280797744328
453,t,116.50280797744328,116.50280797744328
454,c,24.651023900025656,28.058236337064248
455,t,116.50280797744328,116.50280797744328
456,t,116.50280797744328,116.50280797744328
457,c,17.079303222501157,21.782773379202624
458,t,116.50280797744328,116.50280797744328
459,t,116.50280797744328,116.50280797744328
460,c,116.50280797744328,116.50280797744328
461,c,65.63933277960284,68.37674017768704
462,t,116.50280797744328,116.50280797744328
463,t,116.50280797744328,116.50280797744328
464,c,116.50280797744328,116.50280797744328
465,c,60.604400849696695,63.97345054753058
466,c,116.50280797744328,116.50280797744328
467,t,116.50280797744328,116.50280797744328
468,c,116.50280797744328,116.50280797744328
469,t,116.50280797744328,116.50280797744328
470,c,116.50280797744328,116.50280797744328
471,c,116.50280797744328,116.50280797744328
472,t,116.50280797744328,116.50280797744328
473,t,116.50280797744328,116.50280797744328
474,t,116.50280797744328,116.50280797744328
475,t,116.50280797744328,116.50280797744328
476,t,116.50280797744328,116.50280797744328
477,t,116.50280797744328,116.50280797744328
478,c,91.77268321380197,93.88214743008386
479,t,116.50280797744328,116.50280797744328
480,t,116.50280797744328,116.50280797744328
481,c,92.43953911836991,97.64586312016411
482,c,116.50280797744328,116.50280797744328
483,t,116.50280797744328,116.50280797744328
484,t,116.50280797744328,116.50280797744328
485,c,116.50280797744328,116.50280797744328
486,c,116.50280797744328,116.50280797744328
487,c,64.1113979337758,69.18396952253607
488,t,116.50280797744328,116.50280797744328
489,c,17.51984918689138,27.938450671564638
490,c,29.57747068013231,116.50280797744328
491,c,1.9962357390042595,5.882436885940274
492,c,116.50280797744328,116.50280797744328
493,c,116.50280797744328,116.50280797744328
494,t,116.50280797744328,116.50280797744328
495,c,58.0269968129159,59.298710727030105
496,c,116.50280797744328,116.50280797744328
497,t,116.50280797744328,116.50280797744328
498,c,17.40047103560071,20.23950693050563
499,c,116.50280797744328,116.50280797744328
500,t,116.50280797744328,116.50280797744328
501,c,116.50280797744328,116.50280797744328
502,c,116.50280797744328,116.50280797744328
503,c,116.50280797744328,116.50280797744328
504,t,116.50280797744328,116.50280797744328
505,t,116.50280797744328,116.50280797744328
506,c,116.50280797744328,116.50280797744328
507,c,116.50280797744328,116.50280797744328
508,t,116.50280797744328,116.50280797744328
509,t,116.50280797744328,116.50280797744328
510,c,116.50280797744328,116.50280797744328
511,c,116.50280797744328,116.50280797744328
512,t,116.50280797744328,116.50280797744328
513,c,116.50280797744328,116.50280797744328
514,t,116.50280797744328,116.50280797744328
515,c,116.50280797744328,116.50280797744328
516,t,116.50280797744328,116.50280797744328
517,t,116.50280797744328,116.50280797744328
518,c,116.50280797744328,116.50280797744328
519,t,116.50280797744328,116.50280797744328
520,t,116.50280797744328,116.50280797744328
521,c,116.50280797744328,116.50280797744328
522,c,116.50280797744328,116.50280797744328
523,t,116.50280797744328,116.50280797744328
524,t,116.50280797744328,116.50280797744328
525,t,116.50280797744328,116.50280797744328
526,c,116.50280797744328,116.50280797744328
527,c,20.39427358377848,25.147873435843998
528,c,116.50280797744328,116.50280797744328
529,t,116.50280797744328,116.50280797744328
530,na,0.31329956716808416,116.50280797744328
531,c,116.50280797744328,116.50280797744328
532,t,116.50280797744328,116.50280797744328
533,t,116.50280797744328,116.50280797744328
534,t,116.50280797744328,116.50280797744328
535,t,116.50280797744328,116.50280797744328
536,t,116.50280797744328,116.50280797744328
537,c,116.50280797744328,116.50280797744328
538,t,116.50280797744328,116.50280797744328
539,c,116.50280797744328,116.50280797744328
540,t,116.50280797744328,116.50280797744328
541,t,116.50280797744328,116.50280797744328
542,t,116.50280797744328,116.50280797744328
543,t,116.50280797744328,116.50280797744328
544,t,116.50280797744328,116.50280797744328
545,c,116.50280797744328,116.50280797744328
546,c,25.268133856421855,26.834253020656245
547,c,116.50280797744328,116.50280797744328
548,t,116.50280797744328,116.50280797744328
549,t,116.50280797744328,116.50280797744328
550,t,116.50280797744328,116.50280797744328
551,c,116.50280797744328,116.50280797744328
552,t,116.50280797744328,116.50280797744328
553,c,116.50280797744328,116.50280797744328
554,c,77.40187647165192,96.32894374227565
555,c,116.50280797744328,116.50280797744328
556,c,116.50280797744328,116.50280797744328
557,t,116.50280797744328,116.50280797744328
558,t,116.50280797744328,116.50280797744328
559,c,116.50280797744328,116.50280797744328
560,c,46.03653248612434,116.50280797744328
561,c,72.98839880257887,76.08576820433179
562,t,116.50280797744328,116.50280797744328
563,c,116.50280797744328,116.50280797744328
564,c,87.49652996565348,93.68731921342633
565,t,116.50280797744328,116.50280797744328
566,c,8.955676946996165,9.551368929725074
567,c,98.09160069545173,108.04707245407843
568,c,116.50280797744328,116.50280797744328
569,t,116.50280797744328,116.50280797744328
570,t,116.50280797744328,116.50280797744328
571,t,116.50280797744328,116.50280797744328
572,t,116.50280797744328,116.50280797744328
573,t,116.50280797744328,116.50280797744328
574,c,45.10676781214784,48.172818622617235
575,c,12.883932730355259,25.507284531993726
576,c,80.31405020601801,80.63103403254146
577,t,116.50280797744328,116.50280797744328
578,t,116.50280797744328,116.50280797744328
579,t,116.50280797744328,116.50280797744328
580,t,116.50280797744328,116.50280797744328
581,t,116.50280797744328,116.50280797744328
582,t,116.50280797744328,116.50280797744328
583,t,116.50280797744328,116.50280797744328
584,c,116.50280797744328,116.50280797744328
585,c,116.50280797744328,116.50280797744328
586,t,116.50280797744328,116.50280797744328
587,c,72.17076484945252,72.75240133974808
588,c,116.50280797744328,116.50280797744328
589,t,116.50280797744328,116.50280797744328
590,c,116.50280797744328,116.50280797744328
591,c,116.50280797744328,116.50280797744328
592,c,116.50280797744328,116.50280797744328
593,t,116.50280797744328,116.50280797744328
594,c,116.50280797744328,116.50280797744328
595,t,116.50280797744328,116.50280797744328
596,c,31.65034189638689,35.22487254426211
597,t,116.50280797744328,116.50280797744328
598,c,116.50280797744328,116.50280797744328
599,t,116.50280797744328,116.50280797744328
600,t,116.50280797744328,116.50280797744328
601,c,116.50280797744328,116.50280797744328
602,c,116.50280797744328,116.50280797744328
603,t,116.50280797744328,116.50280797744328
604,c,38.203547666924415,43.3780622914791
605,t,116.50280797744328,116.50280797744328
606,c,116.50280797744328,116.50280797744328
607,t,116.50280797744328,116.50280797744328
608,t,116.50280797744328,116.50280797744328
609,c,116.50280797744328,116.50280797744328
610,t,116.50280797744328,116.50280797744328
611,c,116.50280797744328,116.50280797744328
612,t,116.50280797744328,116.50280797744328
613,c,46.9205469635792,47.22833944059735
614,t,116.50280797744328,116.50280797744328
615,c,116.50280797744328,116.50280797744328
616,c,116.50280797744328,116.50280797744328
617,c,70.42561083040808,71.31202862798466
618,t,116.50280797744328,116.50280797744328
619,t,116.50280797744328,116.50280797744328
620,t,116.50280797744328,116.50280797744328
621,c,116.50280797744328,116.50280797744328
622,t,116.50280797744328,116.50280797744328
623,t,116.50280797744328,116.50280797744328
624,na,7.55200503541783,11.092677272407341
625,t,116.50280797744328,116.50280797744328
626,t,116.50280797744328,116.50280797744328
627,t,116.50280797744328,116.50280797744328
628,c,116.50280797744328,116.50280797744328
629,t,116.50280797744328,116.50280797744328
630,t,116.50280797744328,116.50280797744328
631,t,116.50280797744328,116.50280797744328
632,t,116.50280797744328,116.50280797744328
633,c,116.50280797744328,116.50280797744328
634,c,116.50280797744328,116.50280797744328
635,c,59.51035426262247,60.632983191907705
636,t,116.50280797744328,116.50280797744328
637,c,67.68555038976038,72.84560555661703
638,c,116.50280797744328,116.50280797744328
639,t,116.50280797744328,116.50280797744328
640,t,116.50280797744328,116.50280797744328
641,c,37.041523536754326,41.37711089373894
642,t,116.50280797744328,116.50280797744328
643,t,116.50280797744328,116.50280797744328
644,t,116.50280797744328,116.50280797744328
645,c,116.50280797744328,116.50280797744328
646,t,116.50280797744328,116.50280797744328
647,t,116.50280797744328,116.50280797744328
648,c,25.597525422561546,26.79120528738651
649,c,116.50280797744328,116.50280797744328
650,t,116.50280797744328,116.50280797744328
651,c,25.739905508908013,26.99969630114075
652,c,116.50280797744328,116.50280797744328
653,t,116.50280797744328,116.50280797744328
654,t,116.50280797744328,116.50280797744328
655,t,116.50280797744328,116.50280797744328
656,t,116.50280797744328,116.50280797744328
657,na,116.50280797744328,116.50280797744328
658,t,116.50280797744328,116.50280797744328
659,c,53.482348780142196,69.68708455664095
660,c,116.50280797744328,116.50280797744328
661,t,116.50280797744328,116.50280797744328
662,t,116.50280797744328,116.50280797744328
663,t,116.50280797744328,116.50280797744328
664,t,116.50280797744328,116.50280797744328
665,c,97.52274212049264,99.47061534361954
666,c,15.097110665298596,15.666413493700256
667,c,15.370850899503646,26.289540420571946
668,t,116.50280797744328,116.50280797744328
669,t,116.50280797744328,116.50280797744328
670,t,116.50280797744328,116.50280797744328
671,t,116.50280797744328,116.50280797744328
672,t,116.50280797744328,116.50280797744328
673,t,116.50280797744328,116.50280797744328
674,t,116.50280797744328,116.50280797744328
675,c,116.50280797744328,116.50280797744328
676,t,116.50280797744328,116.50280797744328
677,c,14.181835984671272,22.177077702008592
678,t,116.50280797744328,116.50280797744328
679,t,116.50280797744328,116.50280797744328
680,t,116.50280797744328,116.50280797744328
681,t,116.50280797744328,116.50280797744328
682,c,44.37390662552954,53.86532663940702
683,c,116.50280797744328,116.50280797744328
684,c,116.50280797744328,116.50280797744328
685,t,116.50280797744328,116.50280797744328
686,c,116.50280797744328,116.50280797744328
687,c,116.50280797744328,116.50280797744328
688,t,116.50280797744328,116.50280797744328
689,t,116.50280797744328,116.50280797744328
690,c,116.50280797744328,116.50280797744328
691,c,116.50280797744328,116.50280797744328
692,c,47.30298598387651,50.697048530890896
693,t,116.50280797744328,116.50280797744328
694,t,116.50280797744328,116.50280797744328
695,t,116.50280797744328,116.50280797744328
696,t,116.50280797744328,116.50280797744328
697,c,116.50280797744328,116.50280797744328
698,c,59.41322669465607,60.032278630386436
699,c,116.50280797744328,116.50280797744328
700,t,116.50280797744328,116.50280797744328
701,t,116.50280797744328,116.50280797744328
702,c,116.50280797744328,116.50280797744328
703,c,116.50280797744328,116.50280797744328
704,t,116.50280797744328,116.50280797744328
705,t,116.50280797744328,116.50280797744328
706,c,116.50280797744328,116.50280797744328
707,t,116.50280797744328,116.50280797744328
708,t,116.50280797744328,116.50280797744328
709,t,116.50280797744328,116.50280797744328
710,na,-1,0
711,c,116.50280797744328,116.50280797744328
712,t,116.50280797744328,116.50280797744328
713,t,116.50280797744328,116.50280797744328
714,t,116.50280797744328,116.50280797744328
715,c,116.50280797744328,116.50280797744328
716,c,116.50280797744328,116.50280797744328
717,t,116.50280797744328,116.50280797744328
718,t,116.50280797744328,116.50280797744328
719,t,116.50280797744328,116.50280797744328
720,t,116.50280797744328,116.50280797744328
721,c,28.664420220261434,39.69676998277746
722,t,116.50280797744328,116.50280797744328
723,t,116.50280797744328,116.50280797744328
724,t,116.50280797744328,116.50280797744328
725,t,116.50280797744328,116.50280797744328
726,c,116.50280797744328,116.50280797744328
727,c,116.50280797744328,116.50280797744328
728,c,116.50280797744328,116.50280797744328
729,c,116.50280797744328,116.50280797744328
730,c,84.14187159372798,85.84161067791536
731,t,116.50280797744328,116.50280797744328
732,t,116.50280797744328,116.50280797744328
733,c,116.50280797744328,116.50280797744328
734,t,116.50280797744328,116.50280797744328
735,c,116.50280797744328,116.50280797744328
736,t,116.50280797744328,116.50280797744328
737,t,116.50280797744328,116.50280797744328
738,t,116.50280797744328,116.50280797744328
739,t,116.50280797744328,116.50280797744328
740,t,116.50280797744328,116.50280797744328
741,c,40.56424606332464,41.70759454513839
742,c,116.50280797744328,116.50280797744328
743,t,116.50280797744328,116.50280797744328
744,c,116.50280797744328,116.50280797744328
745,t,116.50280797744328,116.50280797744328
746,t,116.50280797744328,116.50280797744328
747,c,39.277153357929265,46.83560654439313
748,t,116.50280797744328,116.50280797744328
749,t,116.50280797744328,116.50280797744328
750,t,116.50280797744328,116.50280797744328
751,c,116.50280797744328,116.50280797744328
752,c,26.381978351966772,27.551945945137174
753,c,116.50280797744328,116.50280797744328
754,t,116.50280797744328,116.50280797744328
755,c,116.50280797744328,116.50280797744328
756,c,55.74352146523522,58.287293009853606
757,c,40.76373954723319,47.77291318214063
758,c,53.24725877037199,55.76809153514811
759,c,25.764993394844154,29.235774045411898
760,t,116.50280797744328,116.50280797744328
761,t,116.50280797744328,116.50280797744328
762,t,116.50280797744328,116.50280797744328
763,t,116.50280797744328,116.50280797744328
764,c,116.50280797744328,116.50280797744328
765,t,116.50280797744328,116.50280797744328
766,c,116.50280797744328,116.50280797744328
767,c,46.19549590215992,50.09046989149127
768,t,116.50280797744328,116.50280797744328
769,c,116.50280797744328,116.50280797744328
770,c,116.50280797744328,116.50280797744328
771,c,116.50280797744328,116.50280797744328
772,t,116.50280797744328,116.50280797744328
773,c,116.50280797744328,116.50280797744328
774,c,116.50280797744328,116.50280797744328
775,na,14.03104535224053,15.800840840611606
776,c,116.50280797744328,116.50280797744328
777,c,116.50280797744328,116.50280797744328
778,c,34.47838520558759,39.77051176142809
779,t,116.50280797744328,116.50280797744328
780,t,116.50280797744328,116.50280797744328
781,t,116.50280797744328,116.50280797744328
782,c,116.50280797744328,116.50280797744328
783,t,116.50280797744328,116.50280797744328
784,c,107.1007475406386,108.10338998140735
785,c,59.090714379494855,68.26805931714996
786,t,116.50280797744328,116.50280797744328
787,c,116.50280797744328,116.50280797744328
788,t,116.50280797744328,116.50280797744328
789,c,116.50280797744328,116.50280797744328
790,t,116.50280797744328,116.50280797744328
791,c,116.50280797744328,116.50280797744328
792,c,6.0923565440664635,10.243548950683277
793,c,54.642911839904954,58.02017887485573
794,c,116.50280797744328,116.50280797744328
795,c,116.50280797744328,116.50280797744328
796,c,116.50280797744328,116.50280797744328
797,c,116.50280797744328,116.50280797744328
798,t,116.50280797744328,116.50280797744328
799,t,116.50280797744328,116.50280797744328
800,c,116.50280797744328,116.50280797744328
801,c,116.50280797744328,116.50280797744328
802,c,116.50280797744328,116.50280797744328
803,c,116.50280797744328,116.50280797744328
804,c,70.26975134774723,71.9885136830918
805,c,116.50280797744328,116.50280797744328
806,c,47.39542718332487,52.322996613890666
807,t,116.50280797744328,116.50280797744328
808,t,116.50280797744328,116.50280797744328
809,c,116.50280797744328,116.50280797744328
810,c,46.031618598562005,54.92742504010985
811,t,116.50280797744328,116.50280797744328
812,c,116.50280797744328,116.50280797744328
813,c,116.50280797744328,116.50280797744328
814,t,116.50280797744328,116.50280797744328
815,c,24.44010337674938,116.50280797744328
816,c,116.50280797744328,116.50280797744328
817,t,116.50280797744328,116.50280797744328
818,t,116.50280797744328,116.50280797744328
819,c,116.50280797744328,116.50280797744328
820,t,116.50280797744328,116.50280797744328
821,c,36.45798755215264,47.42025263435209
822,c,116.50280797744328,116.50280797744328
823,t,116.50280797744328,116.50280797744328
824,t,116.50280797744328,116.50280797744328
825,c,64.86292420528763,66.01463767146237
826,t,116.50280797744328,116.50280797744328
827,c,116.50280797744328,116.50280797744328
828,c,116.50280797744328,116.50280797744328
829,t,116.50280797744328,116.50280797744328
830,t,116.50280797744328,116.50280797744328
831,t,116.50280797744328,116.50280797744328
832,c,116.50280797744328,116.50280797744328
833,t,116.50280797744328,116.50280797744328
834,t,116.50280797744328,116.50280797744328
835,c,116.50280797744328,116.50280797744328
836,c,19.214316206789825,21.44279095270261
837,c,116.50280797744328,116.50280797744328
838,c,116.50280797744328,116.50280797744328
839,c,35.55931755652021,35.68107802853103
840,t,116.50280797744328,116.50280797744328
841,t,116.50280797744328,116.50280797744328
842,t,116.50280797744328,116.50280797744328
843,c,116.50280797744328,116.50280797744328
844,t,116.50280797744328,116.50280797744328
845,t,116.50280797744328,116.50280797744328
846,t,116.50280797744328,116.50280797744328
847,t,116.50280797744328,116.50280797744328
848,c,116.50280797744328,116.50280797744328
849,c,116.50280797744328,116.50280797744328
850,t,116.50280797744328,116.50280797744328
851,t,116.50280797744328,116.50280797744328
852,c,43.23286222121071,49.26095699597289
853,t,116.50280797744328,116.50280797744328
854,c,116.50280797744328,116.50280797744328
855,c,116.50280797744328,116.50280797744328
856,c,48.33176892541804,48.85831650781855
857,t,116.50280797744328,116.50280797744328
858,t,116.50280797744328,116.50280797744328
859,c,116.50280797744328,116.50280797744328
860,t,116.50280797744328,116.50280797744328
861,t,116.50280797744328,116.50280797744328
862,t,116.50280797744328,116.50280797744328
863,t,116.50280797744328,116.50280797744328
864,c,37.401374569455854,43.02783284986692
865,c,116.50280797744328,116.50280797744328
866,c,56.83344932507236,69.22397872307515
867,c,6.435244026216454,6.486034861876499
868,c,116.50280797744328,116.50280797744328
869,t,116.50280797744328,116.50280797744328
870,t,116.50280797744328,116.50280797744328
871,t,116.50280797744328,116.50280797744328
872,c,116.50280797744328,116.50280797744328
873,na,0,1.5419913946575872
874,t,116.50280797744328,116.50280797744328
875,c,42.463137221497675,50.00482973923574
876,c,116.50280797744328,116.50280797744328
877,t,116.50280797744328,116.50280797744328
878,t,116.50280797744328,116.50280797744328
879,t,116.50280797744328,116.50280797744328
880,c,46.71872785304798,48.786226887233546
881,t,116.50280797744328,116.50280797744328
882,t,116.50280797744328,116.50280797744328
883,c,116.50280797744328,116.50280797744328
884,c,37.92152736313546,40.13801770187696
885,t,116.50280797744328,116.50280797744328
886,c,116.50280797744328,116.50280797744328
887,t,116.50280797744328,116.50280797744328
888,c,116.50280797744328,116.50280797744328
889,c,116.50280797744328,116.50280797744328
890,c,116.50280797744328,116.50280797744328
891,t,116.50280797744328,116.50280797744328
892,t,116.50280797744328,116.50280797744328
893,c,51.380193057552134,53.2481810445036
894,t,116.50280797744328,116.50280797744328
895,c,116.50280797744328,116.50280797744328
896,c,116.50280797744328,116.50280797744328
897,t,116.50280797744328,116.50280797744328
898,c,116.50280797744328,116.50280797744328
899,t,116.50280797744328,116.50280797744328
900,t,116.50280797744328,116.50280797744328
901,c,116.50280797744328,116.50280797744328
902,c,116.50280797744328,116.50280797744328
903,c,116.50280797744328,116.50280797744328
904,t,116.50280797744328,116.50280797744328
905,c,116.50280797744328,116.50280797744328
906,t,116.50280797744328,116.50280797744328
907,c,116.50280797744328,116.50280797744328
908,c,63.403061512848375,71.0874093066729
909,c,116.50280797744328,116.50280797744328
910,t,116.50280797744328,116.50280797744328
911,c,116.50280797744328,116.50280797744328
912,c,116.50280797744328,116.50280797744328
913,t,116.50280797744328,116.50280797744328
914,t,116.50280797744328,116.50280797744328
915,t,116.50280797744328,116.50280797744328
916,c,39.4878809234486,47.829788141688375
917,t,116.50280797744328,116.50280797744328
918,t,116.50280797744328,116.50280797744328
919,t,116.50280797744328,116.50280797744328
920,c,116.50280797744328,116.50280797744328
921,c,116.50280797744328,116.50280797744328
922,t,116.50280797744328,116.50280797744328
923,c,116.50280797744328,116.50280797744328
924,c,97.81923972984258,98.22798370177003
925,c,116.50280797744328,116.50280797744328
926,c,116.50280797744328,116.50280797744328
927,t,116.50280797744328,116.50280797744328
928,t,116.50280797744328,116.50280797744328
929,c,116.50280797744328,116.50280797744328
930,c,116.50280797744328,116.50280797744328
931,c,116.50280797744328,116.50280797744328
932,t,116.50280797744328,116.50280797744328
933,c,116.50280797744328,116.50280797744328
934,c,116.50280797744328,116.50280797744328
935,t,116.50280797744328,116.50280797744328
936,t,116.50280797744328,116.50280797744328
937,c,53.11269708190128,58.89890522996949
938,c,69.41470507825119,69.92948279914978
939,c,116.50280797744328,116.50280797744328
940,c,47.48132779023455,55.11404648766225
941,t,116.50280797744328,116.50280797744328
942,c,13.449284313279358,16.46257898181868
943,c,116.50280797744328,116.50280797744328
944,c,116.50280797744328,116.50280797744328
945,c,116.50280797744328,116.50280797744328
946,t,116.50280797744328,116.50280797744328
947,c,114.90346030124793,116.50280797744328
948,c,116.50280797744328,116.50280797744328
949,t,116.50280797744328,116.50280797744328
950,t,116.50280797744328,116.50280797744328
951,t,116.50280797744328,116.50280797744328
952,t,116.50280797744328,116.50280797744328
953,t,116.50280797744328,116.50280797744328
954,c,66.71884099053662,67.57426330910482
955,t,116.50280797744328,116.50280797744328
956,c,46.349377931814885,46.40118688061243
957,c,53.714158768096134,54.230654797874344
958,c,116.50280797744328,116.50280797744328
959,t,116.50280797744328,116.50280797744328
960,c,116.50280797744328,116.50280797744328
961,t,116.50280797744328,116.50280797744328
962,c,116.50280797744328,116.50280797744328
963,t,116.50280797744328,116.50280797744328
964,c,75.12963023626672,76.72713899616778
965,t,116.50280797744328,116.50280797744328
966,c,116.50280797744328,116.50280797744328
967,t,116.50280797744328,116.50280797744328
968,t,116.50280797744328,116.50280797744328
969,t,116.50280797744328,116.50280797744328
970,t,116.50280797744328,116.50280797744328
971,c,84.0761321935995,97.96918228034592
972,c,116.50280797744328,116.50280797744328
973,c,116.50280797744328,116.50280797744328
974,c,116.50280797744328,116.50280797744328
975,c,11.690160656578902,15.165709633353694
976,c,26.725148085732574,28.263108838208154
977,t,116.50280797744328,116.50280797744328
978,t,116.50280797744328,116.50280797744328
979,c,116.50280797744328,116.50280797744328
980,t,116.50280797744328,116.50280797744328
981,t,116.50280797744328,116.50280797744328
982,c,116.50280797744328,116.50280797744328
983,c,116.50280797744328,116.50280797744328
984,t,116.50280797744328,116.50280797744328
985,c,116.50280797744328,116.50280797744328
986,t,116.50280797744328,116.50280797744328
987,c,116.50280797744328,116.50280797744328
988,c,116.50280797744328,116.50280797744328
989,t,116.50280797744328,116.50280797744328
990,c,116.50280797744328,116.50280797744328
991,t,116.50280797744328,116.50280797744328
992,t,116.50280797744328,116.50280797744328
993,t,116.50280797744328,116.50280797744328
994,c,74.36041278532679,74.62145378005283
995,c,116.50280797744328,116.50280797744328
996,t,116.50280797744328,116.50280797744328
997,c,116.50280797744328,116.50280797744328
998,c,116.50280797744328,116.50280797744328
999,c,51.67427768392713,52.804681033410006
