node, assignment, time2inf, time2death
0,na,-1,0
1,na,0,3.70772101037452
2,na,-1,0
3,na,-1,0
4,na,-1,0
5,na,-1,0
6,na,53.131082389884135,53.131082389884135
7,na,-1,0
8,na,-1,0
9,na,53.131082389884135,53.131082389884135
10,na,-1,0
11,na,53.131082389884135,53.131082389884135
12,na,-1,0
13,na,0,1.1116380823732595
14,na,0,4.118778482571383
15,na,-1,0
16,na,-1,0
17,na,-1,0
18,na,-1,0
19,na,-1,0
20,na,-1,0
21,na,0,3.3252381343739525
22,na,-1,0
23,na,-1,0
24,na,0,2.318073873887727
25,na,-1,0
26,na,0,53.131082389884135
27,na,-1,0
28,na,-1,0
29,na,0,5.483658704049717
30,na,-1,0
31,na,53.131082389884135,53.131082389884135
32,na,-1,0
33,na,-1,0
34,na,-1,0
35,na,-1,0
36,na,-1,0
37,na,-1,0
38,na,0,3.350939742960587
39,na,0,1.7155095903651894
40,c,53.131082389884135,53.131082389884135
41,c,53.131082389884135,53.131082389884135
42,t,53.131082389884135,53.131082389884135
43,c,16.230672656966075,16.66408995499572
44,t,53.131082389884135,53.131082389884135
45,c,53.131082389884135,53.131082389884135
46,na,8.597055653154838,15.199514986999969
47,c,53.131082389884135,53.131082389884135
48,c,53.131082389884135,53.131082389884135
49,na,1.5726834049139404,1.9315859943129101
50,c,53.131082389884135,53.131082389884135
51,t,53.131082389884135,53.131082389884135
52,c,53.131082389884135,53.131082389884135
53,t,53.131082389884135,53.131082389884135
54,t,53.131082389884135,53.131082389884135
55,c,53.131082389884135,53.131082389884135
56,c,53.131082389884135,53.131082389884135
57,c,53.131082389884135,53.131082389884135
58,c,53.131082389884135,53.131082389884135
59,c,53.131082389884135,53.131082389884135
60,c,53.131082389884135,53.131082389884135
61,t,53.131082389884135,53.131082389884135
62,c,53.131082389884135,53.131082389884135
63,na,6.148670549116445,6.5884158498448695
64,c,53.131082389884135,53.131082389884135
65,c,53.131082389884135,53.131082389884135
66,c,53.131082389884135,53.131082389884135
67,c,53.131082389884135,53.131082389884135
68,c,53.131082389884135,53.131082389884135
69,c,53.131082389884135,53.131082389884135
70,c,53.131082389884135,53.131082389884135
71,c,53.131082389884135,53.131082389884135
72,c,53.131082389884135,53.131082389884135
73,c,53.131082389884135,53.131082389884135
74,c,53.131082389884135,53.131082389884135
75,c,53.131082389884135,53.131082389884135
76,c,53.131082389884135,53.131082389884135
77,c,53.131082389884135,53.131082389884135
78,c,53.131082389884135,53.131082389884135
79,c,53.131082389884135,53.131082389884135
80,t,53.131082389884135,53.131082389884135
81,c,53.131082389884135,53.131082389884135
82,c,53.131082389884135,53.131082389884135
83,t,53.131082389884135,53.131082389884135
84,c,53.131082389884135,53.131082389884135
85,c,53.131082389884135,53.131082389884135
86,t,53.131082389884135,53.131082389884135
87,c,53.131082389884135,53.131082389884135
88,c,53.131082389884135,53.131082389884135
89,t,53.131082389884135,53.131082389884135
90,c,53.131082389884135,53.131082389884135
91,c,53.131082389884135,53.131082389884135
92,na,0.29464169675359103,0.8346824438275917
93,c,53.131082389884135,53.131082389884135
94,t,53.131082389884135,53.131082389884135
95,c,53.131082389884135,53.131082389884135
96,c,10.09763833574807,12.804282606533535
97,t,53.131082389884135,53.131082389884135
98,c,53.131082389884135,53.131082389884135
99,c,53.131082389884135,53.131082389884135
100,c,53.131082389884135,53.131082389884135
101,c,53.131082389884135,53.131082389884135
102,c,10.877699597115091,18.899891030937276
103,t,53.131082389884135,53.131082389884135
104,c,53.131082389884135,53.131082389884135
105,c,53.131082389884135,53.131082389884135
106,t,53.131082389884135,53.131082389884135
107,c,53.131082389884135,53.131082389884135
108,na,8.615822180506417,10.665693850554383
109,c,53.131082389884135,53.131082389884135
110,t,53.131082389884135,53.131082389884135
111,c,53.131082389884135,53.131082389884135
112,t,53.131082389884135,53.131082389884135
113,c,53.131082389884135,53.131082389884135
114,c,53.131082389884135,53.131082389884135
115,t,53.131082389884135,53.131082389884135
116,c,53.131082389884135,53.131082389884135
117,t,53.131082389884135,53.131082389884135
118,c,53.131082389884135,53.131082389884135
119,c,53.131082389884135,53.131082389884135
120,c,17.842614367227377,20.449347092501906
121,c,53.131082389884135,53.131082389884135
122,c,53.131082389884135,53.131082389884135
123,c,53.131082389884135,53.131082389884135
124,c,53.131082389884135,53.131082389884135
125,c,53.131082389884135,53.131082389884135
126,c,53.131082389884135,53.131082389884135
127,c,53.131082389884135,53.131082389884135
128,c,53.131082389884135,53.131082389884135
129,c,53.131082389884135,53.131082389884135
130,c,53.131082389884135,53.131082389884135
131,c,53.131082389884135,53.131082389884135
132,c,53.131082389884135,53.131082389884135
133,c,53.131082389884135,53.131082389884135
134,na,0,53.131082389884135
135,c,53.131082389884135,53.131082389884135
136,t,53.131082389884135,53.131082389884135
137,c,53.131082389884135,53.131082389884135
138,c,53.131082389884135,53.131082389884135
139,c,53.131082389884135,53.131082389884135
140,c,53.131082389884135,53.131082389884135
141,c,53.131082389884135,53.131082389884135
142,c,53.131082389884135,53.131082389884135
143,c,53.131082389884135,53.131082389884135
144,c,12.278793984247432,28.55338298787686
145,c,53.131082389884135,53.131082389884135
146,c,53.131082389884135,53.131082389884135
147,c,53.131082389884135,53.131082389884135
148,c,15.861422098319606,20.924166976795856
149,t,53.131082389884135,53.131082389884135
150,c,53.131082389884135,53.131082389884135
151,c,53.131082389884135,53.131082389884135
152,c,53.131082389884135,53.131082389884135
153,c,16.968165541303318,17.61994059365965
154,c,53.131082389884135,53.131082389884135
155,c,53.131082389884135,53.131082389884135
156,c,53.131082389884135,53.131082389884135
157,c,53.131082389884135,53.131082389884135
158,c,53.131082389884135,53.131082389884135
159,c,53.131082389884135,53.131082389884135
160,c,53.131082389884135,53.131082389884135
161,c,53.131082389884135,53.131082389884135
162,c,53.131082389884135,53.131082389884135
163,t,53.131082389884135,53.131082389884135
164,c,53.131082389884135,53.131082389884135
165,c,53.131082389884135,53.131082389884135
166,c,53.131082389884135,53.131082389884135
167,c,53.131082389884135,53.131082389884135
168,c,53.131082389884135,53.131082389884135
169,c,53.131082389884135,53.131082389884135
170,c,53.131082389884135,53.131082389884135
171,c,53.131082389884135,53.131082389884135
172,c,53.131082389884135,53.131082389884135
173,c,53.131082389884135,53.131082389884135
174,c,53.131082389884135,53.131082389884135
175,c,53.131082389884135,53.131082389884135
176,c,53.131082389884135,53.131082389884135
177,c,53.131082389884135,53.131082389884135
178,c,53.131082389884135,53.131082389884135
179,t,53.131082389884135,53.131082389884135
180,c,53.131082389884135,53.131082389884135
181,t,53.131082389884135,53.131082389884135
182,c,53.131082389884135,53.131082389884135
183,c,53.131082389884135,53.131082389884135
184,t,53.131082389884135,53.131082389884135
185,c,53.131082389884135,53.131082389884135
186,c,53.131082389884135,53.131082389884135
187,c,53.131082389884135,53.131082389884135
188,c,53.131082389884135,53.131082389884135
189,c,53.131082389884135,53.131082389884135
190,c,53.131082389884135,53.131082389884135
191,na,10.654553991403422,10.804168017012522
192,c,53.131082389884135,53.131082389884135
193,na,6.27104120699858,17.033787142863755
194,c,53.131082389884135,53.131082389884135
195,c,53.131082389884135,53.131082389884135
196,c,53.131082389884135,53.131082389884135
197,c,53.131082389884135,53.131082389884135
198,c,53.131082389884135,53.131082389884135
199,c,53.131082389884135,53.131082389884135
200,c,53.131082389884135,53.131082389884135
201,c,7.345482475807404,11.365966981049874
202,t,53.131082389884135,53.131082389884135
203,t,53.131082389884135,53.131082389884135
204,c,53.131082389884135,53.131082389884135
205,c,53.131082389884135,53.131082389884135
206,c,53.131082389884135,53.131082389884135
207,c,8.887898939397271,11.117017727678723
208,c,53.131082389884135,53.131082389884135
209,c,53.131082389884135,53.131082389884135
210,c,53.131082389884135,53.131082389884135
211,c,53.131082389884135,53.131082389884135
212,t,53.131082389884135,53.131082389884135
213,c,53.131082389884135,53.131082389884135
214,t,53.131082389884135,53.131082389884135
215,t,53.131082389884135,53.131082389884135
216,c,7.570340288055628,13.164150331333882
217,c,53.131082389884135,53.131082389884135
218,c,53.131082389884135,53.131082389884135
219,t,53.131082389884135,53.131082389884135
220,t,53.131082389884135,53.131082389884135
221,t,53.131082389884135,53.131082389884135
222,c,29.40506019648846,34.18518327023924
223,c,53.131082389884135,53.131082389884135
224,c,53.131082389884135,53.131082389884135
225,c,53.131082389884135,53.131082389884135
226,c,53.131082389884135,53.131082389884135
227,c,53.131082389884135,53.131082389884135
228,c,53.131082389884135,53.131082389884135
229,c,53.131082389884135,53.131082389884135
230,c,53.131082389884135,53.131082389884135
231,c,53.131082389884135,53.131082389884135
232,c,53.131082389884135,53.131082389884135
233,t,53.131082389884135,53.131082389884135
234,t,53.131082389884135,53.131082389884135
235,c,53.131082389884135,53.131082389884135
236,c,53.131082389884135,53.131082389884135
237,c,53.131082389884135,53.131082389884135
238,t,53.131082389884135,53.131082389884135
239,t,53.131082389884135,53.131082389884135
240,t,53.131082389884135,53.131082389884135
241,t,53.131082389884135,53.131082389884135
242,c,53.131082389884135,53.131082389884135
243,na,-1,0
244,c,53.131082389884135,53.131082389884135
245,c,53.131082389884135,53.131082389884135
246,c,53.131082389884135,53.131082389884135
247,c,53.131082389884135,53.131082389884135
248,c,53.131082389884135,53.131082389884135
249,c,53.131082389884135,53.131082389884135
250,c,53.131082389884135,53.131082389884135
251,c,53.131082389884135,53.131082389884135
252,t,53.131082389884135,53.131082389884135
253,c,53.131082389884135,53.131082389884135
254,c,53.131082389884135,53.131082389884135
255,c,53.131082389884135,53.131082389884135
256,c,53.131082389884135,53.131082389884135
257,c,53.131082389884135,53.131082389884135
258,na,15.746660038843222,53.131082389884135
259,t,53.131082389884135,53.131082389884135
260,c,53.131082389884135,53.131082389884135
261,c,53.131082389884135,53.131082389884135
262,c,53.131082389884135,53.131082389884135
263,c,53.131082389884135,53.131082389884135
264,c,53.131082389884135,53.131082389884135
265,na,-1,0
266,c,53.131082389884135,53.131082389884135
267,c,53.131082389884135,53.131082389884135
268,c,53.131082389884135,53.131082389884135
269,c,53.131082389884135,53.131082389884135
270,c,53.131082389884135,53.131082389884135
271,c,53.131082389884135,53.131082389884135
272,t,53.131082389884135,53.131082389884135
273,c,53.131082389884135,53.131082389884135
274,c,53.131082389884135,53.131082389884135
275,na,0,1.219274604762198
276,c,53.131082389884135,53.131082389884135
277,c,53.131082389884135,53.131082389884135
278,c,53.131082389884135,53.131082389884135
279,c,53.131082389884135,53.131082389884135
280,c,53.131082389884135,53.131082389884135
281,c,53.131082389884135,53.131082389884135
282,c,9.933720790547632,10.572256310278478
283,t,53.131082389884135,53.131082389884135
284,t,53.131082389884135,53.131082389884135
285,c,53.131082389884135,53.131082389884135
286,c,53.131082389884135,53.131082389884135
287,t,53.131082389884135,53.131082389884135
288,c,53.131082389884135,53.131082389884135
289,c,53.131082389884135,53.131082389884135
290,c,53.131082389884135,53.131082389884135
291,c,53.131082389884135,53.131082389884135
292,c,53.131082389884135,53.131082389884135
293,c,53.131082389884135,53.131082389884135
294,c,53.131082389884135,53.131082389884135
295,t,53.131082389884135,53.131082389884135
296,c,53.131082389884135,53.131082389884135
297,c,53.131082389884135,53.131082389884135
298,c,53.131082389884135,53.131082389884135
299,c,53.131082389884135,53.131082389884135
300,c,53.131082389884135,53.131082389884135
301,c,53.131082389884135,53.131082389884135
302,t,53.131082389884135,53.131082389884135
303,c,17.853717193019573,28.285674969783518
304,c,53.131082389884135,53.131082389884135
305,t,53.131082389884135,53.131082389884135
306,c,53.131082389884135,53.131082389884135
307,c,53.131082389884135,53.131082389884135
308,t,53.131082389884135,53.131082389884135
309,t,53.131082389884135,53.131082389884135
310,t,53.131082389884135,53.131082389884135
311,c,53.131082389884135,53.131082389884135
312,na,3.7171898172185442,7.606185781217463
313,c,53.131082389884135,53.131082389884135
314,c,53.131082389884135,53.131082389884135
315,t,53.131082389884135,53.131082389884135
316,c,10.003083586021416,12.150417186342459
317,t,53.131082389884135,53.131082389884135
318,c,53.131082389884135,53.131082389884135
319,t,53.131082389884135,53.131082389884135
320,c,53.131082389884135,53.131082389884135
321,c,53.131082389884135,53.131082389884135
322,c,53.131082389884135,53.131082389884135
323,c,53.131082389884135,53.131082389884135
324,c,53.131082389884135,53.131082389884135
325,c,53.131082389884135,53.131082389884135
326,c,53.131082389884135,53.131082389884135
327,c,53.131082389884135,53.131082389884135
328,c,53.131082389884135,53.131082389884135
329,c,53.131082389884135,53.131082389884135
330,c,53.131082389884135,53.131082389884135
331,c,53.131082389884135,53.131082389884135
332,t,53.131082389884135,53.131082389884135
333,t,53.131082389884135,53.131082389884135
334,t,53.131082389884135,53.131082389884135
335,c,53.131082389884135,53.131082389884135
336,c,53.131082389884135,53.131082389884135
337,c,53.131082389884135,53.131082389884135
338,t,53.131082389884135,53.131082389884135
339,c,53.131082389884135,53.131082389884135
340,c,53.131082389884135,53.131082389884135
341,c,53.131082389884135,53.131082389884135
342,c,53.131082389884135,53.131082389884135
343,c,53.131082389884135,53.131082389884135
344,c,53.131082389884135,53.131082389884135
345,c,53.131082389884135,53.131082389884135
346,c,53.131082389884135,53.131082389884135
347,t,53.131082389884135,53.131082389884135
348,c,53.131082389884135,53.131082389884135
349,t,53.131082389884135,53.131082389884135
350,t,53.131082389884135,53.131082389884135
351,c,53.131082389884135,53.131082389884135
352,t,53.131082389884135,53.131082389884135
353,c,53.131082389884135,53.131082389884135
354,c,53.131082389884135,53.131082389884135
355,c,53.131082389884135,53.131082389884135
356,c,53.131082389884135,53.131082389884135
357,t,53.131082389884135,53.131082389884135
358,c,53.131082389884135,53.131082389884135
359,c,53.131082389884135,53.131082389884135
360,t,53.131082389884135,53.131082389884135
361,c,53.131082389884135,53.131082389884135
362,c,53.131082389884135,53.131082389884135
363,c,53.131082389884135,53.131082389884135
364,c,53.131082389884135,53.131082389884135
365,c,53.131082389884135,53.131082389884135
366,c,53.131082389884135,53.131082389884135
367,c,53.131082389884135,53.131082389884135
368,c,53.131082389884135,53.131082389884135
369,c,53.131082389884135,53.131082389884135
370,c,22.93338362927364,25.559290537449108
371,t,53.131082389884135,53.131082389884135
372,c,53.131082389884135,53.131082389884135
373,c,53.131082389884135,53.131082389884135
374,c,23.088232916516084,25.806318798219
375,t,53.131082389884135,53.131082389884135
376,c,53.131082389884135,53.131082389884135
377,na,1.8414923334868178,3.017719137777804
378,c,53.131082389884135,53.131082389884135
379,c,53.131082389884135,53.131082389884135
380,c,53.131082389884135,53.131082389884135
381,c,53.131082389884135,53.131082389884135
382,na,0,5.843083861610188
383,t,53.131082389884135,53.131082389884135
384,c,53.131082389884135,53.131082389884135
385,c,53.131082389884135,53.131082389884135
386,c,53.131082389884135,53.131082389884135
387,c,53.131082389884135,53.131082389884135
388,c,53.131082389884135,53.131082389884135
389,t,53.131082389884135,53.131082389884135
390,t,53.131082389884135,53.131082389884135
391,c,53.131082389884135,53.131082389884135
392,c,53.131082389884135,53.131082389884135
393,t,53.131082389884135,53.131082389884135
394,t,53.131082389884135,53.131082389884135
395,c,53.131082389884135,53.131082389884135
396,c,53.131082389884135,53.131082389884135
397,c,53.131082389884135,53.131082389884135
398,c,53.131082389884135,53.131082389884135
399,c,53.131082389884135,53.131082389884135
400,c,53.131082389884135,53.131082389884135
401,t,53.131082389884135,53.131082389884135
402,c,6.392065062924447,17.371795330846737
403,c,53.131082389884135,53.131082389884135
404,c,53.131082389884135,53.131082389884135
405,c,53.131082389884135,53.131082389884135
406,na,0,5.42073678255184
407,c,53.131082389884135,53.131082389884135
408,t,53.131082389884135,53.131082389884135
409,c,53.131082389884135,53.131082389884135
410,c,53.131082389884135,53.131082389884135
411,c,53.131082389884135,53.131082389884135
412,c,53.131082389884135,53.131082389884135
413,c,53.131082389884135,53.131082389884135
414,c,53.131082389884135,53.131082389884135
415,t,53.131082389884135,53.131082389884135
416,c,53.131082389884135,53.131082389884135
417,c,53.131082389884135,53.131082389884135
418,c,53.131082389884135,53.131082389884135
419,c,53.131082389884135,53.131082389884135
420,c,53.131082389884135,53.131082389884135
421,c,53.131082389884135,53.131082389884135
422,c,53.131082389884135,53.131082389884135
423,na,0.174344976203049,6.999238843977955
424,t,53.131082389884135,53.131082389884135
425,c,53.131082389884135,53.131082389884135
426,c,53.131082389884135,53.131082389884135
427,c,53.131082389884135,53.131082389884135
428,c,53.131082389884135,53.131082389884135
429,c,53.131082389884135,53.131082389884135
430,c,53.131082389884135,53.131082389884135
431,c,53.131082389884135,53.131082389884135
432,c,53.131082389884135,53.131082389884135
433,c,53.131082389884135,53.131082389884135
434,c,53.131082389884135,53.131082389884135
435,c,53.131082389884135,53.131082389884135
436,c,53.131082389884135,53.131082389884135
437,c,53.131082389884135,53.131082389884135
438,t,53.131082389884135,53.131082389884135
439,c,53.131082389884135,53.131082389884135
440,t,53.131082389884135,53.131082389884135
441,c,53.131082389884135,53.131082389884135
442,c,53.131082389884135,53.131082389884135
443,c,53.131082389884135,53.131082389884135
444,c,53.131082389884135,53.131082389884135
445,c,53.131082389884135,53.131082389884135
446,t,53.131082389884135,53.131082389884135
447,c,53.131082389884135,53.131082389884135
448,c,3.7802359622262465,8.707547559728997
449,c,53.131082389884135,53.131082389884135
450,c,53.131082389884135,53.131082389884135
451,t,53.131082389884135,53.131082389884135
452,c,6.758340347344903,12.361194425459521
453,c,14.616036294752256,15.274693656368754
454,c,53.131082389884135,53.131082389884135
455,t,53.131082389884135,53.131082389884135
456,c,53.131082389884135,53.131082389884135
457,c,53.131082389884135,53.131082389884135
458,c,53.131082389884135,53.131082389884135
459,c,53.131082389884135,53.131082389884135
460,c,8.103937787286826,9.953522129269047
461,c,53.131082389884135,53.131082389884135
462,t,53.131082389884135,53.131082389884135
463,t,53.131082389884135,53.131082389884135
464,t,53.131082389884135,53.131082389884135
465,c,53.131082389884135,53.131082389884135
466,t,53.131082389884135,53.131082389884135
467,c,53.131082389884135,53.131082389884135
468,c,53.131082389884135,53.131082389884135
469,c,53.131082389884135,53.131082389884135
470,t,53.131082389884135,53.131082389884135
471,c,53.131082389884135,53.131082389884135
472,c,53.131082389884135,53.131082389884135
473,c,53.131082389884135,53.131082389884135
474,t,53.131082389884135,53.131082389884135
475,t,53.131082389884135,53.131082389884135
476,t,53.131082389884135,53.131082389884135
477,c,53.131082389884135,53.131082389884135
478,c,31.949636934715578,32.3235907057972
479,c,53.131082389884135,53.131082389884135
480,c,53.131082389884135,53.131082389884135
481,c,53.131082389884135,53.131082389884135
482,c,53.131082389884135,53.131082389884135
483,t,53.131082389884135,53.131082389884135
484,c,53.131082389884135,53.131082389884135
485,c,53.131082389884135,53.131082389884135
486,c,53.131082389884135,53.131082389884135
487,c,53.131082389884135,53.131082389884135
488,c,53.131082389884135,53.131082389884135
489,t,53.131082389884135,53.131082389884135
490,na,0,1.0068256076585953
491,c,53.131082389884135,53.131082389884135
492,c,53.131082389884135,53.131082389884135
493,c,53.131082389884135,53.131082389884135
494,t,53.131082389884135,53.131082389884135
495,c,53.131082389884135,53.131082389884135
496,c,53.131082389884135,53.131082389884135
497,c,53.131082389884135,53.131082389884135
498,c,53.131082389884135,53.131082389884135
499,t,53.131082389884135,53.131082389884135
500,c,53.131082389884135,53.131082389884135
501,t,53.131082389884135,53.131082389884135
502,c,53.131082389884135,53.131082389884135
503,c,17.38470288961588,19.82557686656676
504,c,53.131082389884135,53.131082389884135
505,c,6.825476248485857,9.765391183340885
506,c,53.131082389884135,53.131082389884135
507,c,12.601358525474147,22.17631173839512
508,c,53.131082389884135,53.131082389884135
509,c,53.131082389884135,53.131082389884135
510,c,53.131082389884135,53.131082389884135
511,c,53.131082389884135,53.131082389884135
512,t,53.131082389884135,53.131082389884135
513,c,53.131082389884135,53.131082389884135
514,c,53.131082389884135,53.131082389884135
515,c,53.131082389884135,53.131082389884135
516,c,53.131082389884135,53.131082389884135
517,t,53.131082389884135,53.131082389884135
518,c,53.131082389884135,53.131082389884135
519,c,53.131082389884135,53.131082389884135
520,c,53.131082389884135,53.131082389884135
521,c,9.274317277868578,17.640026333622146
522,c,53.131082389884135,53.131082389884135
523,c,53.131082389884135,53.131082389884135
524,c,53.131082389884135,53.131082389884135
525,c,53.131082389884135,53.131082389884135
526,t,53.131082389884135,53.131082389884135
527,c,53.131082389884135,53.131082389884135
528,c,53.131082389884135,53.131082389884135
529,c,53.131082389884135,53.131082389884135
530,c,53.131082389884135,53.131082389884135
531,c,53.131082389884135,53.131082389884135
532,t,53.131082389884135,53.131082389884135
533,c,53.131082389884135,53.131082389884135
534,c,53.131082389884135,53.131082389884135
535,c,53.131082389884135,53.131082389884135
536,t,53.131082389884135,53.131082389884135
537,t,53.131082389884135,53.131082389884135
538,c,53.131082389884135,53.131082389884135
539,na,0,0.29508358003232027
540,c,5.293553490371884,8.223375683200484
541,c,53.131082389884135,53.131082389884135
542,c,53.131082389884135,53.131082389884135
543,na,0,0.8593925291605908
544,c,4.5893926906882845,6.120599114413541
545,c,53.131082389884135,53.131082389884135
546,c,53.131082389884135,53.131082389884135
547,c,53.131082389884135,53.131082389884135
548,c,53.131082389884135,53.131082389884135
549,c,53.131082389884135,53.131082389884135
550,t,53.131082389884135,53.131082389884135
551,t,53.131082389884135,53.131082389884135
552,c,18.796945023631352,26.38147719528114
553,c,53.131082389884135,53.131082389884135
554,t,53.131082389884135,53.131082389884135
555,c,53.131082389884135,53.131082389884135
556,c,53.131082389884135,53.131082389884135
557,c,10.411427739213021,11.357318553563639
558,c,14.58151629290474,26.34830297397194
559,c,53.131082389884135,53.131082389884135
560,c,53.131082389884135,53.131082389884135
561,c,53.131082389884135,53.131082389884135
562,t,53.131082389884135,53.131082389884135
563,t,53.131082389884135,53.131082389884135
564,t,53.131082389884135,53.131082389884135
565,c,53.131082389884135,53.131082389884135
566,c,53.131082389884135,53.131082389884135
567,c,53.131082389884135,53.131082389884135
568,c,53.131082389884135,53.131082389884135
569,t,53.131082389884135,53.131082389884135
570,c,53.131082389884135,53.131082389884135
571,c,15.923602112652855,22.500342328158666
572,t,53.131082389884135,53.131082389884135
573,c,53.131082389884135,53.131082389884135
574,c,53.131082389884135,53.131082389884135
575,c,53.131082389884135,53.131082389884135
576,c,53.131082389884135,53.131082389884135
577,c,53.131082389884135,53.131082389884135
578,c,53.131082389884135,53.131082389884135
579,t,53.131082389884135,53.131082389884135
580,c,53.131082389884135,53.131082389884135
581,na,-1,0
582,t,53.131082389884135,53.131082389884135
583,t,53.131082389884135,53.131082389884135
584,c,53.131082389884135,53.131082389884135
585,c,53.131082389884135,53.131082389884135
586,c,53.131082389884135,53.131082389884135
587,c,53.131082389884135,53.131082389884135
588,c,53.131082389884135,53.131082389884135
589,c,53.131082389884135,53.131082389884135
590,c,14.896908527584051,21.706184007044886
591,c,53.131082389884135,53.131082389884135
592,c,53.131082389884135,53.131082389884135
593,c,53.131082389884135,53.131082389884135
594,na,3.0169104919956187,12.505299742948804
595,t,53.131082389884135,53.131082389884135
596,c,53.131082389884135,53.131082389884135
597,c,53.131082389884135,53.131082389884135
598,c,53.131082389884135,53.131082389884135
599,c,53.131082389884135,53.131082389884135
600,c,53.131082389884135,53.131082389884135
601,t,53.131082389884135,53.131082389884135
602,c,53.131082389884135,53.131082389884135
603,c,53.131082389884135,53.131082389884135
604,c,53.131082389884135,53.131082389884135
605,c,53.131082389884135,53.131082389884135
606,t,53.131082389884135,53.131082389884135
607,c,53.131082389884135,53.131082389884135
608,c,53.131082389884135,53.131082389884135
609,c,53.131082389884135,53.131082389884135
610,c,53.131082389884135,53.131082389884135
611,c,53.131082389884135,53.131082389884135
612,t,53.131082389884135,53.131082389884135
613,c,53.131082389884135,53.131082389884135
614,c,53.131082389884135,53.131082389884135
615,t,53.131082389884135,53.131082389884135
616,t,53.131082389884135,53.131082389884135
617,t,53.131082389884135,53.131082389884135
618,c,22.947201750004567,25.415189514136603
619,c,53.131082389884135,53.131082389884135
620,c,53.131082389884135,53.131082389884135
621,c,53.131082389884135,53.131082389884135
622,c,53.131082389884135,53.131082389884135
623,c,53.131082389884135,53.131082389884135
624,c,53.131082389884135,53.131082389884135
625,c,53.131082389884135,53.131082389884135
626,c,53.131082389884135,53.131082389884135
627,c,53.131082389884135,53.131082389884135
628,t,53.131082389884135,53.131082389884135
629,c,53.131082389884135,53.131082389884135
630,c,53.131082389884135,53.131082389884135
631,c,53.131082389884135,53.131082389884135
632,c,53.131082389884135,53.131082389884135
633,c,53.131082389884135,53.131082389884135
634,t,53.131082389884135,53.131082389884135
635,t,53.131082389884135,53.131082389884135
636,c,53.131082389884135,53.131082389884135
637,c,53.131082389884135,53.131082389884135
638,c,53.131082389884135,53.131082389884135
639,c,53.131082389884135,53.131082389884135
640,t,53.131082389884135,53.131082389884135
641,c,53.131082389884135,53.131082389884135
642,t,53.131082389884135,53.131082389884135
643,c,22.177625451520708,53.131082389884135
644,t,53.131082389884135,53.131082389884135
645,t,53.131082389884135,53.131082389884135
646,c,53.131082389884135,53.131082389884135
647,c,6.92738373784406,10.642239066568022
648,c,53.131082389884135,53.131082389884135
649,c,53.131082389884135,53.131082389884135
650,c,53.131082389884135,53.131082389884135
651,c,53.131082389884135,53.131082389884135
652,c,5.926327389562616,10.543806156970598
653,c,53.131082389884135,53.131082389884135
654,c,53.131082389884135,53.131082389884135
655,c,53.131082389884135,53.131082389884135
656,na,4.101372605566314,13.611674649052922
657,c,53.131082389884135,53.131082389884135
658,na,1.5623786039621026,5.108813190229196
659,c,53.131082389884135,53.131082389884135
660,c,53.131082389884135,53.131082389884135
661,c,53.131082389884135,53.131082389884135
662,c,53.131082389884135,53.131082389884135
663,c,53.131082389884135,53.131082389884135
664,c,53.131082389884135,53.131082389884135
665,c,53.131082389884135,53.131082389884135
666,c,53.131082389884135,53.131082389884135
667,c,53.131082389884135,53.131082389884135
668,c,53.131082389884135,53.131082389884135
669,t,53.131082389884135,53.131082389884135
670,c,14.808291226323234,18.853628603782575
671,na,7.361421885174111,7.464084225178638
672,c,53.131082389884135,53.131082389884135
673,c,53.131082389884135,53.131082389884135
674,c,53.131082389884135,53.131082389884135
675,c,53.131082389884135,53.131082389884135
676,t,53.131082389884135,53.131082389884135
677,c,53.131082389884135,53.131082389884135
678,c,53.131082389884135,53.131082389884135
679,c,53.131082389884135,53.131082389884135
680,t,53.131082389884135,53.131082389884135
681,t,53.131082389884135,53.131082389884135
682,c,53.131082389884135,53.131082389884135
683,c,53.131082389884135,53.131082389884135
684,c,53.131082389884135,53.131082389884135
685,c,4.348115462413823,16.943282328458544
686,t,53.131082389884135,53.131082389884135
687,c,53.131082389884135,53.131082389884135
688,c,53.131082389884135,53.131082389884135
689,t,53.131082389884135,53.131082389884135
690,t,53.131082389884135,53.131082389884135
691,c,0.2417612394919504,18.030874743555046
692,t,53.131082389884135,53.131082389884135
693,c,53.131082389884135,53.131082389884135
694,c,53.131082389884135,53.131082389884135
695,t,53.131082389884135,53.131082389884135
696,c,53.131082389884135,53.131082389884135
697,c,53.131082389884135,53.131082389884135
698,c,53.131082389884135,53.131082389884135
699,c,53.131082389884135,53.131082389884135
700,c,53.131082389884135,53.131082389884135
701,c,53.131082389884135,53.131082389884135
702,c,53.131082389884135,53.131082389884135
703,t,53.131082389884135,53.131082389884135
704,c,53.131082389884135,53.131082389884135
705,c,53.131082389884135,53.131082389884135
706,c,53.131082389884135,53.131082389884135
707,t,53.131082389884135,53.131082389884135
708,c,53.131082389884135,53.131082389884135
709,t,53.131082389884135,53.131082389884135
710,c,3.074259500716147,4.4331527895611185
711,c,53.131082389884135,53.131082389884135
712,c,10.996467933295236,11.46799879218154
713,c,53.131082389884135,53.131082389884135
714,t,53.131082389884135,53.131082389884135
715,c,53.131082389884135,53.131082389884135
716,c,53.131082389884135,53.131082389884135
717,c,53.131082389884135,53.131082389884135
718,t,53.131082389884135,53.131082389884135
719,c,53.131082389884135,53.131082389884135
720,c,53.131082389884135,53.131082389884135
721,c,53.131082389884135,53.131082389884135
722,c,53.131082389884135,53.131082389884135
723,c,53.131082389884135,53.131082389884135
724,c,53.131082389884135,53.131082389884135
725,c,53.131082389884135,53.131082389884135
726,t,53.131082389884135,53.131082389884135
727,c,53.131082389884135,53.131082389884135
728,t,53.131082389884135,53.131082389884135
729,c,53.131082389884135,53.131082389884135
730,t,53.131082389884135,53.131082389884135
731,c,3.4530374032384152,12.725653193142426
732,c,4.733257699321888,53.131082389884135
733,c,53.131082389884135,53.131082389884135
734,na,3.2469051032988077,4.432674715914337
735,c,53.131082389884135,53.131082389884135
736,na,-1,0
737,c,53.131082389884135,53.131082389884135
738,t,53.131082389884135,53.131082389884135
739,c,53.131082389884135,53.131082389884135
740,t,53.131082389884135,53.131082389884135
741,c,53.131082389884135,53.131082389884135
742,c,53.131082389884135,53.131082389884135
743,t,53.131082389884135,53.131082389884135
744,t,53.131082389884135,53.131082389884135
745,c,53.131082389884135,53.131082389884135
746,c,53.131082389884135,53.131082389884135
747,c,53.131082389884135,53.131082389884135
748,c,24.48452747766747,25.772599376533492
749,t,53.131082389884135,53.131082389884135
750,t,53.131082389884135,53.131082389884135
751,c,19.02108791993551,24.89442704751546
752,c,13.391399912483578,18.223822501594615
753,c,53.131082389884135,53.131082389884135
754,c,53.131082389884135,53.131082389884135
755,c,53.131082389884135,53.131082389884135
756,c,53.131082389884135,53.131082389884135
757,c,53.131082389884135,53.131082389884135
758,na,1.3212721553380058,5.967105119644787
759,c,53.131082389884135,53.131082389884135
760,c,53.131082389884135,53.131082389884135
761,c,53.131082389884135,53.131082389884135
762,t,53.131082389884135,53.131082389884135
763,c,53.131082389884135,53.131082389884135
764,c,53.131082389884135,53.131082389884135
765,c,53.131082389884135,53.131082389884135
766,c,53.131082389884135,53.131082389884135
767,t,53.131082389884135,53.131082389884135
768,c,53.131082389884135,53.131082389884135
769,t,53.131082389884135,53.131082389884135
770,c,53.131082389884135,53.131082389884135
771,c,53.131082389884135,53.131082389884135
772,c,53.131082389884135,53.131082389884135
773,c,53.131082389884135,53.131082389884135
774,c,53.131082389884135,53.131082389884135
775,c,53.131082389884135,53.131082389884135
776,c,53.131082389884135,53.131082389884135
777,t,53.131082389884135,53.131082389884135
778,c,53.131082389884135,53.131082389884135
779,c,53.131082389884135,53.131082389884135
780,na,2.357465106700258,4.5074266521900554
781,c,53.131082389884135,53.131082389884135
782,c,53.131082389884135,53.131082389884135
783,t,53.131082389884135,53.131082389884135
784,c,53.131082389884135,53.131082389884135
785,c,53.131082389884135,53.131082389884135
786,c,53.131082389884135,53.131082389884135
787,c,53.131082389884135,53.131082389884135
788,c,53.131082389884135,53.131082389884135
789,c,53.131082389884135,53.131082389884135
790,t,53.131082389884135,53.131082389884135
791,t,53.131082389884135,53.131082389884135
792,c,53.131082389884135,53.131082389884135
793,c,53.131082389884135,53.131082389884135
794,c,53.131082389884135,53.131082389884135
795,c,24.810664405004687,26.39795575606956
796,na,3.208139769957209,8.31180140082947
797,c,53.131082389884135,53.131082389884135
798,t,53.131082389884135,53.131082389884135
799,t,53.131082389884135,53.131082389884135
800,t,53.131082389884135,53.131082389884135
801,c,53.131082389884135,53.131082389884135
802,c,53.131082389884135,53.131082389884135
803,c,53.131082389884135,53.131082389884135
804,c,53.131082389884135,53.131082389884135
805,c,53.131082389884135,53.131082389884135
806,c,53.131082389884135,53.131082389884135
807,t,53.131082389884135,53.131082389884135
808,c,53.131082389884135,53.131082389884135
809,c,53.131082389884135,53.131082389884135
810,c,53.131082389884135,53.131082389884135
811,t,53.131082389884135,53.131082389884135
812,c,53.131082389884135,53.131082389884135
813,t,53.131082389884135,53.131082389884135
814,t,53.131082389884135,53.131082389884135
815,c,16.899837051036776,53.131082389884135
816,c,53.131082389884135,53.131082389884135
817,c,53.131082389884135,53.131082389884135
818,t,53.131082389884135,53.131082389884135
819,c,53.131082389884135,53.131082389884135
820,c,9.302801151742434,13.024926041339059
821,t,53.131082389884135,53.131082389884135
822,c,53.131082389884135,53.131082389884135
823,c,53.131082389884135,53.131082389884135
824,c,53.131082389884135,53.131082389884135
825,c,53.131082389884135,53.131082389884135
826,t,53.131082389884135,53.131082389884135
827,c,53.131082389884135,53.131082389884135
828,c,10.139576821644145,23.00910101854503
829,c,53.131082389884135,53.131082389884135
830,t,53.131082389884135,53.131082389884135
831,c,53.131082389884135,53.131082389884135
832,c,53.131082389884135,53.131082389884135
833,c,53.131082389884135,53.131082389884135
834,c,53.131082389884135,53.131082389884135
835,t,53.131082389884135,53.131082389884135
836,c,53.131082389884135,53.131082389884135
837,c,53.131082389884135,53.131082389884135
838,c,53.131082389884135,53.131082389884135
839,t,53.131082389884135,53.131082389884135
840,c,8.324393344605973,10.215916759949085
841,c,53.131082389884135,53.131082389884135
842,c,53.131082389884135,53.131082389884135
843,c,53.131082389884135,53.131082389884135
844,c,53.131082389884135,53.131082389884135
845,t,53.131082389884135,53.131082389884135
846,c,53.131082389884135,53.131082389884135
847,c,53.131082389884135,53.131082389884135
848,na,3.3918722916969917,8.401153207719771
849,c,53.131082389884135,53.131082389884135
850,c,53.131082389884135,53.131082389884135
851,c,53.131082389884135,53.131082389884135
852,c,53.131082389884135,53.131082389884135
853,c,53.131082389884135,53.131082389884135
854,t,53.131082389884135,53.131082389884135
855,c,53.131082389884135,53.131082389884135
856,c,53.131082389884135,53.131082389884135
857,na,0,53.131082389884135
858,c,53.131082389884135,53.131082389884135
859,c,53.131082389884135,53.131082389884135
860,t,53.131082389884135,53.131082389884135
861,c,53.131082389884135,53.131082389884135
862,c,8.553181735357802,14.139475876450316
863,t,53.131082389884135,53.131082389884135
864,c,53.131082389884135,53.131082389884135
865,c,53.131082389884135,53.131082389884135
866,c,53.131082389884135,53.131082389884135
867,t,53.131082389884135,53.131082389884135
868,c,53.131082389884135,53.131082389884135
869,c,53.131082389884135,53.131082389884135
870,c,53.131082389884135,53.131082389884135
871,c,53.131082389884135,53.131082389884135
872,t,53.131082389884135,53.131082389884135
873,c,31.341028186681466,36.46574463521376
874,c,53.131082389884135,53.131082389884135
875,c,53.131082389884135,53.131082389884135
876,c,53.131082389884135,53.131082389884135
877,t,53.131082389884135,53.131082389884135
878,c,53.131082389884135,53.131082389884135
879,c,53.131082389884135,53.131082389884135
880,c,53.131082389884135,53.131082389884135
881,c,53.131082389884135,53.131082389884135
882,na,0,0.4307892610294311
883,c,53.131082389884135,53.131082389884135
884,t,53.131082389884135,53.131082389884135
885,c,53.131082389884135,53.131082389884135
886,c,53.131082389884135,53.131082389884135
887,c,53.131082389884135,53.131082389884135
888,c,53.131082389884135,53.131082389884135
889,c,53.131082389884135,53.131082389884135
890,c,53.131082389884135,53.131082389884135
891,c,53.131082389884135,53.131082389884135
892,c,53.131082389884135,53.131082389884135
893,c,53.131082389884135,53.131082389884135
894,c,0.8169644448354967,4.373458859688693
895,c,53.131082389884135,53.131082389884135
896,c,53.131082389884135,53.131082389884135
897,c,53.131082389884135,53.131082389884135
898,c,53.131082389884135,53.131082389884135
899,c,4.948284532401087,8.46136913880831
900,c,7.37093783985655,8.813004723779637
901,c,53.131082389884135,53.131082389884135
902,c,53.131082389884135,53.131082389884135
903,c,53.131082389884135,53.131082389884135
904,c,18.115269784724514,23.990338586322874
905,c,53.131082389884135,53.131082389884135
906,c,53.131082389884135,53.131082389884135
907,c,53.131082389884135,53.131082389884135
908,t,53.131082389884135,53.131082389884135
909,t,53.131082389884135,53.131082389884135
910,c,53.131082389884135,53.131082389884135
911,t,53.131082389884135,53.131082389884135
912,c,53.131082389884135,53.131082389884135
913,c,53.131082389884135,53.131082389884135
914,c,53.131082389884135,53.131082389884135
915,c,53.131082389884135,53.131082389884135
916,c,53.131082389884135,53.131082389884135
917,t,53.131082389884135,53.131082389884135
918,c,53.131082389884135,53.131082389884135
919,c,53.131082389884135,53.131082389884135
920,t,53.131082389884135,53.131082389884135
921,c,53.131082389884135,53.131082389884135
922,c,53.131082389884135,53.131082389884135
923,na,0,5.6715103406437635
924,c,53.131082389884135,53.131082389884135
925,c,53.131082389884135,53.131082389884135
926,c,53.131082389884135,53.131082389884135
927,t,53.131082389884135,53.131082389884135
928,c,53.131082389884135,53.131082389884135
929,c,53.131082389884135,53.131082389884135
930,c,22.808009804554096,38.34028453029487
931,c,53.131082389884135,53.131082389884135
932,c,53.131082389884135,53.131082389884135
933,c,53.131082389884135,53.131082389884135
934,c,13.44030568168102,29.94276545060864
935,t,53.131082389884135,53.131082389884135
936,c,53.131082389884135,53.131082389884135
937,c,53.131082389884135,53.131082389884135
938,c,53.131082389884135,53.131082389884135
939,c,3.7784293979336594,23.119262210625024
940,c,53.131082389884135,53.131082389884135
941,c,53.131082389884135,53.131082389884135
942,t,53.131082389884135,53.131082389884135
943,t,53.131082389884135,53.131082389884135
944,c,14.883205139602358,18.58551129600624
945,c,53.131082389884135,53.131082389884135
946,c,53.131082389884135,53.131082389884135
947,c,53.131082389884135,53.131082389884135
948,c,53.131082389884135,53.131082389884135
949,c,8.835540947596039,11.512510016962922
950,c,53.131082389884135,53.131082389884135
951,c,53.131082389884135,53.131082389884135
952,c,53.131082389884135,53.131082389884135
953,c,53.131082389884135,53.131082389884135
954,t,53.131082389884135,53.131082389884135
955,c,3.686723902146928,3.756672379409206
956,c,53.131082389884135,53.131082389884135
957,t,53.131082389884135,53.131082389884135
958,c,53.131082389884135,53.131082389884135
959,c,53.131082389884135,53.131082389884135
960,c,53.131082389884135,53.131082389884135
961,c,53.131082389884135,53.131082389884135
962,c,53.131082389884135,53.131082389884135
963,c,53.131082389884135,53.131082389884135
964,c,53.131082389884135,53.131082389884135
965,c,53.131082389884135,53.131082389884135
966,c,53.131082389884135,53.131082389884135
967,c,53.131082389884135,53.131082389884135
968,t,53.131082389884135,53.131082389884135
969,t,53.131082389884135,53.131082389884135
970,c,53.131082389884135,53.131082389884135
971,c,53.131082389884135,53.131082389884135
972,c,53.131082389884135,53.131082389884135
973,c,53.131082389884135,53.131082389884135
974,c,53.131082389884135,53.131082389884135
975,c,53.131082389884135,53.131082389884135
976,c,53.131082389884135,53.131082389884135
977,c,11.183645590748972,11.720432033808606
978,t,53.131082389884135,53.131082389884135
979,c,53.131082389884135,53.131082389884135
980,t,53.131082389884135,53.131082389884135
981,c,53.131082389884135,53.131082389884135
982,c,53.131082389884135,53.131082389884135
983,c,53.131082389884135,53.131082389884135
984,c,53.131082389884135,53.131082389884135
985,t,53.131082389884135,53.131082389884135
986,c,53.131082389884135,53.131082389884135
987,c,53.131082389884135,53.131082389884135
988,c,53.131082389884135,53.131082389884135
989,c,53.131082389884135,53.131082389884135
990,c,53.131082389884135,53.131082389884135
991,c,53.131082389884135,53.131082389884135
992,t,53.131082389884135,53.131082389884135
993,c,53.131082389884135,53.131082389884135
994,c,53.131082389884135,53.131082389884135
995,c,53.131082389884135,53.131082389884135
996,c,53.131082389884135,53.131082389884135
997,c,53.131082389884135,53.131082389884135
998,t,53.131082389884135,53.131082389884135
999,c,53.131082389884135,53.131082389884135
1000,t,53.131082389884135,53.131082389884135
1001,t,53.131082389884135,53.131082389884135
1002,c,53.131082389884135,53.131082389884135
1003,c,53.131082389884135,53.131082389884135
1004,c,53.131082389884135,53.131082389884135
1005,c,53.131082389884135,53.131082389884135
1006,c,53.131082389884135,53.131082389884135
1007,t,53.131082389884135,53.131082389884135
1008,c,53.131082389884135,53.131082389884135
1009,c,53.131082389884135,53.131082389884135
1010,c,53.131082389884135,53.131082389884135
1011,t,53.131082389884135,53.131082389884135
1012,c,8.574944778117194,53.131082389884135
1013,c,53.131082389884135,53.131082389884135
1014,c,53.131082389884135,53.131082389884135
1015,c,53.131082389884135,53.131082389884135
1016,c,53.131082389884135,53.131082389884135
1017,t,53.131082389884135,53.131082389884135
1018,c,53.131082389884135,53.131082389884135
1019,t,53.131082389884135,53.131082389884135
1020,t,53.131082389884135,53.131082389884135
1021,c,53.131082389884135,53.131082389884135
1022,t,53.131082389884135,53.131082389884135
1023,c,53.131082389884135,53.131082389884135
1024,c,53.131082389884135,53.131082389884135
1025,c,53.131082389884135,53.131082389884135
1026,t,53.131082389884135,53.131082389884135
1027,c,53.131082389884135,53.131082389884135
1028,c,53.131082389884135,53.131082389884135
1029,t,53.131082389884135,53.131082389884135
1030,c,53.131082389884135,53.131082389884135
1031,c,53.131082389884135,53.131082389884135
1032,c,53.131082389884135,53.131082389884135
1033,c,53.131082389884135,53.131082389884135
1034,c,53.131082389884135,53.131082389884135
1035,c,53.131082389884135,53.131082389884135
1036,c,53.131082389884135,53.131082389884135
1037,c,53.131082389884135,53.131082389884135
1038,t,53.131082389884135,53.131082389884135
1039,c,53.131082389884135,53.131082389884135
1040,c,53.131082389884135,53.131082389884135
1041,t,53.131082389884135,53.131082389884135
1042,c,53.131082389884135,53.131082389884135
1043,t,53.131082389884135,53.131082389884135
1044,na,0.8517646940039209,4.478721676185723
1045,t,53.131082389884135,53.131082389884135
1046,na,2.053499242292688,2.622802073278178
1047,t,53.131082389884135,53.131082389884135
1048,t,53.131082389884135,53.131082389884135
1049,c,53.131082389884135,53.131082389884135
1050,na,6.952908808392897,7.31437191311592
1051,c,53.131082389884135,53.131082389884135
1052,c,53.131082389884135,53.131082389884135
1053,c,53.131082389884135,53.131082389884135
1054,c,53.131082389884135,53.131082389884135
1055,c,53.131082389884135,53.131082389884135
1056,c,53.131082389884135,53.131082389884135
1057,c,53.131082389884135,53.131082389884135
1058,c,53.131082389884135,53.131082389884135
1059,c,53.131082389884135,53.131082389884135
1060,t,53.131082389884135,53.131082389884135
1061,t,53.131082389884135,53.131082389884135
1062,c,53.131082389884135,53.131082389884135
1063,c,53.131082389884135,53.131082389884135
1064,c,53.131082389884135,53.131082389884135
1065,t,53.131082389884135,53.131082389884135
1066,c,53.131082389884135,53.131082389884135
1067,c,53.131082389884135,53.131082389884135
1068,t,53.131082389884135,53.131082389884135
1069,t,53.131082389884135,53.131082389884135
1070,c,53.131082389884135,53.131082389884135
1071,c,53.131082389884135,53.131082389884135
1072,c,53.131082389884135,53.131082389884135
1073,t,53.131082389884135,53.131082389884135
1074,t,53.131082389884135,53.131082389884135
1075,c,53.131082389884135,53.131082389884135
1076,c,53.131082389884135,53.131082389884135
1077,c,53.131082389884135,53.131082389884135
1078,c,53.131082389884135,53.131082389884135
1079,c,53.131082389884135,53.131082389884135
1080,c,53.131082389884135,53.131082389884135
1081,c,53.131082389884135,53.131082389884135
1082,c,53.131082389884135,53.131082389884135
1083,c,53.131082389884135,53.131082389884135
1084,c,53.131082389884135,53.131082389884135
1085,c,53.131082389884135,53.131082389884135
1086,t,53.131082389884135,53.131082389884135
1087,c,53.131082389884135,53.131082389884135
1088,c,53.131082389884135,53.131082389884135
1089,t,53.131082389884135,53.131082389884135
1090,c,53.131082389884135,53.131082389884135
1091,c,53.131082389884135,53.131082389884135
1092,c,53.131082389884135,53.131082389884135
1093,c,53.131082389884135,53.131082389884135
1094,t,53.131082389884135,53.131082389884135
1095,t,53.131082389884135,53.131082389884135
1096,c,53.131082389884135,53.131082389884135
1097,c,16.15735132190089,24.65917566760389
1098,c,53.131082389884135,53.131082389884135
1099,c,53.131082389884135,53.131082389884135
1100,na,7.0609456291748405,9.014696807859487
1101,c,53.131082389884135,53.131082389884135
1102,c,53.131082389884135,53.131082389884135
1103,t,53.131082389884135,53.131082389884135
1104,c,53.131082389884135,53.131082389884135
1105,c,53.131082389884135,53.131082389884135
1106,c,53.131082389884135,53.131082389884135
1107,c,53.131082389884135,53.131082389884135
1108,c,53.131082389884135,53.131082389884135
1109,c,53.131082389884135,53.131082389884135
1110,c,53.131082389884135,53.131082389884135
1111,c,53.131082389884135,53.131082389884135
1112,c,53.131082389884135,53.131082389884135
1113,c,53.131082389884135,53.131082389884135
1114,c,53.131082389884135,53.131082389884135
1115,c,53.131082389884135,53.131082389884135
1116,na,21.794098817174454,21.90489062793265
1117,c,53.131082389884135,53.131082389884135
1118,c,53.131082389884135,53.131082389884135
1119,c,53.131082389884135,53.131082389884135
1120,c,53.131082389884135,53.131082389884135
1121,c,53.131082389884135,53.131082389884135
1122,c,53.131082389884135,53.131082389884135
1123,c,53.131082389884135,53.131082389884135
1124,t,53.131082389884135,53.131082389884135
1125,c,3.6565702003744134,10.798414792196233
1126,t,53.131082389884135,53.131082389884135
1127,c,53.131082389884135,53.131082389884135
1128,c,53.131082389884135,53.131082389884135
1129,c,53.131082389884135,53.131082389884135
1130,c,53.131082389884135,53.131082389884135
1131,c,53.131082389884135,53.131082389884135
1132,t,53.131082389884135,53.131082389884135
1133,c,53.131082389884135,53.131082389884135
1134,c,53.131082389884135,53.131082389884135
1135,c,53.131082389884135,53.131082389884135
1136,c,53.131082389884135,53.131082389884135
1137,c,53.131082389884135,53.131082389884135
1138,c,53.131082389884135,53.131082389884135
1139,c,53.131082389884135,53.131082389884135
1140,t,53.131082389884135,53.131082389884135
1141,c,53.131082389884135,53.131082389884135
1142,c,53.131082389884135,53.131082389884135
1143,c,53.131082389884135,53.131082389884135
1144,c,53.131082389884135,53.131082389884135
1145,c,53.131082389884135,53.131082389884135
1146,c,53.131082389884135,53.131082389884135
1147,c,53.131082389884135,53.131082389884135
1148,c,53.131082389884135,53.131082389884135
1149,c,53.131082389884135,53.131082389884135
1150,c,53.131082389884135,53.131082389884135
1151,c,53.131082389884135,53.131082389884135
1152,c,53.131082389884135,53.131082389884135
1153,c,13.674605456431776,18.90528987160602
1154,c,53.131082389884135,53.131082389884135
1155,c,53.131082389884135,53.131082389884135
1156,t,53.131082389884135,53.131082389884135
1157,c,53.131082389884135,53.131082389884135
1158,c,53.131082389884135,53.131082389884135
1159,c,53.131082389884135,53.131082389884135
1160,c,53.131082389884135,53.131082389884135
1161,t,53.131082389884135,53.131082389884135
1162,na,6.097912312781588,13.142129498337395
1163,c,53.131082389884135,53.131082389884135
1164,c,53.131082389884135,53.131082389884135
1165,c,53.131082389884135,53.131082389884135
1166,c,53.131082389884135,53.131082389884135
1167,t,53.131082389884135,53.131082389884135
1168,t,53.131082389884135,53.131082389884135
1169,c,53.131082389884135,53.131082389884135
1170,c,4.139027313307306,6.009127266725232
1171,c,53.131082389884135,53.131082389884135
1172,c,53.131082389884135,53.131082389884135
1173,c,53.131082389884135,53.131082389884135
1174,c,53.131082389884135,53.131082389884135
1175,t,53.131082389884135,53.131082389884135
1176,c,53.131082389884135,53.131082389884135
1177,na,-1,0
1178,t,53.131082389884135,53.131082389884135
1179,c,53.131082389884135,53.131082389884135
1180,t,53.131082389884135,53.131082389884135
1181,c,53.131082389884135,53.131082389884135
1182,c,53.131082389884135,53.131082389884135
1183,na,1.505593336652671,6.336487463504938
1184,c,53.131082389884135,53.131082389884135
1185,c,53.131082389884135,53.131082389884135
1186,c,53.131082389884135,53.131082389884135
1187,c,53.131082389884135,53.131082389884135
1188,c,53.131082389884135,53.131082389884135
1189,c,53.131082389884135,53.131082389884135
1190,c,53.131082389884135,53.131082389884135
1191,c,53.131082389884135,53.131082389884135
1192,c,26.79412441850785,32.62774608044857
1193,c,53.131082389884135,53.131082389884135
1194,c,53.131082389884135,53.131082389884135
1195,na,6.213586792581246,6.37158469995833
1196,c,53.131082389884135,53.131082389884135
1197,c,53.131082389884135,53.131082389884135
1198,c,53.131082389884135,53.131082389884135
1199,c,53.131082389884135,53.131082389884135
1200,t,53.131082389884135,53.131082389884135
1201,c,53.131082389884135,53.131082389884135
1202,c,53.131082389884135,53.131082389884135
1203,c,53.131082389884135,53.131082389884135
1204,t,53.131082389884135,53.131082389884135
1205,c,53.131082389884135,53.131082389884135
1206,c,53.131082389884135,53.131082389884135
1207,c,53.131082389884135,53.131082389884135
1208,c,53.131082389884135,53.131082389884135
1209,c,53.131082389884135,53.131082389884135
1210,c,53.131082389884135,53.131082389884135
1211,t,53.131082389884135,53.131082389884135
1212,c,53.131082389884135,53.131082389884135
1213,na,0,0.32439492330068137
1214,c,53.131082389884135,53.131082389884135
1215,c,53.131082389884135,53.131082389884135
1216,c,53.131082389884135,53.131082389884135
1217,c,53.131082389884135,53.131082389884135
1218,c,53.131082389884135,53.131082389884135
1219,t,53.131082389884135,53.131082389884135
1220,c,53.131082389884135,53.131082389884135
1221,t,53.131082389884135,53.131082389884135
1222,c,53.131082389884135,53.131082389884135
1223,c,53.131082389884135,53.131082389884135
1224,c,12.607122428758396,21.12783835929834
1225,c,53.131082389884135,53.131082389884135
1226,c,53.131082389884135,53.131082389884135
1227,c,53.131082389884135,53.131082389884135
1228,c,53.131082389884135,53.131082389884135
1229,c,53.131082389884135,53.131082389884135
1230,c,17.736663538702814,21.1268124833343
1231,t,53.131082389884135,53.131082389884135
1232,c,53.131082389884135,53.131082389884135
1233,t,53.131082389884135,53.131082389884135
1234,c,53.131082389884135,53.131082389884135
1235,c,53.131082389884135,53.131082389884135
1236,c,53.131082389884135,53.131082389884135
1237,t,53.131082389884135,53.131082389884135
1238,t,53.131082389884135,53.131082389884135
1239,na,2.2098564393760762,53.131082389884135
1240,c,53.131082389884135,53.131082389884135
1241,c,53.131082389884135,53.131082389884135
1242,c,53.131082389884135,53.131082389884135
1243,c,53.131082389884135,53.131082389884135
1244,t,53.131082389884135,53.131082389884135
1245,c,53.131082389884135,53.131082389884135
1246,c,53.131082389884135,53.131082389884135
1247,c,53.131082389884135,53.131082389884135
1248,c,53.131082389884135,53.131082389884135
1249,c,53.131082389884135,53.131082389884135
1250,t,53.131082389884135,53.131082389884135
1251,c,53.131082389884135,53.131082389884135
1252,c,53.131082389884135,53.131082389884135
1253,c,53.131082389884135,53.131082389884135
1254,c,53.131082389884135,53.131082389884135
1255,c,53.131082389884135,53.131082389884135
1256,t,53.131082389884135,53.131082389884135
1257,c,53.131082389884135,53.131082389884135
1258,t,53.131082389884135,53.131082389884135
1259,c,53.131082389884135,53.131082389884135
1260,c,53.131082389884135,53.131082389884135
1261,c,19.998424293647574,26.417255941418517
1262,c,53.131082389884135,53.131082389884135
1263,t,53.131082389884135,53.131082389884135
1264,c,53.131082389884135,53.131082389884135
1265,c,53.131082389884135,53.131082389884135
1266,c,53.131082389884135,53.131082389884135
1267,c,53.131082389884135,53.131082389884135
1268,c,53.131082389884135,53.131082389884135
1269,c,53.131082389884135,53.131082389884135
1270,c,53.131082389884135,53.131082389884135
1271,c,53.131082389884135,53.131082389884135
1272,c,53.131082389884135,53.131082389884135
1273,c,21.062992912201643,21.875072477294903
1274,c,53.131082389884135,53.131082389884135
1275,c,29.542408239565212,35.69771553248217
1276,t,53.131082389884135,53.131082389884135
1277,c,21.32072297904592,22.87940601237251
1278,c,53.131082389884135,53.131082389884135
1279,c,53.131082389884135,53.131082389884135
1280,c,53.131082389884135,53.131082389884135
1281,t,53.131082389884135,53.131082389884135
1282,c,53.131082389884135,53.131082389884135
1283,t,53.131082389884135,53.131082389884135
1284,t,53.131082389884135,53.131082389884135
1285,t,53.131082389884135,53.131082389884135
1286,c,53.131082389884135,53.131082389884135
1287,c,53.131082389884135,53.131082389884135
1288,c,53.131082389884135,53.131082389884135
1289,na,0.6961876015821491,8.878885604831606
1290,c,53.131082389884135,53.131082389884135
1291,c,53.131082389884135,53.131082389884135
1292,c,53.131082389884135,53.131082389884135
1293,c,53.131082389884135,53.131082389884135
1294,c,53.131082389884135,53.131082389884135
1295,c,53.131082389884135,53.131082389884135
1296,c,53.131082389884135,53.131082389884135
1297,c,53.131082389884135,53.131082389884135
1298,t,53.131082389884135,53.131082389884135
1299,c,53.131082389884135,53.131082389884135
1300,c,53.131082389884135,53.131082389884135
1301,c,53.131082389884135,53.131082389884135
1302,c,53.131082389884135,53.131082389884135
1303,t,53.131082389884135,53.131082389884135
1304,t,53.131082389884135,53.131082389884135
1305,t,53.131082389884135,53.131082389884135
1306,t,53.131082389884135,53.131082389884135
1307,c,53.131082389884135,53.131082389884135
1308,c,53.131082389884135,53.131082389884135
1309,c,53.131082389884135,53.131082389884135
1310,c,53.131082389884135,53.131082389884135
1311,c,53.131082389884135,53.131082389884135
1312,c,53.131082389884135,53.131082389884135
1313,c,53.131082389884135,53.131082389884135
1314,c,53.131082389884135,53.131082389884135
1315,c,53.131082389884135,53.131082389884135
1316,c,53.131082389884135,53.131082389884135
1317,c,53.131082389884135,53.131082389884135
1318,c,53.131082389884135,53.131082389884135
1319,c,53.131082389884135,53.131082389884135
1320,c,53.131082389884135,53.131082389884135
1321,c,53.131082389884135,53.131082389884135
1322,c,53.131082389884135,53.131082389884135
1323,c,53.131082389884135,53.131082389884135
1324,c,53.131082389884135,53.131082389884135
1325,c,53.131082389884135,53.131082389884135
1326,c,53.131082389884135,53.131082389884135
1327,c,53.131082389884135,53.131082389884135
1328,c,53.131082389884135,53.131082389884135
1329,c,53.131082389884135,53.131082389884135
1330,c,53.131082389884135,53.131082389884135
1331,c,53.131082389884135,53.131082389884135
1332,t,53.131082389884135,53.131082389884135
1333,t,53.131082389884135,53.131082389884135
1334,c,53.131082389884135,53.131082389884135
1335,t,53.131082389884135,53.131082389884135
1336,c,53.131082389884135,53.131082389884135
1337,c,53.131082389884135,53.131082389884135
1338,c,53.131082389884135,53.131082389884135
1339,c,53.131082389884135,53.131082389884135
1340,t,53.131082389884135,53.131082389884135
1341,t,53.131082389884135,53.131082389884135
1342,t,53.131082389884135,53.131082389884135
1343,t,53.131082389884135,53.131082389884135
1344,c,53.131082389884135,53.131082389884135
1345,na,1.5185620194756175,5.19157233299141
1346,c,6.017101969816741,20.07366336266906
1347,c,53.131082389884135,53.131082389884135
1348,c,53.131082389884135,53.131082389884135
1349,c,53.131082389884135,53.131082389884135
1350,c,53.131082389884135,53.131082389884135
1351,c,53.131082389884135,53.131082389884135
1352,c,53.131082389884135,53.131082389884135
1353,c,53.131082389884135,53.131082389884135
1354,c,53.131082389884135,53.131082389884135
1355,c,53.131082389884135,53.131082389884135
1356,c,53.131082389884135,53.131082389884135
1357,t,53.131082389884135,53.131082389884135
1358,c,53.131082389884135,53.131082389884135
1359,c,53.131082389884135,53.131082389884135
1360,c,53.131082389884135,53.131082389884135
1361,c,53.131082389884135,53.131082389884135
1362,c,53.131082389884135,53.131082389884135
1363,c,53.131082389884135,53.131082389884135
1364,t,53.131082389884135,53.131082389884135
1365,c,53.131082389884135,53.131082389884135
1366,t,53.131082389884135,53.131082389884135
1367,na,-1,0
1368,c,53.131082389884135,53.131082389884135
1369,c,53.131082389884135,53.131082389884135
1370,c,53.131082389884135,53.131082389884135
1371,c,53.131082389884135,53.131082389884135
1372,c,53.131082389884135,53.131082389884135
1373,c,53.131082389884135,53.131082389884135
1374,c,53.131082389884135,53.131082389884135
1375,c,53.131082389884135,53.131082389884135
1376,c,53.131082389884135,53.131082389884135
1377,t,53.131082389884135,53.131082389884135
1378,c,53.131082389884135,53.131082389884135
1379,c,53.131082389884135,53.131082389884135
1380,c,53.131082389884135,53.131082389884135
1381,c,53.131082389884135,53.131082389884135
1382,t,53.131082389884135,53.131082389884135
1383,t,53.131082389884135,53.131082389884135
1384,c,53.131082389884135,53.131082389884135
1385,c,53.131082389884135,53.131082389884135
1386,c,53.131082389884135,53.131082389884135
1387,c,53.131082389884135,53.131082389884135
1388,c,53.131082389884135,53.131082389884135
1389,c,53.131082389884135,53.131082389884135
1390,c,53.131082389884135,53.131082389884135
1391,c,53.131082389884135,53.131082389884135
1392,c,53.131082389884135,53.131082389884135
1393,c,53.131082389884135,53.131082389884135
1394,c,53.131082389884135,53.131082389884135
1395,c,53.131082389884135,53.131082389884135
1396,c,53.131082389884135,53.131082389884135
1397,c,53.131082389884135,53.131082389884135
1398,c,53.131082389884135,53.131082389884135
1399,c,53.131082389884135,53.131082389884135
1400,c,53.131082389884135,53.131082389884135
1401,t,53.131082389884135,53.131082389884135
1402,c,53.131082389884135,53.131082389884135
1403,na,-1,0
1404,c,53.131082389884135,53.131082389884135
1405,c,53.131082389884135,53.131082389884135
1406,c,53.131082389884135,53.131082389884135
1407,c,53.131082389884135,53.131082389884135
1408,c,53.131082389884135,53.131082389884135
1409,t,53.131082389884135,53.131082389884135
1410,t,53.131082389884135,53.131082389884135
1411,c,53.131082389884135,53.131082389884135
1412,t,53.131082389884135,53.131082389884135
1413,t,53.131082389884135,53.131082389884135
1414,c,53.131082389884135,53.131082389884135
1415,c,53.131082389884135,53.131082389884135
1416,c,53.131082389884135,53.131082389884135
1417,c,53.131082389884135,53.131082389884135
1418,c,53.131082389884135,53.131082389884135
1419,c,53.131082389884135,53.131082389884135
1420,c,53.131082389884135,53.131082389884135
1421,c,53.131082389884135,53.131082389884135
1422,c,53.131082389884135,53.131082389884135
1423,c,53.131082389884135,53.131082389884135
1424,c,53.131082389884135,53.131082389884135
1425,c,53.131082389884135,53.131082389884135
1426,c,53.131082389884135,53.131082389884135
1427,c,53.131082389884135,53.131082389884135
1428,c,53.131082389884135,53.131082389884135
1429,c,8.109605173901066,17.50464827281097
1430,t,53.131082389884135,53.131082389884135
1431,c,53.131082389884135,53.131082389884135
1432,c,53.131082389884135,53.131082389884135
1433,c,53.131082389884135,53.131082389884135
1434,c,53.131082389884135,53.131082389884135
1435,c,53.131082389884135,53.131082389884135
1436,c,53.131082389884135,53.131082389884135
1437,c,53.131082389884135,53.131082389884135
1438,c,53.131082389884135,53.131082389884135
1439,c,53.131082389884135,53.131082389884135
1440,c,53.131082389884135,53.131082389884135
1441,c,53.131082389884135,53.131082389884135
1442,t,53.131082389884135,53.131082389884135
1443,c,53.131082389884135,53.131082389884135
1444,na,-1,0
1445,c,53.131082389884135,53.131082389884135
1446,c,53.131082389884135,53.131082389884135
1447,c,53.131082389884135,53.131082389884135
1448,c,53.131082389884135,53.131082389884135
1449,c,53.131082389884135,53.131082389884135
1450,c,53.131082389884135,53.131082389884135
1451,c,53.131082389884135,53.131082389884135
1452,c,53.131082389884135,53.131082389884135
1453,na,5.860390154050581,7.5779216071842175
1454,c,53.131082389884135,53.131082389884135
1455,c,53.131082389884135,53.131082389884135
1456,c,53.131082389884135,53.131082389884135
1457,c,53.131082389884135,53.131082389884135
1458,t,53.131082389884135,53.131082389884135
1459,c,53.131082389884135,53.131082389884135
1460,c,53.131082389884135,53.131082389884135
1461,c,53.131082389884135,53.131082389884135
1462,c,53.131082389884135,53.131082389884135
1463,t,53.131082389884135,53.131082389884135
1464,t,53.131082389884135,53.131082389884135
1465,c,53.131082389884135,53.131082389884135
1466,c,53.131082389884135,53.131082389884135
1467,c,53.131082389884135,53.131082389884135
1468,c,53.131082389884135,53.131082389884135
1469,c,53.131082389884135,53.131082389884135
1470,na,0,3.364436162461083
1471,c,53.131082389884135,53.131082389884135
1472,t,53.131082389884135,53.131082389884135
1473,c,53.131082389884135,53.131082389884135
1474,c,53.131082389884135,53.131082389884135
1475,c,18.493653748186976,25.567751169844335
1476,c,53.131082389884135,53.131082389884135
1477,c,53.131082389884135,53.131082389884135
1478,t,53.131082389884135,53.131082389884135
1479,c,53.131082389884135,53.131082389884135
1480,c,53.131082389884135,53.131082389884135
1481,c,53.131082389884135,53.131082389884135
1482,c,53.131082389884135,53.131082389884135
1483,t,53.131082389884135,53.131082389884135
1484,c,53.131082389884135,53.131082389884135
1485,na,0,6.717852781584563
1486,t,53.131082389884135,53.131082389884135
1487,c,53.131082389884135,53.131082389884135
1488,c,53.131082389884135,53.131082389884135
1489,t,53.131082389884135,53.131082389884135
1490,c,53.131082389884135,53.131082389884135
1491,c,53.131082389884135,53.131082389884135
1492,c,53.131082389884135,53.131082389884135
1493,c,53.131082389884135,53.131082389884135
1494,t,53.131082389884135,53.131082389884135
1495,c,53.131082389884135,53.131082389884135
1496,c,53.131082389884135,53.131082389884135
1497,t,53.131082389884135,53.131082389884135
1498,c,53.131082389884135,53.131082389884135
1499,c,53.131082389884135,53.131082389884135
1500,c,53.131082389884135,53.131082389884135
1501,c,53.131082389884135,53.131082389884135
1502,c,53.131082389884135,53.131082389884135
1503,t,53.131082389884135,53.131082389884135
1504,c,53.131082389884135,53.131082389884135
1505,c,53.131082389884135,53.131082389884135
1506,c,53.131082389884135,53.131082389884135
1507,t,53.131082389884135,53.131082389884135
1508,c,53.131082389884135,53.131082389884135
1509,c,53.131082389884135,53.131082389884135
1510,t,53.131082389884135,53.131082389884135
1511,c,9.929059622927761,14.225820385303493
1512,c,53.131082389884135,53.131082389884135
1513,c,53.131082389884135,53.131082389884135
1514,t,53.131082389884135,53.131082389884135
1515,c,53.131082389884135,53.131082389884135
1516,c,53.131082389884135,53.131082389884135
1517,c,53.131082389884135,53.131082389884135
1518,c,53.131082389884135,53.131082389884135
1519,c,53.131082389884135,53.131082389884135
1520,c,53.131082389884135,53.131082389884135
1521,c,53.131082389884135,53.131082389884135
1522,c,53.131082389884135,53.131082389884135
1523,c,53.131082389884135,53.131082389884135
1524,c,53.131082389884135,53.131082389884135
1525,c,53.131082389884135,53.131082389884135
1526,c,53.131082389884135,53.131082389884135
1527,c,53.131082389884135,53.131082389884135
1528,c,53.131082389884135,53.131082389884135
1529,c,8.73179568319006,17.40540054327287
1530,c,53.131082389884135,53.131082389884135
1531,c,53.131082389884135,53.131082389884135
1532,c,53.131082389884135,53.131082389884135
1533,c,53.131082389884135,53.131082389884135
1534,c,53.131082389884135,53.131082389884135
1535,c,53.131082389884135,53.131082389884135
1536,c,53.131082389884135,53.131082389884135
1537,c,53.131082389884135,53.131082389884135
1538,c,53.131082389884135,53.131082389884135
1539,c,53.131082389884135,53.131082389884135
1540,c,53.131082389884135,53.131082389884135
1541,c,53.131082389884135,53.131082389884135
1542,c,53.131082389884135,53.131082389884135
1543,c,53.131082389884135,53.131082389884135
1544,c,53.131082389884135,53.131082389884135
1545,c,53.131082389884135,53.131082389884135
1546,c,53.131082389884135,53.131082389884135
1547,c,17.763037632233658,25.71960413007917
1548,c,53.131082389884135,53.131082389884135
1549,t,53.131082389884135,53.131082389884135
1550,c,53.131082389884135,53.131082389884135
1551,c,53.131082389884135,53.131082389884135
1552,c,53.131082389884135,53.131082389884135
1553,c,53.131082389884135,53.131082389884135
1554,c,53.131082389884135,53.131082389884135
1555,t,53.131082389884135,53.131082389884135
1556,c,53.131082389884135,53.131082389884135
1557,c,22.3961615074652,22.480242670071643
1558,c,53.131082389884135,53.131082389884135
1559,c,53.131082389884135,53.131082389884135
1560,c,53.131082389884135,53.131082389884135
1561,t,53.131082389884135,53.131082389884135
1562,c,53.131082389884135,53.131082389884135
1563,c,53.131082389884135,53.131082389884135
1564,c,53.131082389884135,53.131082389884135
1565,c,53.131082389884135,53.131082389884135
1566,t,53.131082389884135,53.131082389884135
1567,c,53.131082389884135,53.131082389884135
1568,c,53.131082389884135,53.131082389884135
1569,c,53.131082389884135,53.131082389884135
1570,c,53.131082389884135,53.131082389884135
1571,c,53.131082389884135,53.131082389884135
1572,t,53.131082389884135,53.131082389884135
1573,c,53.131082389884135,53.131082389884135
1574,c,53.131082389884135,53.131082389884135
1575,c,53.131082389884135,53.131082389884135
1576,t,53.131082389884135,53.131082389884135
1577,t,53.131082389884135,53.131082389884135
1578,c,53.131082389884135,53.131082389884135
1579,t,53.131082389884135,53.131082389884135
1580,c,53.131082389884135,53.131082389884135
1581,c,53.131082389884135,53.131082389884135
1582,c,53.131082389884135,53.131082389884135
1583,c,53.131082389884135,53.131082389884135
1584,t,53.131082389884135,53.131082389884135
1585,c,53.131082389884135,53.131082389884135
1586,c,53.131082389884135,53.131082389884135
1587,c,53.131082389884135,53.131082389884135
1588,c,53.131082389884135,53.131082389884135
1589,c,53.131082389884135,53.131082389884135
1590,c,53.131082389884135,53.131082389884135
1591,c,53.131082389884135,53.131082389884135
1592,t,53.131082389884135,53.131082389884135
1593,c,53.131082389884135,53.131082389884135
1594,c,53.131082389884135,53.131082389884135
1595,t,53.131082389884135,53.131082389884135
1596,c,53.131082389884135,53.131082389884135
1597,t,53.131082389884135,53.131082389884135
1598,c,53.131082389884135,53.131082389884135
1599,c,53.131082389884135,53.131082389884135
1600,c,53.131082389884135,53.131082389884135
1601,c,53.131082389884135,53.131082389884135
1602,c,53.131082389884135,53.131082389884135
1603,c,53.131082389884135,53.131082389884135
1604,c,53.131082389884135,53.131082389884135
1605,c,53.131082389884135,53.131082389884135
1606,c,53.131082389884135,53.131082389884135
1607,c,53.131082389884135,53.131082389884135
1608,c,53.131082389884135,53.131082389884135
1609,c,53.131082389884135,53.131082389884135
1610,c,53.131082389884135,53.131082389884135
1611,c,53.131082389884135,53.131082389884135
1612,c,53.131082389884135,53.131082389884135
1613,c,53.131082389884135,53.131082389884135
1614,t,53.131082389884135,53.131082389884135
1615,c,53.131082389884135,53.131082389884135
1616,t,53.131082389884135,53.131082389884135
1617,c,53.131082389884135,53.131082389884135
1618,c,19.132930914473626,21.06635321737625
1619,c,53.131082389884135,53.131082389884135
1620,c,53.131082389884135,53.131082389884135
1621,t,53.131082389884135,53.131082389884135
1622,c,53.131082389884135,53.131082389884135
1623,c,53.131082389884135,53.131082389884135
1624,c,53.131082389884135,53.131082389884135
1625,c,53.131082389884135,53.131082389884135
1626,c,23.78397988796136,29.446493791653815
1627,c,53.131082389884135,53.131082389884135
1628,c,53.131082389884135,53.131082389884135
1629,c,4.911093694962511,53.131082389884135
1630,t,53.131082389884135,53.131082389884135
1631,t,53.131082389884135,53.131082389884135
1632,c,27.62969999072425,28.459274110816484
1633,c,53.131082389884135,53.131082389884135
1634,c,53.131082389884135,53.131082389884135
1635,t,53.131082389884135,53.131082389884135
1636,c,53.131082389884135,53.131082389884135
1637,c,53.131082389884135,53.131082389884135
1638,c,53.131082389884135,53.131082389884135
1639,c,53.131082389884135,53.131082389884135
1640,c,53.131082389884135,53.131082389884135
1641,c,53.131082389884135,53.131082389884135
1642,c,53.131082389884135,53.131082389884135
1643,t,53.131082389884135,53.131082389884135
1644,c,53.131082389884135,53.131082389884135
1645,t,53.131082389884135,53.131082389884135
1646,c,53.131082389884135,53.131082389884135
1647,c,53.131082389884135,53.131082389884135
1648,c,53.131082389884135,53.131082389884135
1649,c,53.131082389884135,53.131082389884135
1650,c,53.131082389884135,53.131082389884135
1651,t,53.131082389884135,53.131082389884135
1652,c,53.131082389884135,53.131082389884135
1653,c,53.131082389884135,53.131082389884135
1654,c,53.131082389884135,53.131082389884135
1655,c,53.131082389884135,53.131082389884135
1656,c,53.131082389884135,53.131082389884135
1657,na,0.054774414486427656,3.7506949680293866
1658,c,53.131082389884135,53.131082389884135
1659,c,53.131082389884135,53.131082389884135
1660,c,53.131082389884135,53.131082389884135
1661,t,53.131082389884135,53.131082389884135
1662,c,53.131082389884135,53.131082389884135
1663,c,53.131082389884135,53.131082389884135
1664,c,53.131082389884135,53.131082389884135
1665,c,53.131082389884135,53.131082389884135
1666,c,53.131082389884135,53.131082389884135
1667,c,53.131082389884135,53.131082389884135
1668,c,53.131082389884135,53.131082389884135
1669,t,53.131082389884135,53.131082389884135
1670,c,53.131082389884135,53.131082389884135
1671,c,53.131082389884135,53.131082389884135
1672,c,53.131082389884135,53.131082389884135
1673,c,53.131082389884135,53.131082389884135
1674,c,53.131082389884135,53.131082389884135
1675,c,53.131082389884135,53.131082389884135
1676,c,8.277766090138934,18.2851160537788
1677,c,53.131082389884135,53.131082389884135
1678,c,53.131082389884135,53.131082389884135
1679,c,53.131082389884135,53.131082389884135
1680,c,53.131082389884135,53.131082389884135
1681,c,53.131082389884135,53.131082389884135
1682,c,53.131082389884135,53.131082389884135
1683,c,53.131082389884135,53.131082389884135
1684,c,53.131082389884135,53.131082389884135
1685,c,53.131082389884135,53.131082389884135
1686,c,53.131082389884135,53.131082389884135
1687,c,53.131082389884135,53.131082389884135
1688,c,53.131082389884135,53.131082389884135
1689,t,53.131082389884135,53.131082389884135
1690,c,53.131082389884135,53.131082389884135
1691,c,53.131082389884135,53.131082389884135
1692,c,53.131082389884135,53.131082389884135
1693,c,53.131082389884135,53.131082389884135
1694,c,53.131082389884135,53.131082389884135
1695,c,53.131082389884135,53.131082389884135
1696,c,53.131082389884135,53.131082389884135
1697,c,6.1917217527126525,6.6249319299129725
1698,c,53.131082389884135,53.131082389884135
1699,c,53.131082389884135,53.131082389884135
1700,c,53.131082389884135,53.131082389884135
1701,na,0.9427188758614429,4.054990553109603
1702,na,8.011568418511455,16.342344020972057
1703,c,53.131082389884135,53.131082389884135
1704,t,53.131082389884135,53.131082389884135
1705,c,53.131082389884135,53.131082389884135
1706,c,53.131082389884135,53.131082389884135
1707,t,53.131082389884135,53.131082389884135
1708,c,53.131082389884135,53.131082389884135
1709,c,53.131082389884135,53.131082389884135
1710,t,53.131082389884135,53.131082389884135
1711,c,53.131082389884135,53.131082389884135
1712,t,53.131082389884135,53.131082389884135
1713,c,53.131082389884135,53.131082389884135
1714,c,12.171086762834918,15.222737849361817
1715,c,53.131082389884135,53.131082389884135
1716,c,53.131082389884135,53.131082389884135
1717,c,53.131082389884135,53.131082389884135
1718,c,53.131082389884135,53.131082389884135
1719,c,53.131082389884135,53.131082389884135
1720,c,12.098712713345735,53.131082389884135
1721,c,53.131082389884135,53.131082389884135
1722,c,53.131082389884135,53.131082389884135
1723,c,53.131082389884135,53.131082389884135
1724,c,53.131082389884135,53.131082389884135
1725,c,53.131082389884135,53.131082389884135
1726,c,53.131082389884135,53.131082389884135
1727,c,53.131082389884135,53.131082389884135
1728,t,53.131082389884135,53.131082389884135
1729,c,7.829402493720334,15.791045183285481
1730,t,53.131082389884135,53.131082389884135
1731,c,53.131082389884135,53.131082389884135
1732,c,53.131082389884135,53.131082389884135
1733,c,53.131082389884135,53.131082389884135
1734,t,53.131082389884135,53.131082389884135
1735,c,53.131082389884135,53.131082389884135
1736,t,53.131082389884135,53.131082389884135
1737,t,53.131082389884135,53.131082389884135
1738,c,53.131082389884135,53.131082389884135
1739,c,53.131082389884135,53.131082389884135
1740,c,53.131082389884135,53.131082389884135
1741,c,53.131082389884135,53.131082389884135
1742,c,53.131082389884135,53.131082389884135
1743,c,53.131082389884135,53.131082389884135
1744,c,53.131082389884135,53.131082389884135
1745,c,53.131082389884135,53.131082389884135
1746,c,53.131082389884135,53.131082389884135
1747,c,53.131082389884135,53.131082389884135
1748,c,53.131082389884135,53.131082389884135
1749,t,53.131082389884135,53.131082389884135
1750,c,53.131082389884135,53.131082389884135
1751,c,53.131082389884135,53.131082389884135
1752,c,53.131082389884135,53.131082389884135
1753,c,15.07630279943971,15.545599459964246
1754,c,53.131082389884135,53.131082389884135
1755,c,53.131082389884135,53.131082389884135
1756,c,53.131082389884135,53.131082389884135
1757,t,53.131082389884135,53.131082389884135
1758,t,53.131082389884135,53.131082389884135
1759,c,53.131082389884135,53.131082389884135
1760,c,53.131082389884135,53.131082389884135
1761,t,53.131082389884135,53.131082389884135
1762,c,53.131082389884135,53.131082389884135
1763,c,53.131082389884135,53.131082389884135
1764,c,53.131082389884135,53.131082389884135
1765,c,53.131082389884135,53.131082389884135
1766,c,53.131082389884135,53.131082389884135
1767,c,53.131082389884135,53.131082389884135
1768,c,53.131082389884135,53.131082389884135
1769,c,53.131082389884135,53.131082389884135
1770,c,53.131082389884135,53.131082389884135
1771,t,53.131082389884135,53.131082389884135
1772,c,53.131082389884135,53.131082389884135
1773,c,53.131082389884135,53.131082389884135
1774,c,53.131082389884135,53.131082389884135
1775,t,53.131082389884135,53.131082389884135
1776,c,53.131082389884135,53.131082389884135
1777,t,53.131082389884135,53.131082389884135
1778,c,53.131082389884135,53.131082389884135
1779,c,53.131082389884135,53.131082389884135
1780,t,53.131082389884135,53.131082389884135
1781,na,-1,0
1782,c,53.131082389884135,53.131082389884135
1783,t,53.131082389884135,53.131082389884135
1784,c,53.131082389884135,53.131082389884135
1785,t,53.131082389884135,53.131082389884135
1786,c,53.131082389884135,53.131082389884135
1787,t,53.131082389884135,53.131082389884135
1788,c,53.131082389884135,53.131082389884135
1789,c,53.131082389884135,53.131082389884135
1790,c,53.131082389884135,53.131082389884135
1791,na,1.5869843375385546,6.953705977708982
1792,c,7.786921093483837,8.05283957602018
1793,c,53.131082389884135,53.131082389884135
1794,t,53.131082389884135,53.131082389884135
1795,c,53.131082389884135,53.131082389884135
1796,c,53.131082389884135,53.131082389884135
1797,c,53.131082389884135,53.131082389884135
1798,c,53.131082389884135,53.131082389884135
1799,c,53.131082389884135,53.131082389884135
1800,t,53.131082389884135,53.131082389884135
1801,t,53.131082389884135,53.131082389884135
1802,c,53.131082389884135,53.131082389884135
1803,c,53.131082389884135,53.131082389884135
1804,c,53.131082389884135,53.131082389884135
1805,c,53.131082389884135,53.131082389884135
1806,c,53.131082389884135,53.131082389884135
1807,c,7.259467388418228,7.272135481060365
1808,c,53.131082389884135,53.131082389884135
1809,c,53.131082389884135,53.131082389884135
1810,na,0,1.7541316085531038
1811,t,53.131082389884135,53.131082389884135
1812,c,53.131082389884135,53.131082389884135
1813,c,53.131082389884135,53.131082389884135
1814,t,53.131082389884135,53.131082389884135
1815,t,53.131082389884135,53.131082389884135
1816,c,53.131082389884135,53.131082389884135
1817,c,53.131082389884135,53.131082389884135
1818,c,53.131082389884135,53.131082389884135
1819,c,53.131082389884135,53.131082389884135
1820,c,53.131082389884135,53.131082389884135
1821,c,53.131082389884135,53.131082389884135
1822,c,53.131082389884135,53.131082389884135
1823,c,17.137007619567633,34.7871449716208
1824,t,53.131082389884135,53.131082389884135
1825,c,53.131082389884135,53.131082389884135
1826,t,53.131082389884135,53.131082389884135
1827,c,53.131082389884135,53.131082389884135
1828,c,53.131082389884135,53.131082389884135
1829,t,53.131082389884135,53.131082389884135
1830,t,53.131082389884135,53.131082389884135
1831,c,53.131082389884135,53.131082389884135
1832,c,53.131082389884135,53.131082389884135
1833,c,53.131082389884135,53.131082389884135
1834,t,53.131082389884135,53.131082389884135
1835,t,53.131082389884135,53.131082389884135
1836,c,53.131082389884135,53.131082389884135
1837,c,53.131082389884135,53.131082389884135
1838,t,53.131082389884135,53.131082389884135
1839,na,-1,0
1840,c,53.131082389884135,53.131082389884135
1841,c,53.131082389884135,53.131082389884135
1842,t,53.131082389884135,53.131082389884135
1843,c,53.131082389884135,53.131082389884135
1844,c,53.131082389884135,53.131082389884135
1845,c,53.131082389884135,53.131082389884135
1846,c,53.131082389884135,53.131082389884135
1847,c,53.131082389884135,53.131082389884135
1848,c,53.131082389884135,53.131082389884135
1849,c,53.131082389884135,53.131082389884135
1850,c,53.131082389884135,53.131082389884135
1851,c,7.283253155614768,7.648824095243254
1852,c,53.131082389884135,53.131082389884135
1853,c,53.131082389884135,53.131082389884135
1854,c,24.518935234154313,32.39220327858532
1855,c,53.131082389884135,53.131082389884135
1856,t,53.131082389884135,53.131082389884135
1857,c,53.131082389884135,53.131082389884135
1858,t,53.131082389884135,53.131082389884135
1859,c,53.131082389884135,53.131082389884135
1860,c,14.75784421902761,20.82909089855457
1861,na,-1,0
1862,c,8.617687093097366,10.9632229930625
1863,c,53.131082389884135,53.131082389884135
1864,c,53.131082389884135,53.131082389884135
1865,c,53.131082389884135,53.131082389884135
1866,c,53.131082389884135,53.131082389884135
1867,c,53.131082389884135,53.131082389884135
1868,t,53.131082389884135,53.131082389884135
1869,c,53.131082389884135,53.131082389884135
1870,c,53.131082389884135,53.131082389884135
1871,c,53.131082389884135,53.131082389884135
1872,c,53.131082389884135,53.131082389884135
1873,c,53.131082389884135,53.131082389884135
1874,c,53.131082389884135,53.131082389884135
1875,c,53.131082389884135,53.131082389884135
1876,c,53.131082389884135,53.131082389884135
1877,c,53.131082389884135,53.131082389884135
1878,t,53.131082389884135,53.131082389884135
1879,c,53.131082389884135,53.131082389884135
1880,c,53.131082389884135,53.131082389884135
1881,c,53.131082389884135,53.131082389884135
1882,na,3.5667709669317533,12.851477174826183
1883,na,3.831892897277538,53.131082389884135
1884,t,53.131082389884135,53.131082389884135
1885,c,53.131082389884135,53.131082389884135
1886,c,53.131082389884135,53.131082389884135
1887,c,53.131082389884135,53.131082389884135
1888,na,1.5047071589292256,6.4104969814445845
1889,na,0,2.778374383088527
1890,c,53.131082389884135,53.131082389884135
1891,t,53.131082389884135,53.131082389884135
1892,c,53.131082389884135,53.131082389884135
1893,c,53.131082389884135,53.131082389884135
1894,t,53.131082389884135,53.131082389884135
1895,c,53.131082389884135,53.131082389884135
1896,c,8.776946270690875,10.758673348526965
1897,c,53.131082389884135,53.131082389884135
1898,c,53.131082389884135,53.131082389884135
1899,t,53.131082389884135,53.131082389884135
1900,c,8.343557853265805,14.610740700124463
1901,c,53.131082389884135,53.131082389884135
1902,t,53.131082389884135,53.131082389884135
1903,c,53.131082389884135,53.131082389884135
1904,t,53.131082389884135,53.131082389884135
1905,c,53.131082389884135,53.131082389884135
1906,c,53.131082389884135,53.131082389884135
1907,t,53.131082389884135,53.131082389884135
1908,c,53.131082389884135,53.131082389884135
1909,c,53.131082389884135,53.131082389884135
1910,t,53.131082389884135,53.131082389884135
1911,c,53.131082389884135,53.131082389884135
1912,c,13.095510687458985,20.22873742104103
1913,c,53.131082389884135,53.131082389884135
1914,c,53.131082389884135,53.131082389884135
1915,c,53.131082389884135,53.131082389884135
1916,t,53.131082389884135,53.131082389884135
1917,t,53.131082389884135,53.131082389884135
1918,t,53.131082389884135,53.131082389884135
1919,c,53.131082389884135,53.131082389884135
1920,na,0,4.325976994937125
1921,c,53.131082389884135,53.131082389884135
1922,c,53.131082389884135,53.131082389884135
1923,t,53.131082389884135,53.131082389884135
1924,c,53.131082389884135,53.131082389884135
1925,c,53.131082389884135,53.131082389884135
1926,c,53.131082389884135,53.131082389884135
1927,t,53.131082389884135,53.131082389884135
1928,c,53.131082389884135,53.131082389884135
1929,c,53.131082389884135,53.131082389884135
1930,t,53.131082389884135,53.131082389884135
1931,c,53.131082389884135,53.131082389884135
1932,c,53.131082389884135,53.131082389884135
1933,c,53.131082389884135,53.131082389884135
1934,c,4.153156058779803,6.025617052823067
1935,c,53.131082389884135,53.131082389884135
1936,t,53.131082389884135,53.131082389884135
1937,c,53.131082389884135,53.131082389884135
1938,t,53.131082389884135,53.131082389884135
1939,c,53.131082389884135,53.131082389884135
1940,c,53.131082389884135,53.131082389884135
1941,c,53.131082389884135,53.131082389884135
1942,t,53.131082389884135,53.131082389884135
1943,c,53.131082389884135,53.131082389884135
1944,c,53.131082389884135,53.131082389884135
1945,c,53.131082389884135,53.131082389884135
1946,c,53.131082389884135,53.131082389884135
1947,na,-1,0
1948,t,53.131082389884135,53.131082389884135
1949,c,53.131082389884135,53.131082389884135
1950,c,53.131082389884135,53.131082389884135
1951,c,5.74672087676824,13.182119964943276
1952,c,53.131082389884135,53.131082389884135
1953,c,53.131082389884135,53.131082389884135
1954,na,0.5793691220296007,8.307299971526476
1955,t,53.131082389884135,53.131082389884135
1956,c,53.131082389884135,53.131082389884135
1957,c,53.131082389884135,53.131082389884135
1958,c,53.131082389884135,53.131082389884135
1959,c,53.131082389884135,53.131082389884135
1960,t,53.131082389884135,53.131082389884135
1961,t,53.131082389884135,53.131082389884135
1962,c,53.131082389884135,53.131082389884135
1963,c,53.131082389884135,53.131082389884135
1964,c,9.463706567881667,32.388938659966804
1965,c,53.131082389884135,53.131082389884135
1966,c,53.131082389884135,53.131082389884135
1967,c,53.131082389884135,53.131082389884135
1968,c,53.131082389884135,53.131082389884135
1969,c,53.131082389884135,53.131082389884135
1970,c,53.131082389884135,53.131082389884135
1971,c,15.88775393712751,53.131082389884135
1972,c,53.131082389884135,53.131082389884135
1973,c,53.131082389884135,53.131082389884135
1974,c,53.131082389884135,53.131082389884135
1975,c,53.131082389884135,53.131082389884135
1976,t,53.131082389884135,53.131082389884135
1977,c,53.131082389884135,53.131082389884135
1978,c,53.131082389884135,53.131082389884135
1979,c,53.131082389884135,53.131082389884135
1980,c,53.131082389884135,53.131082389884135
1981,c,53.131082389884135,53.131082389884135
1982,c,53.131082389884135,53.131082389884135
1983,c,53.131082389884135,53.131082389884135
1984,c,53.131082389884135,53.131082389884135
1985,t,53.131082389884135,53.131082389884135
1986,c,30.79800793869488,36.13742783016967
1987,c,53.131082389884135,53.131082389884135
1988,t,53.131082389884135,53.131082389884135
1989,c,53.131082389884135,53.131082389884135
1990,na,2.0139212287250112,6.02002100204964
1991,c,53.131082389884135,53.131082389884135
1992,c,53.131082389884135,53.131082389884135
1993,c,53.131082389884135,53.131082389884135
1994,c,53.131082389884135,53.131082389884135
1995,c,53.131082389884135,53.131082389884135
1996,c,53.131082389884135,53.131082389884135
1997,c,53.131082389884135,53.131082389884135
1998,c,53.131082389884135,53.131082389884135
1999,c,53.131082389884135,53.131082389884135
2000,c,53.131082389884135,53.131082389884135
2001,c,53.131082389884135,53.131082389884135
2002,c,53.131082389884135,53.131082389884135
2003,c,53.131082389884135,53.131082389884135
2004,c,53.131082389884135,53.131082389884135
2005,c,53.131082389884135,53.131082389884135
2006,t,53.131082389884135,53.131082389884135
2007,c,8.493238527305278,13.28068933800222
2008,c,53.131082389884135,53.131082389884135
2009,c,53.131082389884135,53.131082389884135
2010,c,53.131082389884135,53.131082389884135
2011,c,53.131082389884135,53.131082389884135
2012,c,53.131082389884135,53.131082389884135
2013,c,53.131082389884135,53.131082389884135
2014,t,53.131082389884135,53.131082389884135
2015,t,53.131082389884135,53.131082389884135
2016,c,53.131082389884135,53.131082389884135
2017,c,9.354511103188173,11.595291371224462
2018,t,53.131082389884135,53.131082389884135
2019,t,53.131082389884135,53.131082389884135
2020,c,53.131082389884135,53.131082389884135
2021,t,53.131082389884135,53.131082389884135
2022,c,53.131082389884135,53.131082389884135
2023,c,53.131082389884135,53.131082389884135
2024,c,53.131082389884135,53.131082389884135
2025,t,53.131082389884135,53.131082389884135
2026,c,53.131082389884135,53.131082389884135
2027,c,53.131082389884135,53.131082389884135
2028,c,21.41363493665102,22.045019762073604
2029,c,53.131082389884135,53.131082389884135
2030,c,53.131082389884135,53.131082389884135
2031,c,53.131082389884135,53.131082389884135
2032,c,6.556029484433599,8.683998851307603
2033,t,53.131082389884135,53.131082389884135
2034,c,53.131082389884135,53.131082389884135
2035,c,53.131082389884135,53.131082389884135
2036,c,53.131082389884135,53.131082389884135
2037,c,53.131082389884135,53.131082389884135
2038,c,53.131082389884135,53.131082389884135
2039,c,53.131082389884135,53.131082389884135
2040,c,53.131082389884135,53.131082389884135
2041,c,53.131082389884135,53.131082389884135
2042,t,53.131082389884135,53.131082389884135
2043,c,53.131082389884135,53.131082389884135
2044,c,53.131082389884135,53.131082389884135
2045,c,53.131082389884135,53.131082389884135
2046,t,53.131082389884135,53.131082389884135
2047,c,53.131082389884135,53.131082389884135
2048,c,53.131082389884135,53.131082389884135
2049,c,53.131082389884135,53.131082389884135
2050,c,53.131082389884135,53.131082389884135
2051,t,53.131082389884135,53.131082389884135
2052,c,53.131082389884135,53.131082389884135
2053,c,53.131082389884135,53.131082389884135
2054,c,53.131082389884135,53.131082389884135
2055,c,53.131082389884135,53.131082389884135
2056,c,53.131082389884135,53.131082389884135
2057,c,53.131082389884135,53.131082389884135
2058,c,53.131082389884135,53.131082389884135
2059,c,53.131082389884135,53.131082389884135
2060,t,53.131082389884135,53.131082389884135
2061,t,53.131082389884135,53.131082389884135
2062,t,53.131082389884135,53.131082389884135
2063,c,53.131082389884135,53.131082389884135
2064,c,53.131082389884135,53.131082389884135
2065,t,53.131082389884135,53.131082389884135
2066,c,53.131082389884135,53.131082389884135
2067,c,53.131082389884135,53.131082389884135
2068,t,53.131082389884135,53.131082389884135
2069,c,53.131082389884135,53.131082389884135
2070,c,53.131082389884135,53.131082389884135
2071,c,53.131082389884135,53.131082389884135
2072,c,53.131082389884135,53.131082389884135
2073,c,53.131082389884135,53.131082389884135
2074,c,53.131082389884135,53.131082389884135
2075,c,53.131082389884135,53.131082389884135
2076,c,9.641021608412863,19.574092417434287
2077,c,53.131082389884135,53.131082389884135
2078,c,53.131082389884135,53.131082389884135
2079,t,53.131082389884135,53.131082389884135
2080,t,53.131082389884135,53.131082389884135
2081,c,53.131082389884135,53.131082389884135
2082,c,53.131082389884135,53.131082389884135
2083,c,20.682953932386273,22.00038593373684
2084,c,53.131082389884135,53.131082389884135
2085,c,53.131082389884135,53.131082389884135
2086,c,53.131082389884135,53.131082389884135
2087,c,12.805745121546817,21.208644600991292
2088,c,53.131082389884135,53.131082389884135
2089,c,53.131082389884135,53.131082389884135
2090,c,53.131082389884135,53.131082389884135
2091,c,3.6163500747924617,5.030327207480019
2092,c,53.131082389884135,53.131082389884135
2093,c,53.131082389884135,53.131082389884135
2094,c,53.131082389884135,53.131082389884135
2095,c,53.131082389884135,53.131082389884135
2096,t,53.131082389884135,53.131082389884135
2097,t,53.131082389884135,53.131082389884135
2098,c,53.131082389884135,53.131082389884135
2099,t,53.131082389884135,53.131082389884135
2100,na,0,0.7561405301456557
2101,c,53.131082389884135,53.131082389884135
2102,c,53.131082389884135,53.131082389884135
2103,c,53.131082389884135,53.131082389884135
2104,c,53.131082389884135,53.131082389884135
2105,c,53.131082389884135,53.131082389884135
2106,na,-1,0
2107,c,53.131082389884135,53.131082389884135
2108,t,53.131082389884135,53.131082389884135
2109,t,53.131082389884135,53.131082389884135
2110,c,53.131082389884135,53.131082389884135
2111,t,53.131082389884135,53.131082389884135
2112,c,14.490423400234816,21.824961797246388
2113,c,53.131082389884135,53.131082389884135
2114,c,53.131082389884135,53.131082389884135
2115,c,53.131082389884135,53.131082389884135
2116,c,53.131082389884135,53.131082389884135
2117,c,53.131082389884135,53.131082389884135
2118,c,53.131082389884135,53.131082389884135
2119,c,53.131082389884135,53.131082389884135
2120,t,53.131082389884135,53.131082389884135
2121,c,53.131082389884135,53.131082389884135
2122,t,53.131082389884135,53.131082389884135
2123,c,53.131082389884135,53.131082389884135
2124,c,53.131082389884135,53.131082389884135
2125,c,53.131082389884135,53.131082389884135
2126,t,53.131082389884135,53.131082389884135
2127,c,53.131082389884135,53.131082389884135
2128,c,53.131082389884135,53.131082389884135
2129,c,53.131082389884135,53.131082389884135
2130,c,53.131082389884135,53.131082389884135
2131,c,9.268319445560666,11.929732826313684
2132,c,53.131082389884135,53.131082389884135
2133,c,53.131082389884135,53.131082389884135
2134,c,53.131082389884135,53.131082389884135
2135,t,53.131082389884135,53.131082389884135
2136,c,53.131082389884135,53.131082389884135
2137,c,53.131082389884135,53.131082389884135
2138,c,53.131082389884135,53.131082389884135
2139,t,53.131082389884135,53.131082389884135
2140,c,53.131082389884135,53.131082389884135
2141,c,53.131082389884135,53.131082389884135
2142,c,53.131082389884135,53.131082389884135
2143,c,53.131082389884135,53.131082389884135
2144,c,53.131082389884135,53.131082389884135
2145,c,53.131082389884135,53.131082389884135
2146,c,53.131082389884135,53.131082389884135
2147,c,53.131082389884135,53.131082389884135
2148,c,13.557169805030581,23.84264668393091
2149,c,53.131082389884135,53.131082389884135
2150,c,53.131082389884135,53.131082389884135
2151,c,53.131082389884135,53.131082389884135
2152,c,53.131082389884135,53.131082389884135
2153,c,53.131082389884135,53.131082389884135
2154,c,53.131082389884135,53.131082389884135
2155,c,53.131082389884135,53.131082389884135
2156,c,53.131082389884135,53.131082389884135
2157,c,53.131082389884135,53.131082389884135
2158,c,53.131082389884135,53.131082389884135
2159,c,53.131082389884135,53.131082389884135
2160,c,53.131082389884135,53.131082389884135
2161,t,53.131082389884135,53.131082389884135
2162,c,53.131082389884135,53.131082389884135
2163,c,6.431228230748983,8.660778720397932
2164,c,53.131082389884135,53.131082389884135
2165,t,53.131082389884135,53.131082389884135
2166,c,53.131082389884135,53.131082389884135
2167,t,53.131082389884135,53.131082389884135
2168,c,11.234567876333193,14.586392019881803
2169,c,53.131082389884135,53.131082389884135
2170,c,53.131082389884135,53.131082389884135
2171,c,53.131082389884135,53.131082389884135
2172,c,53.131082389884135,53.131082389884135
2173,c,53.131082389884135,53.131082389884135
2174,t,53.131082389884135,53.131082389884135
2175,t,53.131082389884135,53.131082389884135
2176,t,53.131082389884135,53.131082389884135
2177,c,53.131082389884135,53.131082389884135
2178,c,53.131082389884135,53.131082389884135
2179,c,53.131082389884135,53.131082389884135
2180,t,53.131082389884135,53.131082389884135
2181,c,53.131082389884135,53.131082389884135
2182,c,53.131082389884135,53.131082389884135
2183,c,53.131082389884135,53.131082389884135
2184,t,53.131082389884135,53.131082389884135
2185,c,53.131082389884135,53.131082389884135
2186,c,53.131082389884135,53.131082389884135
2187,c,53.131082389884135,53.131082389884135
2188,c,53.131082389884135,53.131082389884135
2189,t,53.131082389884135,53.131082389884135
2190,c,16.49868428979835,16.602551801471577
2191,c,53.131082389884135,53.131082389884135
2192,c,53.131082389884135,53.131082389884135
2193,c,53.131082389884135,53.131082389884135
2194,c,53.131082389884135,53.131082389884135
2195,c,53.131082389884135,53.131082389884135
2196,c,53.131082389884135,53.131082389884135
2197,c,53.131082389884135,53.131082389884135
2198,c,53.131082389884135,53.131082389884135
2199,c,53.131082389884135,53.131082389884135
2200,c,53.131082389884135,53.131082389884135
2201,c,53.131082389884135,53.131082389884135
2202,c,53.131082389884135,53.131082389884135
2203,c,53.131082389884135,53.131082389884135
2204,c,53.131082389884135,53.131082389884135
2205,c,53.131082389884135,53.131082389884135
2206,c,53.131082389884135,53.131082389884135
2207,c,53.131082389884135,53.131082389884135
2208,c,53.131082389884135,53.131082389884135
2209,t,53.131082389884135,53.131082389884135
2210,c,53.131082389884135,53.131082389884135
2211,c,53.131082389884135,53.131082389884135
2212,c,53.131082389884135,53.131082389884135
2213,t,53.131082389884135,53.131082389884135
2214,c,18.511517850962406,21.71957057011034
2215,c,53.131082389884135,53.131082389884135
2216,c,53.131082389884135,53.131082389884135
2217,t,53.131082389884135,53.131082389884135
2218,na,2.5827792508838736,4.92269141755853
2219,c,53.131082389884135,53.131082389884135
2220,c,53.131082389884135,53.131082389884135
2221,t,53.131082389884135,53.131082389884135
2222,c,53.131082389884135,53.131082389884135
2223,c,53.131082389884135,53.131082389884135
2224,c,53.131082389884135,53.131082389884135
2225,c,53.131082389884135,53.131082389884135
2226,c,53.131082389884135,53.131082389884135
2227,c,53.131082389884135,53.131082389884135
2228,t,53.131082389884135,53.131082389884135
2229,c,53.131082389884135,53.131082389884135
2230,c,53.131082389884135,53.131082389884135
2231,t,53.131082389884135,53.131082389884135
2232,c,14.407590893115074,17.291978531578692
2233,c,53.131082389884135,53.131082389884135
2234,c,53.131082389884135,53.131082389884135
2235,c,53.131082389884135,53.131082389884135
2236,c,53.131082389884135,53.131082389884135
2237,c,53.131082389884135,53.131082389884135
2238,c,53.131082389884135,53.131082389884135
2239,c,53.131082389884135,53.131082389884135
2240,c,53.131082389884135,53.131082389884135
2241,c,53.131082389884135,53.131082389884135
2242,t,53.131082389884135,53.131082389884135
2243,c,53.131082389884135,53.131082389884135
2244,c,53.131082389884135,53.131082389884135
2245,c,53.131082389884135,53.131082389884135
2246,c,53.131082389884135,53.131082389884135
2247,c,53.131082389884135,53.131082389884135
2248,c,53.131082389884135,53.131082389884135
2249,t,53.131082389884135,53.131082389884135
2250,c,53.131082389884135,53.131082389884135
2251,c,53.131082389884135,53.131082389884135
2252,c,53.131082389884135,53.131082389884135
2253,c,53.131082389884135,53.131082389884135
2254,c,53.131082389884135,53.131082389884135
2255,t,53.131082389884135,53.131082389884135
2256,t,53.131082389884135,53.131082389884135
2257,c,53.131082389884135,53.131082389884135
2258,c,53.131082389884135,53.131082389884135
2259,t,53.131082389884135,53.131082389884135
2260,t,53.131082389884135,53.131082389884135
2261,t,53.131082389884135,53.131082389884135
2262,c,53.131082389884135,53.131082389884135
2263,t,53.131082389884135,53.131082389884135
2264,c,53.131082389884135,53.131082389884135
2265,c,53.131082389884135,53.131082389884135
2266,t,53.131082389884135,53.131082389884135
2267,c,53.131082389884135,53.131082389884135
2268,c,53.131082389884135,53.131082389884135
2269,t,53.131082389884135,53.131082389884135
2270,c,53.131082389884135,53.131082389884135
2271,c,53.131082389884135,53.131082389884135
2272,c,53.131082389884135,53.131082389884135
2273,c,53.131082389884135,53.131082389884135
2274,t,53.131082389884135,53.131082389884135
2275,t,53.131082389884135,53.131082389884135
2276,c,53.131082389884135,53.131082389884135
2277,c,53.131082389884135,53.131082389884135
2278,c,53.131082389884135,53.131082389884135
2279,t,53.131082389884135,53.131082389884135
2280,c,53.131082389884135,53.131082389884135
2281,c,53.131082389884135,53.131082389884135
2282,c,53.131082389884135,53.131082389884135
2283,t,53.131082389884135,53.131082389884135
2284,c,53.131082389884135,53.131082389884135
2285,t,53.131082389884135,53.131082389884135
2286,c,53.131082389884135,53.131082389884135
2287,c,53.131082389884135,53.131082389884135
2288,c,53.131082389884135,53.131082389884135
2289,c,53.131082389884135,53.131082389884135
2290,c,53.131082389884135,53.131082389884135
2291,c,53.131082389884135,53.131082389884135
2292,c,9.68268153598066,53.131082389884135
2293,t,53.131082389884135,53.131082389884135
2294,c,53.131082389884135,53.131082389884135
2295,c,53.131082389884135,53.131082389884135
2296,c,53.131082389884135,53.131082389884135
2297,c,53.131082389884135,53.131082389884135
2298,c,53.131082389884135,53.131082389884135
2299,t,53.131082389884135,53.131082389884135
2300,c,53.131082389884135,53.131082389884135
2301,c,53.131082389884135,53.131082389884135
2302,c,53.131082389884135,53.131082389884135
2303,c,53.131082389884135,53.131082389884135
2304,t,53.131082389884135,53.131082389884135
2305,c,53.131082389884135,53.131082389884135
2306,c,53.131082389884135,53.131082389884135
2307,c,53.131082389884135,53.131082389884135
2308,t,53.131082389884135,53.131082389884135
2309,c,53.131082389884135,53.131082389884135
2310,c,53.131082389884135,53.131082389884135
2311,c,53.131082389884135,53.131082389884135
2312,c,53.131082389884135,53.131082389884135
2313,c,16.62031494258028,17.089728642294855
2314,t,53.131082389884135,53.131082389884135
2315,c,53.131082389884135,53.131082389884135
2316,c,53.131082389884135,53.131082389884135
2317,t,53.131082389884135,53.131082389884135
2318,c,53.131082389884135,53.131082389884135
2319,c,53.131082389884135,53.131082389884135
2320,c,53.131082389884135,53.131082389884135
2321,c,53.131082389884135,53.131082389884135
2322,t,53.131082389884135,53.131082389884135
2323,c,53.131082389884135,53.131082389884135
2324,c,53.131082389884135,53.131082389884135
2325,c,13.0946790651023,13.828175017656944
2326,t,53.131082389884135,53.131082389884135
2327,c,53.131082389884135,53.131082389884135
2328,c,53.131082389884135,53.131082389884135
2329,c,53.131082389884135,53.131082389884135
2330,c,53.131082389884135,53.131082389884135
2331,c,11.336972591019407,28.49316624643682
2332,t,53.131082389884135,53.131082389884135
2333,c,53.131082389884135,53.131082389884135
2334,c,53.131082389884135,53.131082389884135
2335,c,15.314945486739164,16.856361675379908
2336,c,18.484930925791307,18.98008846976113
2337,c,53.131082389884135,53.131082389884135
2338,t,53.131082389884135,53.131082389884135
2339,c,53.131082389884135,53.131082389884135
2340,c,3.5879834880349306,4.992945776807362
2341,c,53.131082389884135,53.131082389884135
2342,c,53.131082389884135,53.131082389884135
2343,c,53.131082389884135,53.131082389884135
2344,c,53.131082389884135,53.131082389884135
2345,t,53.131082389884135,53.131082389884135
2346,c,29.81229665449146,33.77669780335723
2347,c,53.131082389884135,53.131082389884135
2348,c,53.131082389884135,53.131082389884135
2349,c,53.131082389884135,53.131082389884135
2350,c,53.131082389884135,53.131082389884135
2351,c,53.131082389884135,53.131082389884135
2352,t,53.131082389884135,53.131082389884135
2353,c,53.131082389884135,53.131082389884135
2354,c,53.131082389884135,53.131082389884135
2355,c,53.131082389884135,53.131082389884135
2356,t,53.131082389884135,53.131082389884135
2357,c,53.131082389884135,53.131082389884135
2358,c,53.131082389884135,53.131082389884135
2359,c,53.131082389884135,53.131082389884135
2360,c,53.131082389884135,53.131082389884135
2361,c,53.131082389884135,53.131082389884135
2362,c,53.131082389884135,53.131082389884135
2363,c,53.131082389884135,53.131082389884135
2364,c,53.131082389884135,53.131082389884135
2365,c,53.131082389884135,53.131082389884135
2366,c,53.131082389884135,53.131082389884135
2367,c,53.131082389884135,53.131082389884135
2368,c,53.131082389884135,53.131082389884135
2369,c,53.131082389884135,53.131082389884135
2370,c,53.131082389884135,53.131082389884135
2371,na,1.3614818294642723,2.984316357580289
2372,c,53.131082389884135,53.131082389884135
2373,t,53.131082389884135,53.131082389884135
2374,c,53.131082389884135,53.131082389884135
2375,c,53.131082389884135,53.131082389884135
2376,c,53.131082389884135,53.131082389884135
2377,c,53.131082389884135,53.131082389884135
2378,c,53.131082389884135,53.131082389884135
2379,na,0.6464977020939837,7.3691285411196805
2380,t,53.131082389884135,53.131082389884135
2381,c,53.131082389884135,53.131082389884135
2382,c,53.131082389884135,53.131082389884135
2383,c,53.131082389884135,53.131082389884135
2384,c,53.131082389884135,53.131082389884135
2385,c,53.131082389884135,53.131082389884135
2386,c,53.131082389884135,53.131082389884135
2387,c,26.023716341685493,29.65432694088627
2388,c,53.131082389884135,53.131082389884135
2389,c,53.131082389884135,53.131082389884135
2390,t,53.131082389884135,53.131082389884135
2391,c,53.131082389884135,53.131082389884135
2392,c,53.131082389884135,53.131082389884135
2393,c,53.131082389884135,53.131082389884135
2394,t,53.131082389884135,53.131082389884135
2395,c,53.131082389884135,53.131082389884135
2396,c,53.131082389884135,53.131082389884135
2397,c,53.131082389884135,53.131082389884135
2398,c,53.131082389884135,53.131082389884135
2399,c,53.131082389884135,53.131082389884135
2400,c,53.131082389884135,53.131082389884135
2401,t,53.131082389884135,53.131082389884135
2402,c,53.131082389884135,53.131082389884135
2403,c,15.684520066985504,17.919970171778097
2404,c,53.131082389884135,53.131082389884135
2405,t,53.131082389884135,53.131082389884135
2406,c,53.131082389884135,53.131082389884135
2407,c,53.131082389884135,53.131082389884135
2408,c,53.131082389884135,53.131082389884135
2409,c,53.131082389884135,53.131082389884135
2410,c,53.131082389884135,53.131082389884135
2411,c,53.131082389884135,53.131082389884135
2412,c,53.131082389884135,53.131082389884135
2413,c,53.131082389884135,53.131082389884135
2414,c,53.131082389884135,53.131082389884135
2415,c,53.131082389884135,53.131082389884135
2416,c,53.131082389884135,53.131082389884135
2417,c,53.131082389884135,53.131082389884135
2418,c,53.131082389884135,53.131082389884135
2419,c,53.131082389884135,53.131082389884135
2420,c,53.131082389884135,53.131082389884135
2421,c,53.131082389884135,53.131082389884135
2422,t,53.131082389884135,53.131082389884135
2423,t,53.131082389884135,53.131082389884135
2424,t,53.131082389884135,53.131082389884135
2425,c,53.131082389884135,53.131082389884135
2426,t,53.131082389884135,53.131082389884135
2427,c,53.131082389884135,53.131082389884135
2428,c,53.131082389884135,53.131082389884135
2429,t,53.131082389884135,53.131082389884135
2430,t,53.131082389884135,53.131082389884135
2431,t,53.131082389884135,53.131082389884135
2432,c,7.813106133741505,10.334675095681488
2433,c,53.131082389884135,53.131082389884135
2434,c,53.131082389884135,53.131082389884135
2435,c,53.131082389884135,53.131082389884135
2436,t,53.131082389884135,53.131082389884135
2437,t,53.131082389884135,53.131082389884135
2438,c,53.131082389884135,53.131082389884135
2439,c,53.131082389884135,53.131082389884135
2440,c,53.131082389884135,53.131082389884135
2441,t,53.131082389884135,53.131082389884135
2442,t,53.131082389884135,53.131082389884135
2443,c,53.131082389884135,53.131082389884135
2444,c,53.131082389884135,53.131082389884135
2445,c,53.131082389884135,53.131082389884135
2446,c,53.131082389884135,53.131082389884135
2447,c,53.131082389884135,53.131082389884135
2448,c,5.567914768893343,10.849873178086469
2449,c,53.131082389884135,53.131082389884135
2450,c,53.131082389884135,53.131082389884135
2451,c,53.131082389884135,53.131082389884135
2452,t,53.131082389884135,53.131082389884135
2453,na,0,23.76024901403939
2454,c,53.131082389884135,53.131082389884135
2455,c,53.131082389884135,53.131082389884135
2456,t,53.131082389884135,53.131082389884135
2457,na,0,3.0992965764677605
2458,c,53.131082389884135,53.131082389884135
2459,c,53.131082389884135,53.131082389884135
2460,na,-1,0
2461,c,10.468927978433754,11.21907954058631
2462,t,53.131082389884135,53.131082389884135
2463,c,53.131082389884135,53.131082389884135
2464,t,53.131082389884135,53.131082389884135
2465,c,53.131082389884135,53.131082389884135
2466,t,53.131082389884135,53.131082389884135
2467,t,53.131082389884135,53.131082389884135
2468,c,53.131082389884135,53.131082389884135
2469,t,53.131082389884135,53.131082389884135
2470,t,53.131082389884135,53.131082389884135
2471,c,17.46397136192846,20.439998406878033
2472,c,53.131082389884135,53.131082389884135
2473,c,53.131082389884135,53.131082389884135
2474,c,53.131082389884135,53.131082389884135
2475,t,53.131082389884135,53.131082389884135
2476,c,53.131082389884135,53.131082389884135
2477,c,53.131082389884135,53.131082389884135
2478,c,53.131082389884135,53.131082389884135
2479,c,53.131082389884135,53.131082389884135
2480,c,53.131082389884135,53.131082389884135
2481,c,53.131082389884135,53.131082389884135
2482,c,53.131082389884135,53.131082389884135
2483,c,53.131082389884135,53.131082389884135
2484,c,53.131082389884135,53.131082389884135
2485,t,53.131082389884135,53.131082389884135
2486,c,53.131082389884135,53.131082389884135
2487,t,53.131082389884135,53.131082389884135
2488,c,53.131082389884135,53.131082389884135
2489,c,53.131082389884135,53.131082389884135
2490,c,53.131082389884135,53.131082389884135
2491,c,53.131082389884135,53.131082389884135
2492,c,53.131082389884135,53.131082389884135
2493,c,2.494030608812461,6.69698558065166
2494,c,53.131082389884135,53.131082389884135
2495,c,53.131082389884135,53.131082389884135
2496,t,53.131082389884135,53.131082389884135
2497,t,53.131082389884135,53.131082389884135
2498,t,53.131082389884135,53.131082389884135
2499,c,53.131082389884135,53.131082389884135
2500,t,53.131082389884135,53.131082389884135
2501,c,53.131082389884135,53.131082389884135
2502,c,53.131082389884135,53.131082389884135
2503,c,53.131082389884135,53.131082389884135
2504,c,53.131082389884135,53.131082389884135
2505,c,19.148606644340322,21.018048470625814
2506,c,53.131082389884135,53.131082389884135
2507,c,53.131082389884135,53.131082389884135
2508,t,53.131082389884135,53.131082389884135
2509,c,53.131082389884135,53.131082389884135
2510,c,53.131082389884135,53.131082389884135
2511,t,53.131082389884135,53.131082389884135
2512,c,53.131082389884135,53.131082389884135
2513,c,53.131082389884135,53.131082389884135
2514,t,53.131082389884135,53.131082389884135
2515,t,53.131082389884135,53.131082389884135
2516,c,53.131082389884135,53.131082389884135
2517,c,53.131082389884135,53.131082389884135
2518,t,53.131082389884135,53.131082389884135
2519,c,53.131082389884135,53.131082389884135
2520,t,53.131082389884135,53.131082389884135
2521,c,53.131082389884135,53.131082389884135
2522,c,53.131082389884135,53.131082389884135
2523,t,53.131082389884135,53.131082389884135
2524,c,53.131082389884135,53.131082389884135
2525,c,53.131082389884135,53.131082389884135
2526,c,53.131082389884135,53.131082389884135
2527,c,53.131082389884135,53.131082389884135
2528,c,53.131082389884135,53.131082389884135
2529,c,53.131082389884135,53.131082389884135
2530,c,53.131082389884135,53.131082389884135
2531,c,53.131082389884135,53.131082389884135
2532,c,53.131082389884135,53.131082389884135
2533,c,53.131082389884135,53.131082389884135
2534,c,53.131082389884135,53.131082389884135
2535,c,53.131082389884135,53.131082389884135
2536,na,-1,0
2537,c,53.131082389884135,53.131082389884135
2538,c,53.131082389884135,53.131082389884135
2539,c,53.131082389884135,53.131082389884135
2540,c,53.131082389884135,53.131082389884135
2541,c,53.131082389884135,53.131082389884135
2542,t,53.131082389884135,53.131082389884135
2543,c,2.7980402952212766,53.131082389884135
2544,c,53.131082389884135,53.131082389884135
2545,c,53.131082389884135,53.131082389884135
2546,t,53.131082389884135,53.131082389884135
2547,c,53.131082389884135,53.131082389884135
2548,t,53.131082389884135,53.131082389884135
2549,t,53.131082389884135,53.131082389884135
2550,c,53.131082389884135,53.131082389884135
2551,c,53.131082389884135,53.131082389884135
2552,t,53.131082389884135,53.131082389884135
2553,t,53.131082389884135,53.131082389884135
2554,c,53.131082389884135,53.131082389884135
2555,c,53.131082389884135,53.131082389884135
2556,c,5.757554622179099,7.783829183403647
2557,c,53.131082389884135,53.131082389884135
2558,t,53.131082389884135,53.131082389884135
2559,c,53.131082389884135,53.131082389884135
2560,c,12.020436021152832,53.131082389884135
2561,c,53.131082389884135,53.131082389884135
2562,t,53.131082389884135,53.131082389884135
2563,c,53.131082389884135,53.131082389884135
2564,c,53.131082389884135,53.131082389884135
2565,t,53.131082389884135,53.131082389884135
2566,c,53.131082389884135,53.131082389884135
2567,t,53.131082389884135,53.131082389884135
2568,c,53.131082389884135,53.131082389884135
2569,c,53.131082389884135,53.131082389884135
2570,c,53.131082389884135,53.131082389884135
2571,c,53.131082389884135,53.131082389884135
2572,c,53.131082389884135,53.131082389884135
2573,c,53.131082389884135,53.131082389884135
2574,t,53.131082389884135,53.131082389884135
2575,t,53.131082389884135,53.131082389884135
2576,t,53.131082389884135,53.131082389884135
2577,c,53.131082389884135,53.131082389884135
2578,c,53.131082389884135,53.131082389884135
2579,t,53.131082389884135,53.131082389884135
2580,c,53.131082389884135,53.131082389884135
2581,c,53.131082389884135,53.131082389884135
2582,c,53.131082389884135,53.131082389884135
2583,t,53.131082389884135,53.131082389884135
2584,c,53.131082389884135,53.131082389884135
2585,c,53.131082389884135,53.131082389884135
2586,c,53.131082389884135,53.131082389884135
2587,na,1.1667661239546026,5.598803948946934
2588,na,-1,0
2589,c,53.131082389884135,53.131082389884135
2590,t,53.131082389884135,53.131082389884135
2591,c,53.131082389884135,53.131082389884135
2592,c,53.131082389884135,53.131082389884135
2593,c,53.131082389884135,53.131082389884135
2594,t,53.131082389884135,53.131082389884135
2595,c,53.131082389884135,53.131082389884135
2596,c,53.131082389884135,53.131082389884135
2597,c,53.131082389884135,53.131082389884135
2598,c,23.97264913225257,25.87134479174876
2599,c,53.131082389884135,53.131082389884135
2600,c,53.131082389884135,53.131082389884135
2601,t,53.131082389884135,53.131082389884135
2602,t,53.131082389884135,53.131082389884135
2603,c,53.131082389884135,53.131082389884135
2604,c,53.131082389884135,53.131082389884135
2605,c,53.131082389884135,53.131082389884135
2606,c,53.131082389884135,53.131082389884135
2607,c,53.131082389884135,53.131082389884135
2608,c,53.131082389884135,53.131082389884135
2609,t,53.131082389884135,53.131082389884135
2610,c,53.131082389884135,53.131082389884135
2611,c,53.131082389884135,53.131082389884135
2612,c,53.131082389884135,53.131082389884135
2613,c,53.131082389884135,53.131082389884135
2614,t,53.131082389884135,53.131082389884135
2615,c,53.131082389884135,53.131082389884135
2616,t,53.131082389884135,53.131082389884135
2617,c,5.783889258642361,10.174493229042023
2618,c,53.131082389884135,53.131082389884135
2619,c,26.640433869722614,35.609188107622856
2620,t,53.131082389884135,53.131082389884135
2621,t,53.131082389884135,53.131082389884135
2622,t,53.131082389884135,53.131082389884135
2623,c,53.131082389884135,53.131082389884135
2624,c,53.131082389884135,53.131082389884135
2625,c,53.131082389884135,53.131082389884135
2626,t,53.131082389884135,53.131082389884135
2627,c,53.131082389884135,53.131082389884135
2628,c,53.131082389884135,53.131082389884135
2629,t,53.131082389884135,53.131082389884135
2630,c,53.131082389884135,53.131082389884135
2631,t,53.131082389884135,53.131082389884135
2632,t,53.131082389884135,53.131082389884135
2633,t,53.131082389884135,53.131082389884135
2634,c,53.131082389884135,53.131082389884135
2635,c,53.131082389884135,53.131082389884135
2636,t,53.131082389884135,53.131082389884135
2637,c,53.131082389884135,53.131082389884135
2638,t,53.131082389884135,53.131082389884135
2639,c,53.131082389884135,53.131082389884135
2640,c,53.131082389884135,53.131082389884135
2641,c,53.131082389884135,53.131082389884135
2642,t,53.131082389884135,53.131082389884135
2643,c,53.131082389884135,53.131082389884135
2644,c,53.131082389884135,53.131082389884135
2645,c,3.164577478369216,5.192523254542689
2646,c,53.131082389884135,53.131082389884135
2647,c,53.131082389884135,53.131082389884135
2648,c,53.131082389884135,53.131082389884135
2649,c,53.131082389884135,53.131082389884135
2650,c,53.131082389884135,53.131082389884135
2651,c,53.131082389884135,53.131082389884135
2652,c,53.131082389884135,53.131082389884135
2653,c,3.7649122970864495,6.81103418784864
2654,t,53.131082389884135,53.131082389884135
2655,c,53.131082389884135,53.131082389884135
2656,c,53.131082389884135,53.131082389884135
2657,c,53.131082389884135,53.131082389884135
2658,c,53.131082389884135,53.131082389884135
2659,c,53.131082389884135,53.131082389884135
2660,c,53.131082389884135,53.131082389884135
2661,c,53.131082389884135,53.131082389884135
2662,t,53.131082389884135,53.131082389884135
2663,c,53.131082389884135,53.131082389884135
2664,c,53.131082389884135,53.131082389884135
2665,c,53.131082389884135,53.131082389884135
2666,t,53.131082389884135,53.131082389884135
2667,na,0,0.7346127993544441
2668,c,53.131082389884135,53.131082389884135
2669,c,53.131082389884135,53.131082389884135
2670,t,53.131082389884135,53.131082389884135
2671,c,53.131082389884135,53.131082389884135
2672,c,53.131082389884135,53.131082389884135
2673,c,53.131082389884135,53.131082389884135
2674,c,53.131082389884135,53.131082389884135
2675,t,53.131082389884135,53.131082389884135
2676,c,53.131082389884135,53.131082389884135
2677,c,53.131082389884135,53.131082389884135
2678,c,53.131082389884135,53.131082389884135
2679,c,53.131082389884135,53.131082389884135
2680,c,53.131082389884135,53.131082389884135
2681,c,53.131082389884135,53.131082389884135
2682,t,53.131082389884135,53.131082389884135
2683,na,5.573475763795268,18.800131962896497
2684,c,53.131082389884135,53.131082389884135
2685,t,53.131082389884135,53.131082389884135
2686,c,53.131082389884135,53.131082389884135
2687,t,53.131082389884135,53.131082389884135
2688,c,53.131082389884135,53.131082389884135
2689,c,53.131082389884135,53.131082389884135
2690,c,53.131082389884135,53.131082389884135
2691,c,53.131082389884135,53.131082389884135
2692,t,53.131082389884135,53.131082389884135
2693,c,53.131082389884135,53.131082389884135
2694,c,53.131082389884135,53.131082389884135
2695,c,53.131082389884135,53.131082389884135
2696,c,53.131082389884135,53.131082389884135
2697,c,53.131082389884135,53.131082389884135
2698,t,53.131082389884135,53.131082389884135
2699,c,53.131082389884135,53.131082389884135
2700,na,0,4.556592095447881
2701,c,5.5393524559643526,53.131082389884135
2702,c,53.131082389884135,53.131082389884135
2703,c,53.131082389884135,53.131082389884135
2704,c,53.131082389884135,53.131082389884135
2705,t,53.131082389884135,53.131082389884135
2706,c,53.131082389884135,53.131082389884135
2707,c,53.131082389884135,53.131082389884135
2708,na,8.439609746999809,8.685043840803557
2709,c,53.131082389884135,53.131082389884135
2710,c,53.131082389884135,53.131082389884135
2711,c,53.131082389884135,53.131082389884135
2712,c,53.131082389884135,53.131082389884135
2713,c,53.131082389884135,53.131082389884135
2714,c,53.131082389884135,53.131082389884135
2715,c,53.131082389884135,53.131082389884135
2716,t,53.131082389884135,53.131082389884135
2717,c,53.131082389884135,53.131082389884135
2718,c,53.131082389884135,53.131082389884135
2719,c,53.131082389884135,53.131082389884135
2720,c,53.131082389884135,53.131082389884135
2721,c,53.131082389884135,53.131082389884135
2722,t,53.131082389884135,53.131082389884135
2723,c,53.131082389884135,53.131082389884135
2724,c,53.131082389884135,53.131082389884135
2725,t,53.131082389884135,53.131082389884135
2726,c,53.131082389884135,53.131082389884135
2727,c,53.131082389884135,53.131082389884135
2728,c,53.131082389884135,53.131082389884135
2729,c,53.131082389884135,53.131082389884135
2730,t,53.131082389884135,53.131082389884135
2731,c,53.131082389884135,53.131082389884135
2732,c,53.131082389884135,53.131082389884135
2733,c,53.131082389884135,53.131082389884135
2734,c,5.611333602522012,53.131082389884135
2735,c,53.131082389884135,53.131082389884135
2736,c,53.131082389884135,53.131082389884135
2737,c,53.131082389884135,53.131082389884135
2738,c,53.131082389884135,53.131082389884135
2739,c,53.131082389884135,53.131082389884135
2740,t,53.131082389884135,53.131082389884135
2741,t,53.131082389884135,53.131082389884135
2742,c,53.131082389884135,53.131082389884135
2743,c,53.131082389884135,53.131082389884135
2744,c,53.131082389884135,53.131082389884135
2745,t,53.131082389884135,53.131082389884135
2746,c,53.131082389884135,53.131082389884135
2747,c,53.131082389884135,53.131082389884135
2748,c,53.131082389884135,53.131082389884135
2749,c,53.131082389884135,53.131082389884135
2750,c,53.131082389884135,53.131082389884135
2751,c,53.131082389884135,53.131082389884135
2752,c,53.131082389884135,53.131082389884135
2753,t,53.131082389884135,53.131082389884135
2754,c,20.317420805222525,23.3705284089645
2755,c,53.131082389884135,53.131082389884135
2756,c,53.131082389884135,53.131082389884135
2757,c,53.131082389884135,53.131082389884135
2758,c,53.131082389884135,53.131082389884135
2759,na,-1,0
2760,t,53.131082389884135,53.131082389884135
2761,c,53.131082389884135,53.131082389884135
2762,na,0.31647522137729056,5.9758610117510145
2763,t,53.131082389884135,53.131082389884135
2764,c,53.131082389884135,53.131082389884135
2765,c,53.131082389884135,53.131082389884135
2766,c,53.131082389884135,53.131082389884135
2767,t,53.131082389884135,53.131082389884135
2768,c,53.131082389884135,53.131082389884135
2769,c,5.561350223611089,11.061650968740258
2770,c,53.131082389884135,53.131082389884135
2771,c,53.131082389884135,53.131082389884135
2772,c,53.131082389884135,53.131082389884135
2773,c,53.131082389884135,53.131082389884135
2774,c,53.131082389884135,53.131082389884135
2775,c,53.131082389884135,53.131082389884135
2776,c,2.8285416320332017,7.643012803462245
2777,t,53.131082389884135,53.131082389884135
2778,c,53.131082389884135,53.131082389884135
2779,c,53.131082389884135,53.131082389884135
2780,na,12.890594511351406,13.034625839584345
2781,t,53.131082389884135,53.131082389884135
2782,t,53.131082389884135,53.131082389884135
2783,t,53.131082389884135,53.131082389884135
2784,c,53.131082389884135,53.131082389884135
2785,c,53.131082389884135,53.131082389884135
2786,c,53.131082389884135,53.131082389884135
2787,c,53.131082389884135,53.131082389884135
2788,c,53.131082389884135,53.131082389884135
2789,na,0,14.415821013331305
2790,c,53.131082389884135,53.131082389884135
2791,t,53.131082389884135,53.131082389884135
2792,c,53.131082389884135,53.131082389884135
2793,c,53.131082389884135,53.131082389884135
2794,c,53.131082389884135,53.131082389884135
2795,c,53.131082389884135,53.131082389884135
2796,c,53.131082389884135,53.131082389884135
2797,t,53.131082389884135,53.131082389884135
2798,c,53.131082389884135,53.131082389884135
2799,c,53.131082389884135,53.131082389884135
2800,t,53.131082389884135,53.131082389884135
2801,c,53.131082389884135,53.131082389884135
2802,t,53.131082389884135,53.131082389884135
2803,c,53.131082389884135,53.131082389884135
2804,c,53.131082389884135,53.131082389884135
2805,c,53.131082389884135,53.131082389884135
2806,c,53.131082389884135,53.131082389884135
2807,t,53.131082389884135,53.131082389884135
2808,c,53.131082389884135,53.131082389884135
2809,c,53.131082389884135,53.131082389884135
2810,c,53.131082389884135,53.131082389884135
2811,c,53.131082389884135,53.131082389884135
2812,c,53.131082389884135,53.131082389884135
2813,c,53.131082389884135,53.131082389884135
2814,c,53.131082389884135,53.131082389884135
2815,c,53.131082389884135,53.131082389884135
2816,t,53.131082389884135,53.131082389884135
2817,c,53.131082389884135,53.131082389884135
2818,c,53.131082389884135,53.131082389884135
2819,c,53.131082389884135,53.131082389884135
2820,c,53.131082389884135,53.131082389884135
2821,c,53.131082389884135,53.131082389884135
2822,c,53.131082389884135,53.131082389884135
2823,c,6.878445526390825,12.822932779192646
2824,c,53.131082389884135,53.131082389884135
2825,c,53.131082389884135,53.131082389884135
2826,c,53.131082389884135,53.131082389884135
2827,c,53.131082389884135,53.131082389884135
2828,t,53.131082389884135,53.131082389884135
2829,c,53.131082389884135,53.131082389884135
2830,c,53.131082389884135,53.131082389884135
2831,c,53.131082389884135,53.131082389884135
2832,c,53.131082389884135,53.131082389884135
2833,c,53.131082389884135,53.131082389884135
2834,c,53.131082389884135,53.131082389884135
2835,c,53.131082389884135,53.131082389884135
2836,c,53.131082389884135,53.131082389884135
2837,c,53.131082389884135,53.131082389884135
2838,c,53.131082389884135,53.131082389884135
2839,c,53.131082389884135,53.131082389884135
2840,c,53.131082389884135,53.131082389884135
2841,t,53.131082389884135,53.131082389884135
2842,c,53.131082389884135,53.131082389884135
2843,c,53.131082389884135,53.131082389884135
2844,c,53.131082389884135,53.131082389884135
2845,c,53.131082389884135,53.131082389884135
2846,c,53.131082389884135,53.131082389884135
2847,c,53.131082389884135,53.131082389884135
2848,t,53.131082389884135,53.131082389884135
2849,c,53.131082389884135,53.131082389884135
2850,c,53.131082389884135,53.131082389884135
2851,c,53.131082389884135,53.131082389884135
2852,c,53.131082389884135,53.131082389884135
2853,c,53.131082389884135,53.131082389884135
2854,c,53.131082389884135,53.131082389884135
2855,t,53.131082389884135,53.131082389884135
2856,c,53.131082389884135,53.131082389884135
2857,c,53.131082389884135,53.131082389884135
2858,c,53.131082389884135,53.131082389884135
2859,c,53.131082389884135,53.131082389884135
2860,c,53.131082389884135,53.131082389884135
2861,c,53.131082389884135,53.131082389884135
2862,c,53.131082389884135,53.131082389884135
2863,na,-1,0
2864,c,53.131082389884135,53.131082389884135
2865,c,53.131082389884135,53.131082389884135
2866,c,53.131082389884135,53.131082389884135
2867,c,53.131082389884135,53.131082389884135
2868,c,53.131082389884135,53.131082389884135
2869,c,10.613018961128274,13.691046796330266
2870,c,53.131082389884135,53.131082389884135
2871,c,53.131082389884135,53.131082389884135
2872,na,0,3.4288526818844045
2873,c,5.803877011406117,9.94458930977232
2874,c,53.131082389884135,53.131082389884135
2875,c,53.131082389884135,53.131082389884135
2876,t,53.131082389884135,53.131082389884135
2877,t,53.131082389884135,53.131082389884135
2878,c,53.131082389884135,53.131082389884135
2879,c,53.131082389884135,53.131082389884135
2880,c,53.131082389884135,53.131082389884135
2881,c,53.131082389884135,53.131082389884135
2882,c,53.131082389884135,53.131082389884135
2883,c,53.131082389884135,53.131082389884135
2884,c,53.131082389884135,53.131082389884135
2885,c,53.131082389884135,53.131082389884135
2886,c,53.131082389884135,53.131082389884135
2887,c,53.131082389884135,53.131082389884135
2888,c,53.131082389884135,53.131082389884135
2889,c,53.131082389884135,53.131082389884135
2890,c,53.131082389884135,53.131082389884135
2891,na,2.8368772541575233,3.2922837064713963
2892,c,53.131082389884135,53.131082389884135
2893,c,53.131082389884135,53.131082389884135
2894,c,53.131082389884135,53.131082389884135
2895,c,53.131082389884135,53.131082389884135
2896,c,53.131082389884135,53.131082389884135
2897,t,53.131082389884135,53.131082389884135
2898,c,53.131082389884135,53.131082389884135
2899,c,53.131082389884135,53.131082389884135
2900,t,53.131082389884135,53.131082389884135
2901,c,53.131082389884135,53.131082389884135
2902,c,53.131082389884135,53.131082389884135
2903,c,53.131082389884135,53.131082389884135
2904,c,53.131082389884135,53.131082389884135
2905,c,53.131082389884135,53.131082389884135
2906,c,53.131082389884135,53.131082389884135
2907,c,53.131082389884135,53.131082389884135
2908,c,53.131082389884135,53.131082389884135
2909,c,53.131082389884135,53.131082389884135
2910,t,53.131082389884135,53.131082389884135
2911,c,53.131082389884135,53.131082389884135
2912,t,53.131082389884135,53.131082389884135
2913,t,53.131082389884135,53.131082389884135
2914,t,53.131082389884135,53.131082389884135
2915,c,53.131082389884135,53.131082389884135
2916,c,53.131082389884135,53.131082389884135
2917,c,53.131082389884135,53.131082389884135
2918,t,53.131082389884135,53.131082389884135
2919,c,53.131082389884135,53.131082389884135
2920,c,53.131082389884135,53.131082389884135
2921,t,53.131082389884135,53.131082389884135
2922,na,0.902887340856451,7.870976775301718
2923,c,53.131082389884135,53.131082389884135
2924,t,53.131082389884135,53.131082389884135
2925,c,53.131082389884135,53.131082389884135
2926,c,0.9805563796456751,53.131082389884135
2927,c,53.131082389884135,53.131082389884135
2928,c,53.131082389884135,53.131082389884135
2929,c,53.131082389884135,53.131082389884135
2930,c,53.131082389884135,53.131082389884135
2931,c,53.131082389884135,53.131082389884135
2932,t,53.131082389884135,53.131082389884135
2933,c,53.131082389884135,53.131082389884135
2934,c,53.131082389884135,53.131082389884135
2935,c,53.131082389884135,53.131082389884135
2936,t,53.131082389884135,53.131082389884135
2937,t,53.131082389884135,53.131082389884135
2938,c,53.131082389884135,53.131082389884135
2939,c,4.978380181153651,12.90543338961982
2940,c,53.131082389884135,53.131082389884135
2941,c,53.131082389884135,53.131082389884135
2942,c,53.131082389884135,53.131082389884135
2943,c,53.131082389884135,53.131082389884135
2944,c,53.131082389884135,53.131082389884135
2945,c,53.131082389884135,53.131082389884135
2946,c,53.131082389884135,53.131082389884135
2947,c,53.131082389884135,53.131082389884135
2948,c,53.131082389884135,53.131082389884135
2949,c,53.131082389884135,53.131082389884135
2950,c,53.131082389884135,53.131082389884135
2951,t,53.131082389884135,53.131082389884135
2952,c,53.131082389884135,53.131082389884135
2953,c,53.131082389884135,53.131082389884135
2954,c,53.131082389884135,53.131082389884135
2955,c,53.131082389884135,53.131082389884135
2956,c,53.131082389884135,53.131082389884135
2957,c,53.131082389884135,53.131082389884135
2958,c,53.131082389884135,53.131082389884135
2959,c,53.131082389884135,53.131082389884135
2960,t,53.131082389884135,53.131082389884135
2961,c,2.821022728270411,4.916387293527957
2962,c,53.131082389884135,53.131082389884135
2963,t,53.131082389884135,53.131082389884135
2964,c,53.131082389884135,53.131082389884135
2965,t,53.131082389884135,53.131082389884135
2966,c,53.131082389884135,53.131082389884135
2967,c,53.131082389884135,53.131082389884135
2968,c,53.131082389884135,53.131082389884135
2969,c,53.131082389884135,53.131082389884135
2970,t,53.131082389884135,53.131082389884135
2971,c,53.131082389884135,53.131082389884135
2972,c,7.96856773806331,10.053315562444384
2973,t,53.131082389884135,53.131082389884135
2974,t,53.131082389884135,53.131082389884135
2975,c,53.131082389884135,53.131082389884135
2976,t,53.131082389884135,53.131082389884135
2977,c,53.131082389884135,53.131082389884135
2978,c,53.131082389884135,53.131082389884135
2979,t,53.131082389884135,53.131082389884135
2980,na,4.752720249855189,5.301844473663899
2981,t,53.131082389884135,53.131082389884135
2982,t,53.131082389884135,53.131082389884135
2983,c,53.131082389884135,53.131082389884135
2984,c,53.131082389884135,53.131082389884135
2985,c,53.131082389884135,53.131082389884135
2986,c,53.131082389884135,53.131082389884135
2987,c,53.131082389884135,53.131082389884135
2988,c,53.131082389884135,53.131082389884135
2989,t,53.131082389884135,53.131082389884135
2990,c,53.131082389884135,53.131082389884135
2991,c,53.131082389884135,53.131082389884135
2992,c,53.131082389884135,53.131082389884135
2993,c,53.131082389884135,53.131082389884135
2994,c,53.131082389884135,53.131082389884135
2995,c,53.131082389884135,53.131082389884135
2996,t,53.131082389884135,53.131082389884135
2997,c,53.131082389884135,53.131082389884135
2998,c,53.131082389884135,53.131082389884135
2999,c,53.131082389884135,53.131082389884135
3000,c,13.90732016657767,22.702473406448267
3001,c,53.131082389884135,53.131082389884135
3002,c,53.131082389884135,53.131082389884135
3003,c,53.131082389884135,53.131082389884135
3004,c,53.131082389884135,53.131082389884135
3005,c,53.131082389884135,53.131082389884135
3006,c,53.131082389884135,53.131082389884135
3007,t,53.131082389884135,53.131082389884135
3008,c,53.131082389884135,53.131082389884135
3009,t,53.131082389884135,53.131082389884135
3010,t,53.131082389884135,53.131082389884135
3011,c,53.131082389884135,53.131082389884135
3012,c,53.131082389884135,53.131082389884135
3013,t,53.131082389884135,53.131082389884135
3014,c,53.131082389884135,53.131082389884135
3015,c,53.131082389884135,53.131082389884135
3016,c,53.131082389884135,53.131082389884135
3017,t,53.131082389884135,53.131082389884135
3018,c,53.131082389884135,53.131082389884135
3019,c,53.131082389884135,53.131082389884135
3020,c,53.131082389884135,53.131082389884135
3021,c,53.131082389884135,53.131082389884135
3022,c,31.7537410075507,41.00149284247679
3023,c,53.131082389884135,53.131082389884135
3024,c,53.131082389884135,53.131082389884135
3025,c,53.131082389884135,53.131082389884135
3026,na,0,0.035037367839553184
3027,c,53.131082389884135,53.131082389884135
3028,c,53.131082389884135,53.131082389884135
3029,c,53.131082389884135,53.131082389884135
3030,t,53.131082389884135,53.131082389884135
3031,c,53.131082389884135,53.131082389884135
3032,c,53.131082389884135,53.131082389884135
3033,c,53.131082389884135,53.131082389884135
3034,t,53.131082389884135,53.131082389884135
3035,c,53.131082389884135,53.131082389884135
3036,c,53.131082389884135,53.131082389884135
3037,c,53.131082389884135,53.131082389884135
3038,c,53.131082389884135,53.131082389884135
3039,t,53.131082389884135,53.131082389884135
3040,t,53.131082389884135,53.131082389884135
3041,c,53.131082389884135,53.131082389884135
3042,c,53.131082389884135,53.131082389884135
3043,c,53.131082389884135,53.131082389884135
3044,c,53.131082389884135,53.131082389884135
3045,c,53.131082389884135,53.131082389884135
3046,c,53.131082389884135,53.131082389884135
3047,c,53.131082389884135,53.131082389884135
3048,c,53.131082389884135,53.131082389884135
3049,t,53.131082389884135,53.131082389884135
3050,c,53.131082389884135,53.131082389884135
3051,c,53.131082389884135,53.131082389884135
3052,c,53.131082389884135,53.131082389884135
3053,c,53.131082389884135,53.131082389884135
3054,c,53.131082389884135,53.131082389884135
3055,c,53.131082389884135,53.131082389884135
3056,c,53.131082389884135,53.131082389884135
3057,c,53.131082389884135,53.131082389884135
3058,c,53.131082389884135,53.131082389884135
3059,c,53.131082389884135,53.131082389884135
3060,c,53.131082389884135,53.131082389884135
3061,c,53.131082389884135,53.131082389884135
3062,c,53.131082389884135,53.131082389884135
3063,c,53.131082389884135,53.131082389884135
3064,c,53.131082389884135,53.131082389884135
3065,t,53.131082389884135,53.131082389884135
3066,c,53.131082389884135,53.131082389884135
3067,c,53.131082389884135,53.131082389884135
3068,c,53.131082389884135,53.131082389884135
3069,c,53.131082389884135,53.131082389884135
3070,c,53.131082389884135,53.131082389884135
3071,t,53.131082389884135,53.131082389884135
3072,t,53.131082389884135,53.131082389884135
3073,c,53.131082389884135,53.131082389884135
3074,c,53.131082389884135,53.131082389884135
3075,c,53.131082389884135,53.131082389884135
3076,c,53.131082389884135,53.131082389884135
3077,c,53.131082389884135,53.131082389884135
3078,t,53.131082389884135,53.131082389884135
3079,t,53.131082389884135,53.131082389884135
3080,t,53.131082389884135,53.131082389884135
3081,c,53.131082389884135,53.131082389884135
3082,c,53.131082389884135,53.131082389884135
3083,c,53.131082389884135,53.131082389884135
3084,na,0,9.507174068280221
3085,c,53.131082389884135,53.131082389884135
3086,c,53.131082389884135,53.131082389884135
3087,c,53.131082389884135,53.131082389884135
3088,c,53.131082389884135,53.131082389884135
3089,t,53.131082389884135,53.131082389884135
3090,c,53.131082389884135,53.131082389884135
3091,c,53.131082389884135,53.131082389884135
3092,c,53.131082389884135,53.131082389884135
3093,c,53.131082389884135,53.131082389884135
3094,t,53.131082389884135,53.131082389884135
3095,c,53.131082389884135,53.131082389884135
3096,c,53.131082389884135,53.131082389884135
3097,t,53.131082389884135,53.131082389884135
3098,c,15.690148434096624,21.605797401263214
3099,c,53.131082389884135,53.131082389884135
3100,t,53.131082389884135,53.131082389884135
3101,c,53.131082389884135,53.131082389884135
3102,c,53.131082389884135,53.131082389884135
3103,c,53.131082389884135,53.131082389884135
3104,c,53.131082389884135,53.131082389884135
3105,c,53.131082389884135,53.131082389884135
3106,c,53.131082389884135,53.131082389884135
3107,c,53.131082389884135,53.131082389884135
3108,c,53.131082389884135,53.131082389884135
3109,c,53.131082389884135,53.131082389884135
3110,c,53.131082389884135,53.131082389884135
3111,t,53.131082389884135,53.131082389884135
3112,c,53.131082389884135,53.131082389884135
3113,c,53.131082389884135,53.131082389884135
3114,t,53.131082389884135,53.131082389884135
3115,c,53.131082389884135,53.131082389884135
3116,t,53.131082389884135,53.131082389884135
3117,c,53.131082389884135,53.131082389884135
3118,t,53.131082389884135,53.131082389884135
3119,t,53.131082389884135,53.131082389884135
3120,c,53.131082389884135,53.131082389884135
3121,c,26.772877326376932,28.094460541377323
3122,na,-1,0
3123,c,53.131082389884135,53.131082389884135
3124,c,53.131082389884135,53.131082389884135
3125,t,53.131082389884135,53.131082389884135
3126,t,53.131082389884135,53.131082389884135
3127,c,53.131082389884135,53.131082389884135
3128,c,53.131082389884135,53.131082389884135
3129,c,1.7487495385695084,2.0608203871548167
3130,c,10.084168730190509,10.6749461564655
3131,c,53.131082389884135,53.131082389884135
3132,c,5.799083549895751,10.194508945808535
3133,c,53.131082389884135,53.131082389884135
3134,c,53.131082389884135,53.131082389884135
3135,c,53.131082389884135,53.131082389884135
3136,na,3.6680731607169976,5.592359647537928
3137,c,53.131082389884135,53.131082389884135
3138,c,53.131082389884135,53.131082389884135
3139,c,21.88391663011974,23.17232654953482
3140,t,53.131082389884135,53.131082389884135
3141,t,53.131082389884135,53.131082389884135
3142,c,53.131082389884135,53.131082389884135
3143,t,53.131082389884135,53.131082389884135
3144,c,53.131082389884135,53.131082389884135
3145,c,53.131082389884135,53.131082389884135
3146,c,53.131082389884135,53.131082389884135
3147,c,53.131082389884135,53.131082389884135
3148,c,53.131082389884135,53.131082389884135
3149,c,53.131082389884135,53.131082389884135
3150,c,53.131082389884135,53.131082389884135
3151,t,53.131082389884135,53.131082389884135
3152,c,53.131082389884135,53.131082389884135
3153,c,53.131082389884135,53.131082389884135
3154,c,53.131082389884135,53.131082389884135
3155,c,53.131082389884135,53.131082389884135
3156,c,53.131082389884135,53.131082389884135
3157,t,53.131082389884135,53.131082389884135
3158,c,53.131082389884135,53.131082389884135
3159,c,53.131082389884135,53.131082389884135
3160,t,53.131082389884135,53.131082389884135
3161,c,53.131082389884135,53.131082389884135
3162,c,53.131082389884135,53.131082389884135
3163,t,53.131082389884135,53.131082389884135
3164,c,53.131082389884135,53.131082389884135
3165,c,53.131082389884135,53.131082389884135
3166,t,53.131082389884135,53.131082389884135
3167,c,53.131082389884135,53.131082389884135
3168,c,53.131082389884135,53.131082389884135
3169,t,53.131082389884135,53.131082389884135
3170,c,53.131082389884135,53.131082389884135
3171,na,0,1.675202296233373
3172,c,53.131082389884135,53.131082389884135
3173,c,53.131082389884135,53.131082389884135
3174,na,0,0.756992323190321
3175,c,53.131082389884135,53.131082389884135
3176,t,53.131082389884135,53.131082389884135
3177,c,53.131082389884135,53.131082389884135
3178,c,53.131082389884135,53.131082389884135
3179,c,53.131082389884135,53.131082389884135
3180,c,53.131082389884135,53.131082389884135
3181,na,0,6.890896091981004
3182,c,53.131082389884135,53.131082389884135
3183,t,53.131082389884135,53.131082389884135
3184,c,53.131082389884135,53.131082389884135
3185,t,53.131082389884135,53.131082389884135
3186,c,9.181070730429385,16.8312434445446
3187,c,4.144773860843275,8.81020157274449
3188,c,53.131082389884135,53.131082389884135
3189,c,53.131082389884135,53.131082389884135
3190,c,53.131082389884135,53.131082389884135
3191,c,53.131082389884135,53.131082389884135
3192,c,53.131082389884135,53.131082389884135
3193,c,53.131082389884135,53.131082389884135
3194,c,53.131082389884135,53.131082389884135
3195,c,53.131082389884135,53.131082389884135
3196,c,53.131082389884135,53.131082389884135
3197,c,53.131082389884135,53.131082389884135
3198,c,19.891356512193422,20.323255079361513
3199,c,53.131082389884135,53.131082389884135
3200,c,53.131082389884135,53.131082389884135
3201,c,53.131082389884135,53.131082389884135
3202,c,53.131082389884135,53.131082389884135
3203,c,53.131082389884135,53.131082389884135
3204,c,53.131082389884135,53.131082389884135
3205,t,53.131082389884135,53.131082389884135
3206,na,1.9185257463577987,10.887443280950645
3207,c,53.131082389884135,53.131082389884135
3208,c,6.784833796105639,11.831024938375998
3209,na,1.3420062483665671,1.733501362596296
3210,c,53.131082389884135,53.131082389884135
3211,t,53.131082389884135,53.131082389884135
3212,c,53.131082389884135,53.131082389884135
3213,c,11.13026675340691,14.742921042669758
3214,t,53.131082389884135,53.131082389884135
3215,c,53.131082389884135,53.131082389884135
3216,c,53.131082389884135,53.131082389884135
3217,t,53.131082389884135,53.131082389884135
3218,c,53.131082389884135,53.131082389884135
3219,na,2.7638943880986147,5.843665315560154
3220,c,53.131082389884135,53.131082389884135
3221,c,53.131082389884135,53.131082389884135
3222,t,53.131082389884135,53.131082389884135
3223,c,53.131082389884135,53.131082389884135
3224,c,53.131082389884135,53.131082389884135
3225,c,53.131082389884135,53.131082389884135
3226,c,53.131082389884135,53.131082389884135
3227,c,53.131082389884135,53.131082389884135
3228,c,5.896230852836485,11.668285414958813
3229,c,53.131082389884135,53.131082389884135
3230,c,53.131082389884135,53.131082389884135
3231,c,53.131082389884135,53.131082389884135
3232,c,53.131082389884135,53.131082389884135
3233,c,53.131082389884135,53.131082389884135
3234,t,53.131082389884135,53.131082389884135
3235,t,53.131082389884135,53.131082389884135
3236,c,53.131082389884135,53.131082389884135
3237,t,53.131082389884135,53.131082389884135
3238,c,53.131082389884135,53.131082389884135
3239,c,53.131082389884135,53.131082389884135
3240,c,53.131082389884135,53.131082389884135
3241,c,53.131082389884135,53.131082389884135
3242,t,53.131082389884135,53.131082389884135
3243,c,53.131082389884135,53.131082389884135
3244,t,53.131082389884135,53.131082389884135
3245,c,53.131082389884135,53.131082389884135
3246,na,0,21.80239461012781
3247,c,53.131082389884135,53.131082389884135
3248,t,53.131082389884135,53.131082389884135
3249,c,53.131082389884135,53.131082389884135
3250,c,22.196641263672912,33.9186193842124
3251,c,7.595893829572545,8.765478422850213
3252,c,53.131082389884135,53.131082389884135
3253,t,53.131082389884135,53.131082389884135
3254,c,53.131082389884135,53.131082389884135
3255,na,0,0.3724367720138033
3256,c,14.016872167760477,15.245097740942878
3257,c,53.131082389884135,53.131082389884135
3258,c,53.131082389884135,53.131082389884135
3259,c,53.131082389884135,53.131082389884135
3260,c,53.131082389884135,53.131082389884135
3261,c,53.131082389884135,53.131082389884135
3262,c,6.066658440549604,53.131082389884135
3263,c,53.131082389884135,53.131082389884135
3264,t,53.131082389884135,53.131082389884135
3265,c,53.131082389884135,53.131082389884135
3266,c,53.131082389884135,53.131082389884135
3267,c,53.131082389884135,53.131082389884135
3268,c,53.131082389884135,53.131082389884135
3269,t,53.131082389884135,53.131082389884135
3270,t,53.131082389884135,53.131082389884135
3271,t,53.131082389884135,53.131082389884135
3272,c,53.131082389884135,53.131082389884135
3273,c,53.131082389884135,53.131082389884135
3274,c,53.131082389884135,53.131082389884135
3275,c,53.131082389884135,53.131082389884135
3276,t,53.131082389884135,53.131082389884135
3277,c,53.131082389884135,53.131082389884135
3278,c,53.131082389884135,53.131082389884135
3279,c,53.131082389884135,53.131082389884135
3280,c,53.131082389884135,53.131082389884135
3281,c,53.131082389884135,53.131082389884135
3282,t,53.131082389884135,53.131082389884135
3283,c,53.131082389884135,53.131082389884135
3284,t,53.131082389884135,53.131082389884135
3285,c,53.131082389884135,53.131082389884135
3286,t,53.131082389884135,53.131082389884135
3287,c,53.131082389884135,53.131082389884135
3288,c,53.131082389884135,53.131082389884135
3289,c,53.131082389884135,53.131082389884135
3290,c,53.131082389884135,53.131082389884135
3291,c,53.131082389884135,53.131082389884135
3292,c,53.131082389884135,53.131082389884135
3293,c,28.8660438650732,36.916125797559936
3294,c,53.131082389884135,53.131082389884135
3295,c,53.131082389884135,53.131082389884135
3296,c,53.131082389884135,53.131082389884135
3297,c,53.131082389884135,53.131082389884135
3298,c,53.131082389884135,53.131082389884135
3299,t,53.131082389884135,53.131082389884135
3300,c,53.131082389884135,53.131082389884135
3301,c,53.131082389884135,53.131082389884135
3302,c,53.131082389884135,53.131082389884135
3303,c,53.131082389884135,53.131082389884135
3304,c,53.131082389884135,53.131082389884135
3305,c,53.131082389884135,53.131082389884135
3306,c,53.131082389884135,53.131082389884135
3307,c,53.131082389884135,53.131082389884135
3308,c,53.131082389884135,53.131082389884135
3309,c,53.131082389884135,53.131082389884135
3310,c,12.804985870678603,23.117211447705156
3311,c,53.131082389884135,53.131082389884135
3312,c,53.131082389884135,53.131082389884135
3313,c,5.408541828347954,16.117556943302386
3314,c,53.131082389884135,53.131082389884135
3315,t,53.131082389884135,53.131082389884135
3316,c,53.131082389884135,53.131082389884135
3317,t,53.131082389884135,53.131082389884135
3318,c,53.131082389884135,53.131082389884135
3319,t,53.131082389884135,53.131082389884135
3320,c,9.187191773899793,18.14209861752695
3321,t,53.131082389884135,53.131082389884135
3322,c,53.131082389884135,53.131082389884135
3323,na,1.476289632509462,2.4241852896727796
3324,c,53.131082389884135,53.131082389884135
3325,c,53.131082389884135,53.131082389884135
3326,c,53.131082389884135,53.131082389884135
3327,t,53.131082389884135,53.131082389884135
3328,t,53.131082389884135,53.131082389884135
3329,c,53.131082389884135,53.131082389884135
3330,c,53.131082389884135,53.131082389884135
3331,t,53.131082389884135,53.131082389884135
3332,c,53.131082389884135,53.131082389884135
3333,c,53.131082389884135,53.131082389884135
3334,c,53.131082389884135,53.131082389884135
3335,t,53.131082389884135,53.131082389884135
3336,c,53.131082389884135,53.131082389884135
3337,na,0.7968391384543645,1.270598267334822
3338,c,53.131082389884135,53.131082389884135
3339,c,53.131082389884135,53.131082389884135
3340,c,15.075154321683417,21.410881897425366
3341,t,53.131082389884135,53.131082389884135
3342,t,53.131082389884135,53.131082389884135
3343,c,53.131082389884135,53.131082389884135
3344,c,53.131082389884135,53.131082389884135
3345,c,53.131082389884135,53.131082389884135
3346,c,53.131082389884135,53.131082389884135
3347,c,53.131082389884135,53.131082389884135
3348,c,53.131082389884135,53.131082389884135
3349,t,53.131082389884135,53.131082389884135
3350,c,53.131082389884135,53.131082389884135
3351,t,53.131082389884135,53.131082389884135
3352,c,53.131082389884135,53.131082389884135
3353,c,53.131082389884135,53.131082389884135
3354,c,6.4554726627468675,6.564512319798094
3355,c,53.131082389884135,53.131082389884135
3356,c,53.131082389884135,53.131082389884135
3357,c,53.131082389884135,53.131082389884135
3358,c,53.131082389884135,53.131082389884135
3359,c,53.131082389884135,53.131082389884135
3360,t,53.131082389884135,53.131082389884135
3361,t,53.131082389884135,53.131082389884135
3362,t,53.131082389884135,53.131082389884135
3363,c,53.131082389884135,53.131082389884135
3364,c,53.131082389884135,53.131082389884135
3365,c,53.131082389884135,53.131082389884135
3366,c,53.131082389884135,53.131082389884135
3367,c,53.131082389884135,53.131082389884135
3368,c,53.131082389884135,53.131082389884135
3369,c,53.131082389884135,53.131082389884135
3370,c,53.131082389884135,53.131082389884135
3371,t,53.131082389884135,53.131082389884135
3372,c,53.131082389884135,53.131082389884135
3373,c,53.131082389884135,53.131082389884135
3374,na,2.7538665555065713,2.767811562662597
3375,c,53.131082389884135,53.131082389884135
3376,c,53.131082389884135,53.131082389884135
3377,c,8.832887963831833,20.450072756637923
3378,c,53.131082389884135,53.131082389884135
3379,c,53.131082389884135,53.131082389884135
3380,na,0,1.5885757663060087
3381,c,53.131082389884135,53.131082389884135
3382,c,16.08876602238538,35.16751314254147
3383,c,53.131082389884135,53.131082389884135
3384,c,53.131082389884135,53.131082389884135
3385,c,53.131082389884135,53.131082389884135
3386,c,53.131082389884135,53.131082389884135
3387,c,1.6204911539440863,13.684913439390055
3388,t,53.131082389884135,53.131082389884135
3389,c,53.131082389884135,53.131082389884135
3390,t,53.131082389884135,53.131082389884135
3391,t,53.131082389884135,53.131082389884135
3392,t,53.131082389884135,53.131082389884135
3393,t,53.131082389884135,53.131082389884135
3394,t,53.131082389884135,53.131082389884135
3395,c,53.131082389884135,53.131082389884135
3396,c,53.131082389884135,53.131082389884135
3397,c,53.131082389884135,53.131082389884135
3398,c,53.131082389884135,53.131082389884135
3399,c,53.131082389884135,53.131082389884135
3400,t,53.131082389884135,53.131082389884135
3401,c,53.131082389884135,53.131082389884135
3402,c,53.131082389884135,53.131082389884135
3403,c,53.131082389884135,53.131082389884135
3404,c,53.131082389884135,53.131082389884135
3405,c,53.131082389884135,53.131082389884135
3406,c,53.131082389884135,53.131082389884135
3407,t,53.131082389884135,53.131082389884135
3408,t,53.131082389884135,53.131082389884135
3409,c,53.131082389884135,53.131082389884135
3410,c,53.131082389884135,53.131082389884135
3411,t,53.131082389884135,53.131082389884135
3412,c,53.131082389884135,53.131082389884135
3413,c,53.131082389884135,53.131082389884135
3414,c,53.131082389884135,53.131082389884135
3415,c,53.131082389884135,53.131082389884135
3416,c,53.131082389884135,53.131082389884135
3417,c,53.131082389884135,53.131082389884135
3418,t,53.131082389884135,53.131082389884135
3419,c,53.131082389884135,53.131082389884135
3420,c,10.991214908259755,12.285356772846558
3421,c,53.131082389884135,53.131082389884135
3422,na,0.3426834491562321,4.349322029477165
3423,t,53.131082389884135,53.131082389884135
3424,t,53.131082389884135,53.131082389884135
3425,c,10.846180612946753,17.900680074032078
3426,c,53.131082389884135,53.131082389884135
3427,c,53.131082389884135,53.131082389884135
3428,c,53.131082389884135,53.131082389884135
3429,t,53.131082389884135,53.131082389884135
3430,c,9.241105739534566,10.737543807123009
3431,c,53.131082389884135,53.131082389884135
3432,c,53.131082389884135,53.131082389884135
3433,c,53.131082389884135,53.131082389884135
3434,c,53.131082389884135,53.131082389884135
3435,c,53.131082389884135,53.131082389884135
3436,c,53.131082389884135,53.131082389884135
3437,c,53.131082389884135,53.131082389884135
3438,t,53.131082389884135,53.131082389884135
3439,t,53.131082389884135,53.131082389884135
3440,c,53.131082389884135,53.131082389884135
3441,c,53.131082389884135,53.131082389884135
3442,c,6.876475684653806,9.601781421087434
3443,c,53.131082389884135,53.131082389884135
3444,t,53.131082389884135,53.131082389884135
3445,c,53.131082389884135,53.131082389884135
3446,c,53.131082389884135,53.131082389884135
3447,c,53.131082389884135,53.131082389884135
3448,c,53.131082389884135,53.131082389884135
3449,c,53.131082389884135,53.131082389884135
3450,c,53.131082389884135,53.131082389884135
3451,c,19.16027734987729,23.007482224302443
3452,c,53.131082389884135,53.131082389884135
3453,t,53.131082389884135,53.131082389884135
3454,c,53.131082389884135,53.131082389884135
3455,c,53.131082389884135,53.131082389884135
3456,c,53.131082389884135,53.131082389884135
3457,c,53.131082389884135,53.131082389884135
3458,c,53.131082389884135,53.131082389884135
3459,c,53.131082389884135,53.131082389884135
3460,t,53.131082389884135,53.131082389884135
3461,c,53.131082389884135,53.131082389884135
3462,c,53.131082389884135,53.131082389884135
3463,na,-1,0
3464,t,53.131082389884135,53.131082389884135
3465,c,53.131082389884135,53.131082389884135
3466,c,53.131082389884135,53.131082389884135
3467,c,53.131082389884135,53.131082389884135
3468,t,53.131082389884135,53.131082389884135
3469,t,53.131082389884135,53.131082389884135
3470,c,53.131082389884135,53.131082389884135
3471,t,53.131082389884135,53.131082389884135
3472,c,53.131082389884135,53.131082389884135
3473,t,53.131082389884135,53.131082389884135
3474,t,53.131082389884135,53.131082389884135
3475,na,14.617371145949422,53.131082389884135
3476,c,7.1573342158965545,16.967146959829552
3477,c,53.131082389884135,53.131082389884135
3478,c,53.131082389884135,53.131082389884135
3479,c,53.131082389884135,53.131082389884135
3480,t,53.131082389884135,53.131082389884135
3481,c,53.131082389884135,53.131082389884135
3482,c,53.131082389884135,53.131082389884135
3483,t,53.131082389884135,53.131082389884135
3484,c,53.131082389884135,53.131082389884135
3485,c,53.131082389884135,53.131082389884135
3486,c,53.131082389884135,53.131082389884135
3487,c,12.843510704211983,14.584057150693942
3488,c,53.131082389884135,53.131082389884135
3489,t,53.131082389884135,53.131082389884135
3490,t,53.131082389884135,53.131082389884135
3491,c,53.131082389884135,53.131082389884135
3492,c,53.131082389884135,53.131082389884135
3493,c,53.131082389884135,53.131082389884135
3494,t,53.131082389884135,53.131082389884135
3495,c,53.131082389884135,53.131082389884135
3496,c,53.131082389884135,53.131082389884135
3497,c,53.131082389884135,53.131082389884135
3498,c,53.131082389884135,53.131082389884135
3499,t,53.131082389884135,53.131082389884135
3500,c,53.131082389884135,53.131082389884135
3501,na,0,2.3844618817415557
3502,c,53.131082389884135,53.131082389884135
3503,c,53.131082389884135,53.131082389884135
3504,c,53.131082389884135,53.131082389884135
3505,c,53.131082389884135,53.131082389884135
3506,c,53.131082389884135,53.131082389884135
3507,t,53.131082389884135,53.131082389884135
3508,c,53.131082389884135,53.131082389884135
3509,t,53.131082389884135,53.131082389884135
3510,c,53.131082389884135,53.131082389884135
3511,c,53.131082389884135,53.131082389884135
3512,na,19.08111682819216,29.264768793030374
3513,c,53.131082389884135,53.131082389884135
3514,t,53.131082389884135,53.131082389884135
3515,t,53.131082389884135,53.131082389884135
3516,c,53.131082389884135,53.131082389884135
3517,c,53.131082389884135,53.131082389884135
3518,c,53.131082389884135,53.131082389884135
3519,c,53.131082389884135,53.131082389884135
3520,c,53.131082389884135,53.131082389884135
3521,c,53.131082389884135,53.131082389884135
3522,c,53.131082389884135,53.131082389884135
3523,c,53.131082389884135,53.131082389884135
3524,c,53.131082389884135,53.131082389884135
3525,t,53.131082389884135,53.131082389884135
3526,c,53.131082389884135,53.131082389884135
3527,c,53.131082389884135,53.131082389884135
3528,c,53.131082389884135,53.131082389884135
3529,c,53.131082389884135,53.131082389884135
3530,c,53.131082389884135,53.131082389884135
3531,c,53.131082389884135,53.131082389884135
3532,c,53.131082389884135,53.131082389884135
3533,c,53.131082389884135,53.131082389884135
3534,c,53.131082389884135,53.131082389884135
3535,c,53.131082389884135,53.131082389884135
3536,c,3.3734965904878083,3.6748757390195297
3537,c,53.131082389884135,53.131082389884135
3538,c,53.131082389884135,53.131082389884135
3539,c,53.131082389884135,53.131082389884135
3540,t,53.131082389884135,53.131082389884135
3541,c,53.131082389884135,53.131082389884135
3542,c,53.131082389884135,53.131082389884135
3543,c,53.131082389884135,53.131082389884135
3544,t,53.131082389884135,53.131082389884135
3545,c,53.131082389884135,53.131082389884135
3546,na,1.3676113235969336,1.4907675307652435
3547,c,53.131082389884135,53.131082389884135
3548,c,53.131082389884135,53.131082389884135
3549,c,53.131082389884135,53.131082389884135
3550,c,53.131082389884135,53.131082389884135
3551,t,53.131082389884135,53.131082389884135
3552,c,53.131082389884135,53.131082389884135
3553,c,11.20970090413138,11.929962880181588
3554,c,53.131082389884135,53.131082389884135
3555,c,53.131082389884135,53.131082389884135
3556,c,53.131082389884135,53.131082389884135
3557,c,53.131082389884135,53.131082389884135
3558,c,53.131082389884135,53.131082389884135
3559,c,53.131082389884135,53.131082389884135
3560,c,53.131082389884135,53.131082389884135
3561,c,53.131082389884135,53.131082389884135
3562,c,53.131082389884135,53.131082389884135
3563,c,53.131082389884135,53.131082389884135
3564,c,53.131082389884135,53.131082389884135
3565,c,53.131082389884135,53.131082389884135
3566,c,53.131082389884135,53.131082389884135
3567,c,53.131082389884135,53.131082389884135
3568,c,53.131082389884135,53.131082389884135
3569,c,53.131082389884135,53.131082389884135
3570,c,53.131082389884135,53.131082389884135
3571,c,53.131082389884135,53.131082389884135
3572,c,53.131082389884135,53.131082389884135
3573,c,53.131082389884135,53.131082389884135
3574,c,53.131082389884135,53.131082389884135
3575,c,53.131082389884135,53.131082389884135
3576,c,53.131082389884135,53.131082389884135
3577,c,53.131082389884135,53.131082389884135
3578,c,53.131082389884135,53.131082389884135
3579,c,53.131082389884135,53.131082389884135
3580,c,53.131082389884135,53.131082389884135
3581,t,53.131082389884135,53.131082389884135
3582,c,53.131082389884135,53.131082389884135
3583,c,53.131082389884135,53.131082389884135
3584,c,53.131082389884135,53.131082389884135
3585,t,53.131082389884135,53.131082389884135
3586,c,53.131082389884135,53.131082389884135
3587,t,53.131082389884135,53.131082389884135
3588,c,53.131082389884135,53.131082389884135
3589,c,53.131082389884135,53.131082389884135
3590,c,53.131082389884135,53.131082389884135
3591,c,53.131082389884135,53.131082389884135
3592,c,53.131082389884135,53.131082389884135
3593,c,53.131082389884135,53.131082389884135
3594,c,53.131082389884135,53.131082389884135
3595,na,0.8300405030796335,14.398452819556788
3596,c,53.131082389884135,53.131082389884135
3597,c,53.131082389884135,53.131082389884135
3598,c,53.131082389884135,53.131082389884135
3599,c,19.65581123692003,23.143905907468326
3600,c,53.131082389884135,53.131082389884135
3601,t,53.131082389884135,53.131082389884135
3602,c,53.131082389884135,53.131082389884135
3603,c,53.131082389884135,53.131082389884135
3604,c,53.131082389884135,53.131082389884135
3605,c,53.131082389884135,53.131082389884135
3606,t,53.131082389884135,53.131082389884135
3607,c,53.131082389884135,53.131082389884135
3608,t,53.131082389884135,53.131082389884135
3609,c,53.131082389884135,53.131082389884135
3610,c,53.131082389884135,53.131082389884135
3611,c,53.131082389884135,53.131082389884135
3612,c,53.131082389884135,53.131082389884135
3613,c,53.131082389884135,53.131082389884135
3614,t,53.131082389884135,53.131082389884135
3615,c,53.131082389884135,53.131082389884135
3616,c,53.131082389884135,53.131082389884135
3617,c,53.131082389884135,53.131082389884135
3618,na,15.529759063612747,15.897862208841811
3619,c,53.131082389884135,53.131082389884135
3620,c,53.131082389884135,53.131082389884135
3621,c,53.131082389884135,53.131082389884135
3622,c,53.131082389884135,53.131082389884135
3623,c,53.131082389884135,53.131082389884135
3624,c,53.131082389884135,53.131082389884135
3625,t,53.131082389884135,53.131082389884135
3626,t,53.131082389884135,53.131082389884135
3627,t,53.131082389884135,53.131082389884135
3628,t,53.131082389884135,53.131082389884135
3629,c,53.131082389884135,53.131082389884135
3630,c,53.131082389884135,53.131082389884135
3631,t,53.131082389884135,53.131082389884135
3632,t,53.131082389884135,53.131082389884135
3633,c,53.131082389884135,53.131082389884135
3634,c,53.131082389884135,53.131082389884135
3635,c,53.131082389884135,53.131082389884135
3636,c,53.131082389884135,53.131082389884135
3637,c,53.131082389884135,53.131082389884135
3638,t,53.131082389884135,53.131082389884135
3639,c,53.131082389884135,53.131082389884135
3640,c,53.131082389884135,53.131082389884135
3641,c,53.131082389884135,53.131082389884135
3642,c,53.131082389884135,53.131082389884135
3643,c,5.917954784464474,15.666182574473172
3644,c,53.131082389884135,53.131082389884135
3645,c,20.723623364530127,53.131082389884135
3646,c,53.131082389884135,53.131082389884135
3647,c,53.131082389884135,53.131082389884135
3648,t,53.131082389884135,53.131082389884135
3649,t,53.131082389884135,53.131082389884135
3650,t,53.131082389884135,53.131082389884135
3651,c,53.131082389884135,53.131082389884135
3652,c,53.131082389884135,53.131082389884135
3653,c,53.131082389884135,53.131082389884135
3654,c,53.131082389884135,53.131082389884135
3655,c,53.131082389884135,53.131082389884135
3656,c,53.131082389884135,53.131082389884135
3657,c,3.47704768903546,3.7913481297872327
3658,t,53.131082389884135,53.131082389884135
3659,c,53.131082389884135,53.131082389884135
3660,c,53.131082389884135,53.131082389884135
3661,na,14.487498197040818,17.08742406588155
3662,t,53.131082389884135,53.131082389884135
3663,c,53.131082389884135,53.131082389884135
3664,t,53.131082389884135,53.131082389884135
3665,t,53.131082389884135,53.131082389884135
3666,t,53.131082389884135,53.131082389884135
3667,c,53.131082389884135,53.131082389884135
3668,c,53.131082389884135,53.131082389884135
3669,t,53.131082389884135,53.131082389884135
3670,t,53.131082389884135,53.131082389884135
3671,c,53.131082389884135,53.131082389884135
3672,t,53.131082389884135,53.131082389884135
3673,c,53.131082389884135,53.131082389884135
3674,c,53.131082389884135,53.131082389884135
3675,t,53.131082389884135,53.131082389884135
3676,c,53.131082389884135,53.131082389884135
3677,c,53.131082389884135,53.131082389884135
3678,c,53.131082389884135,53.131082389884135
3679,c,53.131082389884135,53.131082389884135
3680,c,53.131082389884135,53.131082389884135
3681,c,53.131082389884135,53.131082389884135
3682,c,53.131082389884135,53.131082389884135
3683,t,53.131082389884135,53.131082389884135
3684,c,11.057395273384492,12.496172994939906
3685,c,53.131082389884135,53.131082389884135
3686,c,53.131082389884135,53.131082389884135
3687,c,53.131082389884135,53.131082389884135
3688,c,53.131082389884135,53.131082389884135
3689,c,5.7749412924421035,7.782330578313659
3690,c,53.131082389884135,53.131082389884135
3691,c,53.131082389884135,53.131082389884135
3692,c,53.131082389884135,53.131082389884135
3693,c,53.131082389884135,53.131082389884135
3694,t,53.131082389884135,53.131082389884135
3695,t,53.131082389884135,53.131082389884135
3696,c,53.131082389884135,53.131082389884135
3697,c,53.131082389884135,53.131082389884135
3698,c,53.131082389884135,53.131082389884135
3699,c,53.131082389884135,53.131082389884135
3700,c,53.131082389884135,53.131082389884135
3701,c,53.131082389884135,53.131082389884135
3702,c,53.131082389884135,53.131082389884135
3703,t,53.131082389884135,53.131082389884135
3704,c,53.131082389884135,53.131082389884135
3705,c,53.131082389884135,53.131082389884135
3706,na,0,8.5681976748415
3707,c,53.131082389884135,53.131082389884135
3708,c,53.131082389884135,53.131082389884135
3709,t,53.131082389884135,53.131082389884135
3710,c,53.131082389884135,53.131082389884135
3711,na,7.265732060699223,9.486645546772284
3712,c,53.131082389884135,53.131082389884135
3713,t,53.131082389884135,53.131082389884135
3714,c,53.131082389884135,53.131082389884135
3715,c,53.131082389884135,53.131082389884135
3716,c,7.676644918493327,10.748857222397895
3717,c,53.131082389884135,53.131082389884135
3718,c,53.131082389884135,53.131082389884135
3719,c,53.131082389884135,53.131082389884135
3720,t,53.131082389884135,53.131082389884135
3721,na,4.0261535458944175,4.3530220131297535
3722,c,53.131082389884135,53.131082389884135
3723,c,53.131082389884135,53.131082389884135
3724,c,53.131082389884135,53.131082389884135
3725,c,53.131082389884135,53.131082389884135
3726,t,53.131082389884135,53.131082389884135
3727,c,53.131082389884135,53.131082389884135
3728,c,53.131082389884135,53.131082389884135
3729,c,53.131082389884135,53.131082389884135
3730,c,53.131082389884135,53.131082389884135
3731,c,53.131082389884135,53.131082389884135
3732,c,53.131082389884135,53.131082389884135
3733,c,53.131082389884135,53.131082389884135
3734,c,53.131082389884135,53.131082389884135
3735,c,53.131082389884135,53.131082389884135
3736,c,53.131082389884135,53.131082389884135
3737,c,53.131082389884135,53.131082389884135
3738,t,53.131082389884135,53.131082389884135
3739,t,53.131082389884135,53.131082389884135
3740,c,11.146639466184023,11.58103310198757
3741,c,53.131082389884135,53.131082389884135
3742,t,53.131082389884135,53.131082389884135
3743,t,53.131082389884135,53.131082389884135
3744,c,53.131082389884135,53.131082389884135
3745,c,53.131082389884135,53.131082389884135
3746,c,53.131082389884135,53.131082389884135
3747,t,53.131082389884135,53.131082389884135
3748,c,53.131082389884135,53.131082389884135
3749,c,23.111867917401494,29.195551274698246
3750,c,53.131082389884135,53.131082389884135
3751,c,53.131082389884135,53.131082389884135
3752,c,53.131082389884135,53.131082389884135
3753,c,53.131082389884135,53.131082389884135
3754,c,53.131082389884135,53.131082389884135
3755,c,53.131082389884135,53.131082389884135
3756,c,6.099589821693909,14.989622839533768
3757,c,53.131082389884135,53.131082389884135
3758,t,53.131082389884135,53.131082389884135
3759,c,53.131082389884135,53.131082389884135
3760,c,53.131082389884135,53.131082389884135
3761,c,7.958913201871998,16.46040404396514
3762,c,53.131082389884135,53.131082389884135
3763,c,53.131082389884135,53.131082389884135
3764,c,53.131082389884135,53.131082389884135
3765,c,53.131082389884135,53.131082389884135
3766,c,53.131082389884135,53.131082389884135
3767,c,53.131082389884135,53.131082389884135
3768,t,53.131082389884135,53.131082389884135
3769,c,53.131082389884135,53.131082389884135
3770,c,12.722510771818321,14.187953672319525
3771,c,53.131082389884135,53.131082389884135
3772,c,53.131082389884135,53.131082389884135
3773,c,53.131082389884135,53.131082389884135
3774,c,53.131082389884135,53.131082389884135
3775,c,53.131082389884135,53.131082389884135
3776,t,53.131082389884135,53.131082389884135
3777,c,53.131082389884135,53.131082389884135
3778,c,53.131082389884135,53.131082389884135
3779,c,53.131082389884135,53.131082389884135
3780,c,53.131082389884135,53.131082389884135
3781,c,53.131082389884135,53.131082389884135
3782,c,53.131082389884135,53.131082389884135
3783,c,53.131082389884135,53.131082389884135
3784,c,53.131082389884135,53.131082389884135
3785,c,53.131082389884135,53.131082389884135
3786,c,53.131082389884135,53.131082389884135
3787,c,53.131082389884135,53.131082389884135
3788,c,53.131082389884135,53.131082389884135
3789,c,53.131082389884135,53.131082389884135
3790,c,53.131082389884135,53.131082389884135
3791,c,53.131082389884135,53.131082389884135
3792,c,53.131082389884135,53.131082389884135
3793,na,26.26744001537098,27.055773117876033
3794,c,53.131082389884135,53.131082389884135
3795,c,53.131082389884135,53.131082389884135
3796,c,53.131082389884135,53.131082389884135
3797,c,53.131082389884135,53.131082389884135
3798,c,53.131082389884135,53.131082389884135
3799,c,53.131082389884135,53.131082389884135
3800,c,53.131082389884135,53.131082389884135
3801,c,53.131082389884135,53.131082389884135
3802,c,53.131082389884135,53.131082389884135
3803,c,53.131082389884135,53.131082389884135
3804,c,53.131082389884135,53.131082389884135
3805,c,53.131082389884135,53.131082389884135
3806,c,53.131082389884135,53.131082389884135
3807,c,53.131082389884135,53.131082389884135
3808,c,53.131082389884135,53.131082389884135
3809,c,1.6534403677288994,17.154711273543505
3810,c,53.131082389884135,53.131082389884135
3811,c,53.131082389884135,53.131082389884135
3812,c,53.131082389884135,53.131082389884135
3813,c,53.131082389884135,53.131082389884135
3814,c,53.131082389884135,53.131082389884135
3815,c,53.131082389884135,53.131082389884135
3816,t,53.131082389884135,53.131082389884135
3817,c,53.131082389884135,53.131082389884135
3818,t,53.131082389884135,53.131082389884135
3819,c,53.131082389884135,53.131082389884135
3820,t,53.131082389884135,53.131082389884135
3821,c,53.131082389884135,53.131082389884135
3822,c,53.131082389884135,53.131082389884135
3823,c,53.131082389884135,53.131082389884135
3824,t,53.131082389884135,53.131082389884135
3825,t,53.131082389884135,53.131082389884135
3826,c,53.131082389884135,53.131082389884135
3827,c,53.131082389884135,53.131082389884135
3828,c,53.131082389884135,53.131082389884135
3829,t,53.131082389884135,53.131082389884135
3830,c,53.131082389884135,53.131082389884135
3831,c,53.131082389884135,53.131082389884135
3832,c,53.131082389884135,53.131082389884135
3833,c,53.131082389884135,53.131082389884135
3834,c,53.131082389884135,53.131082389884135
3835,c,53.131082389884135,53.131082389884135
3836,c,53.131082389884135,53.131082389884135
3837,c,53.131082389884135,53.131082389884135
3838,t,53.131082389884135,53.131082389884135
3839,c,53.131082389884135,53.131082389884135
3840,c,53.131082389884135,53.131082389884135
3841,c,53.131082389884135,53.131082389884135
3842,c,53.131082389884135,53.131082389884135
3843,t,53.131082389884135,53.131082389884135
3844,c,53.131082389884135,53.131082389884135
3845,c,53.131082389884135,53.131082389884135
3846,t,53.131082389884135,53.131082389884135
3847,c,53.131082389884135,53.131082389884135
3848,c,53.131082389884135,53.131082389884135
3849,c,53.131082389884135,53.131082389884135
3850,c,53.131082389884135,53.131082389884135
3851,c,53.131082389884135,53.131082389884135
3852,c,53.131082389884135,53.131082389884135
3853,c,53.131082389884135,53.131082389884135
3854,t,53.131082389884135,53.131082389884135
3855,c,53.131082389884135,53.131082389884135
3856,c,53.131082389884135,53.131082389884135
3857,c,53.131082389884135,53.131082389884135
3858,c,53.131082389884135,53.131082389884135
3859,c,53.131082389884135,53.131082389884135
3860,c,53.131082389884135,53.131082389884135
3861,c,53.131082389884135,53.131082389884135
3862,t,53.131082389884135,53.131082389884135
3863,c,53.131082389884135,53.131082389884135
3864,t,53.131082389884135,53.131082389884135
3865,c,53.131082389884135,53.131082389884135
3866,c,53.131082389884135,53.131082389884135
3867,c,53.131082389884135,53.131082389884135
3868,c,53.131082389884135,53.131082389884135
3869,t,53.131082389884135,53.131082389884135
3870,c,53.131082389884135,53.131082389884135
3871,t,53.131082389884135,53.131082389884135
3872,c,53.131082389884135,53.131082389884135
3873,c,53.131082389884135,53.131082389884135
3874,c,53.131082389884135,53.131082389884135
3875,c,30.511021653667452,32.307640292054245
3876,t,53.131082389884135,53.131082389884135
3877,c,53.131082389884135,53.131082389884135
3878,t,53.131082389884135,53.131082389884135
3879,c,53.131082389884135,53.131082389884135
3880,c,53.131082389884135,53.131082389884135
3881,t,53.131082389884135,53.131082389884135
3882,c,53.131082389884135,53.131082389884135
3883,c,6.875068712091328,16.72220307796644
3884,c,53.131082389884135,53.131082389884135
3885,c,53.131082389884135,53.131082389884135
3886,c,53.131082389884135,53.131082389884135
3887,t,53.131082389884135,53.131082389884135
3888,c,53.131082389884135,53.131082389884135
3889,c,53.131082389884135,53.131082389884135
3890,c,53.131082389884135,53.131082389884135
3891,c,53.131082389884135,53.131082389884135
3892,c,53.131082389884135,53.131082389884135
3893,c,53.131082389884135,53.131082389884135
3894,c,53.131082389884135,53.131082389884135
3895,c,53.131082389884135,53.131082389884135
3896,c,53.131082389884135,53.131082389884135
3897,c,12.230786072255414,13.87772421997365
3898,c,53.131082389884135,53.131082389884135
3899,t,53.131082389884135,53.131082389884135
3900,c,53.131082389884135,53.131082389884135
3901,c,53.131082389884135,53.131082389884135
3902,c,4.556623246110826,4.659900583458455
3903,t,53.131082389884135,53.131082389884135
3904,t,53.131082389884135,53.131082389884135
3905,c,53.131082389884135,53.131082389884135
3906,c,53.131082389884135,53.131082389884135
3907,t,53.131082389884135,53.131082389884135
3908,t,53.131082389884135,53.131082389884135
3909,c,53.131082389884135,53.131082389884135
3910,c,53.131082389884135,53.131082389884135
3911,c,16.827759033459785,17.161439521162777
3912,c,53.131082389884135,53.131082389884135
3913,t,53.131082389884135,53.131082389884135
3914,c,53.131082389884135,53.131082389884135
3915,c,53.131082389884135,53.131082389884135
3916,c,53.131082389884135,53.131082389884135
3917,c,53.131082389884135,53.131082389884135
3918,c,53.131082389884135,53.131082389884135
3919,c,53.131082389884135,53.131082389884135
3920,c,53.131082389884135,53.131082389884135
3921,c,53.131082389884135,53.131082389884135
3922,c,53.131082389884135,53.131082389884135
3923,c,53.131082389884135,53.131082389884135
3924,c,53.131082389884135,53.131082389884135
3925,c,53.131082389884135,53.131082389884135
3926,c,53.131082389884135,53.131082389884135
3927,c,12.752285297037787,53.131082389884135
3928,c,53.131082389884135,53.131082389884135
3929,c,53.131082389884135,53.131082389884135
3930,c,53.131082389884135,53.131082389884135
3931,c,53.131082389884135,53.131082389884135
3932,c,53.131082389884135,53.131082389884135
3933,c,53.131082389884135,53.131082389884135
3934,c,53.131082389884135,53.131082389884135
3935,c,53.131082389884135,53.131082389884135
3936,c,53.131082389884135,53.131082389884135
3937,t,53.131082389884135,53.131082389884135
3938,c,53.131082389884135,53.131082389884135
3939,c,53.131082389884135,53.131082389884135
3940,c,53.131082389884135,53.131082389884135
3941,t,53.131082389884135,53.131082389884135
3942,c,53.131082389884135,53.131082389884135
3943,c,53.131082389884135,53.131082389884135
3944,c,53.131082389884135,53.131082389884135
3945,c,53.131082389884135,53.131082389884135
3946,t,53.131082389884135,53.131082389884135
3947,c,53.131082389884135,53.131082389884135
3948,c,53.131082389884135,53.131082389884135
3949,c,53.131082389884135,53.131082389884135
3950,c,53.131082389884135,53.131082389884135
3951,c,53.131082389884135,53.131082389884135
3952,c,53.131082389884135,53.131082389884135
3953,c,53.131082389884135,53.131082389884135
3954,na,0,2.0071373199513034
3955,t,53.131082389884135,53.131082389884135
3956,c,29.00863061634253,29.5901268555498
3957,c,53.131082389884135,53.131082389884135
3958,c,53.131082389884135,53.131082389884135
3959,c,53.131082389884135,53.131082389884135
3960,c,53.131082389884135,53.131082389884135
3961,c,53.131082389884135,53.131082389884135
3962,t,53.131082389884135,53.131082389884135
3963,c,53.131082389884135,53.131082389884135
3964,c,53.131082389884135,53.131082389884135
3965,c,53.131082389884135,53.131082389884135
3966,c,53.131082389884135,53.131082389884135
3967,c,53.131082389884135,53.131082389884135
3968,c,53.131082389884135,53.131082389884135
3969,c,53.131082389884135,53.131082389884135
3970,c,53.131082389884135,53.131082389884135
3971,c,53.131082389884135,53.131082389884135
3972,c,53.131082389884135,53.131082389884135
3973,c,12.569654309138315,13.946099027996539
3974,c,53.131082389884135,53.131082389884135
3975,t,53.131082389884135,53.131082389884135
3976,t,53.131082389884135,53.131082389884135
3977,t,53.131082389884135,53.131082389884135
3978,t,53.131082389884135,53.131082389884135
3979,t,53.131082389884135,53.131082389884135
3980,c,53.131082389884135,53.131082389884135
3981,t,53.131082389884135,53.131082389884135
3982,c,53.131082389884135,53.131082389884135
3983,t,53.131082389884135,53.131082389884135
3984,c,53.131082389884135,53.131082389884135
3985,c,53.131082389884135,53.131082389884135
3986,t,53.131082389884135,53.131082389884135
3987,t,53.131082389884135,53.131082389884135
3988,c,53.131082389884135,53.131082389884135
3989,c,53.131082389884135,53.131082389884135
3990,t,53.131082389884135,53.131082389884135
3991,t,53.131082389884135,53.131082389884135
3992,c,53.131082389884135,53.131082389884135
3993,c,53.131082389884135,53.131082389884135
3994,c,53.131082389884135,53.131082389884135
3995,c,53.131082389884135,53.131082389884135
3996,c,53.131082389884135,53.131082389884135
3997,c,53.131082389884135,53.131082389884135
3998,c,53.131082389884135,53.131082389884135
3999,na,-1,0
4000,c,53.131082389884135,53.131082389884135
4001,c,53.131082389884135,53.131082389884135
4002,c,53.131082389884135,53.131082389884135
4003,c,53.131082389884135,53.131082389884135
4004,c,53.131082389884135,53.131082389884135
4005,c,53.131082389884135,53.131082389884135
4006,c,53.131082389884135,53.131082389884135
4007,c,53.131082389884135,53.131082389884135
4008,c,53.131082389884135,53.131082389884135
4009,c,53.131082389884135,53.131082389884135
4010,c,53.131082389884135,53.131082389884135
4011,t,53.131082389884135,53.131082389884135
4012,t,53.131082389884135,53.131082389884135
4013,c,53.131082389884135,53.131082389884135
4014,t,53.131082389884135,53.131082389884135
4015,c,53.131082389884135,53.131082389884135
4016,na,6.055856747977414,11.033398405821705
4017,t,53.131082389884135,53.131082389884135
4018,c,53.131082389884135,53.131082389884135
4019,t,53.131082389884135,53.131082389884135
4020,c,53.131082389884135,53.131082389884135
4021,c,53.131082389884135,53.131082389884135
4022,t,53.131082389884135,53.131082389884135
4023,c,53.131082389884135,53.131082389884135
4024,c,53.131082389884135,53.131082389884135
4025,c,53.131082389884135,53.131082389884135
4026,c,53.131082389884135,53.131082389884135
4027,c,53.131082389884135,53.131082389884135
4028,c,7.7104826835703335,10.130263426787941
4029,t,53.131082389884135,53.131082389884135
4030,c,53.131082389884135,53.131082389884135
4031,c,53.131082389884135,53.131082389884135
4032,c,53.131082389884135,53.131082389884135
4033,c,53.131082389884135,53.131082389884135
4034,c,53.131082389884135,53.131082389884135
4035,t,53.131082389884135,53.131082389884135
4036,t,53.131082389884135,53.131082389884135
4037,c,53.131082389884135,53.131082389884135
4038,c,53.131082389884135,53.131082389884135
4039,c,53.131082389884135,53.131082389884135
4040,c,53.131082389884135,53.131082389884135
4041,c,53.131082389884135,53.131082389884135
4042,t,53.131082389884135,53.131082389884135
4043,c,53.131082389884135,53.131082389884135
4044,c,53.131082389884135,53.131082389884135
4045,t,53.131082389884135,53.131082389884135
4046,c,53.131082389884135,53.131082389884135
4047,t,53.131082389884135,53.131082389884135
4048,c,53.131082389884135,53.131082389884135
4049,t,53.131082389884135,53.131082389884135
4050,c,53.131082389884135,53.131082389884135
4051,c,53.131082389884135,53.131082389884135
4052,c,53.131082389884135,53.131082389884135
4053,na,-1,0
4054,c,53.131082389884135,53.131082389884135
4055,c,53.131082389884135,53.131082389884135
4056,c,53.131082389884135,53.131082389884135
4057,t,53.131082389884135,53.131082389884135
4058,t,53.131082389884135,53.131082389884135
4059,c,53.131082389884135,53.131082389884135
4060,c,53.131082389884135,53.131082389884135
4061,c,53.131082389884135,53.131082389884135
4062,c,53.131082389884135,53.131082389884135
4063,t,53.131082389884135,53.131082389884135
4064,c,53.131082389884135,53.131082389884135
4065,c,53.131082389884135,53.131082389884135
4066,c,53.131082389884135,53.131082389884135
4067,c,53.131082389884135,53.131082389884135
4068,c,53.131082389884135,53.131082389884135
4069,c,53.131082389884135,53.131082389884135
4070,c,53.131082389884135,53.131082389884135
4071,t,53.131082389884135,53.131082389884135
4072,c,53.131082389884135,53.131082389884135
4073,c,53.131082389884135,53.131082389884135
4074,t,53.131082389884135,53.131082389884135
4075,c,53.131082389884135,53.131082389884135
4076,c,53.131082389884135,53.131082389884135
4077,c,53.131082389884135,53.131082389884135
4078,t,53.131082389884135,53.131082389884135
4079,c,53.131082389884135,53.131082389884135
4080,c,53.131082389884135,53.131082389884135
4081,c,53.131082389884135,53.131082389884135
4082,c,8.142807680395979,12.871634298671207
4083,c,53.131082389884135,53.131082389884135
4084,c,53.131082389884135,53.131082389884135
4085,c,53.131082389884135,53.131082389884135
4086,c,53.131082389884135,53.131082389884135
4087,c,53.131082389884135,53.131082389884135
4088,c,53.131082389884135,53.131082389884135
4089,c,53.131082389884135,53.131082389884135
4090,c,53.131082389884135,53.131082389884135
4091,c,53.131082389884135,53.131082389884135
4092,c,53.131082389884135,53.131082389884135
4093,c,53.131082389884135,53.131082389884135
4094,t,53.131082389884135,53.131082389884135
4095,t,53.131082389884135,53.131082389884135
4096,c,53.131082389884135,53.131082389884135
4097,na,0,6.753559691198384
4098,c,53.131082389884135,53.131082389884135
4099,t,53.131082389884135,53.131082389884135
4100,c,53.131082389884135,53.131082389884135
4101,t,53.131082389884135,53.131082389884135
4102,c,53.131082389884135,53.131082389884135
4103,t,53.131082389884135,53.131082389884135
4104,c,53.131082389884135,53.131082389884135
4105,c,53.131082389884135,53.131082389884135
4106,c,53.131082389884135,53.131082389884135
4107,c,53.131082389884135,53.131082389884135
4108,c,53.131082389884135,53.131082389884135
4109,c,53.131082389884135,53.131082389884135
4110,c,53.131082389884135,53.131082389884135
4111,c,53.131082389884135,53.131082389884135
4112,c,53.131082389884135,53.131082389884135
4113,c,53.131082389884135,53.131082389884135
4114,t,53.131082389884135,53.131082389884135
4115,t,53.131082389884135,53.131082389884135
4116,t,53.131082389884135,53.131082389884135
4117,t,53.131082389884135,53.131082389884135
4118,c,53.131082389884135,53.131082389884135
4119,c,53.131082389884135,53.131082389884135
4120,t,53.131082389884135,53.131082389884135
4121,c,53.131082389884135,53.131082389884135
4122,c,53.131082389884135,53.131082389884135
4123,c,53.131082389884135,53.131082389884135
4124,c,53.131082389884135,53.131082389884135
4125,c,53.131082389884135,53.131082389884135
4126,c,53.131082389884135,53.131082389884135
4127,c,53.131082389884135,53.131082389884135
4128,c,53.131082389884135,53.131082389884135
4129,na,0.0682983508533658,1.165708364366541
4130,c,53.131082389884135,53.131082389884135
4131,t,53.131082389884135,53.131082389884135
4132,c,53.131082389884135,53.131082389884135
4133,c,53.131082389884135,53.131082389884135
4134,c,53.131082389884135,53.131082389884135
4135,c,53.131082389884135,53.131082389884135
4136,t,53.131082389884135,53.131082389884135
4137,c,53.131082389884135,53.131082389884135
4138,c,53.131082389884135,53.131082389884135
4139,c,53.131082389884135,53.131082389884135
4140,c,53.131082389884135,53.131082389884135
4141,c,53.131082389884135,53.131082389884135
4142,c,53.131082389884135,53.131082389884135
4143,t,53.131082389884135,53.131082389884135
4144,c,53.131082389884135,53.131082389884135
4145,c,53.131082389884135,53.131082389884135
4146,c,8.660044533003784,10.467348463342548
4147,c,53.131082389884135,53.131082389884135
4148,t,53.131082389884135,53.131082389884135
4149,c,53.131082389884135,53.131082389884135
4150,c,53.131082389884135,53.131082389884135
4151,c,53.131082389884135,53.131082389884135
4152,c,53.131082389884135,53.131082389884135
4153,c,53.131082389884135,53.131082389884135
4154,c,53.131082389884135,53.131082389884135
4155,c,53.131082389884135,53.131082389884135
4156,c,53.131082389884135,53.131082389884135
4157,c,53.131082389884135,53.131082389884135
4158,c,53.131082389884135,53.131082389884135
4159,c,53.131082389884135,53.131082389884135
4160,t,53.131082389884135,53.131082389884135
4161,c,53.131082389884135,53.131082389884135
4162,c,53.131082389884135,53.131082389884135
4163,t,53.131082389884135,53.131082389884135
4164,c,53.131082389884135,53.131082389884135
4165,c,53.131082389884135,53.131082389884135
4166,c,53.131082389884135,53.131082389884135
4167,c,53.131082389884135,53.131082389884135
4168,c,53.131082389884135,53.131082389884135
4169,c,53.131082389884135,53.131082389884135
4170,t,53.131082389884135,53.131082389884135
4171,c,53.131082389884135,53.131082389884135
4172,c,53.131082389884135,53.131082389884135
4173,c,53.131082389884135,53.131082389884135
4174,t,53.131082389884135,53.131082389884135
4175,c,53.131082389884135,53.131082389884135
4176,c,53.131082389884135,53.131082389884135
4177,c,53.131082389884135,53.131082389884135
4178,c,53.131082389884135,53.131082389884135
4179,c,53.131082389884135,53.131082389884135
4180,c,53.131082389884135,53.131082389884135
4181,c,53.131082389884135,53.131082389884135
4182,c,53.131082389884135,53.131082389884135
4183,c,53.131082389884135,53.131082389884135
4184,c,53.131082389884135,53.131082389884135
4185,c,53.131082389884135,53.131082389884135
4186,t,53.131082389884135,53.131082389884135
4187,c,53.131082389884135,53.131082389884135
4188,c,53.131082389884135,53.131082389884135
4189,c,34.40940910350927,35.725810721255414
4190,t,53.131082389884135,53.131082389884135
4191,t,53.131082389884135,53.131082389884135
4192,c,53.131082389884135,53.131082389884135
4193,c,53.131082389884135,53.131082389884135
4194,c,53.131082389884135,53.131082389884135
4195,c,53.131082389884135,53.131082389884135
4196,c,53.131082389884135,53.131082389884135
4197,c,4.570065116853235,4.796791797621195
4198,c,53.131082389884135,53.131082389884135
4199,c,53.131082389884135,53.131082389884135
4200,c,53.131082389884135,53.131082389884135
4201,c,53.131082389884135,53.131082389884135
4202,c,53.131082389884135,53.131082389884135
4203,c,53.131082389884135,53.131082389884135
4204,c,53.131082389884135,53.131082389884135
4205,c,53.131082389884135,53.131082389884135
4206,c,53.131082389884135,53.131082389884135
4207,c,53.131082389884135,53.131082389884135
4208,c,53.131082389884135,53.131082389884135
4209,c,6.1733746534287866,8.983208081620594
4210,c,53.131082389884135,53.131082389884135
4211,t,53.131082389884135,53.131082389884135
4212,c,53.131082389884135,53.131082389884135
4213,c,53.131082389884135,53.131082389884135
4214,c,53.131082389884135,53.131082389884135
4215,c,53.131082389884135,53.131082389884135
4216,c,7.242262529905967,8.442077555770418
4217,t,53.131082389884135,53.131082389884135
4218,c,53.131082389884135,53.131082389884135
4219,c,53.131082389884135,53.131082389884135
4220,t,53.131082389884135,53.131082389884135
4221,c,53.131082389884135,53.131082389884135
4222,c,9.637882653258325,15.128034742009598
4223,t,53.131082389884135,53.131082389884135
4224,c,2.9793941818473595,5.742095280840806
4225,c,53.131082389884135,53.131082389884135
4226,c,23.468456813820268,24.23753482390789
4227,t,53.131082389884135,53.131082389884135
4228,c,53.131082389884135,53.131082389884135
4229,c,53.131082389884135,53.131082389884135
4230,na,-1,0
4231,t,53.131082389884135,53.131082389884135
4232,c,53.131082389884135,53.131082389884135
4233,c,53.131082389884135,53.131082389884135
4234,t,53.131082389884135,53.131082389884135
4235,c,53.131082389884135,53.131082389884135
4236,t,53.131082389884135,53.131082389884135
4237,c,53.131082389884135,53.131082389884135
4238,c,53.131082389884135,53.131082389884135
4239,c,53.131082389884135,53.131082389884135
4240,t,53.131082389884135,53.131082389884135
4241,c,53.131082389884135,53.131082389884135
4242,c,53.131082389884135,53.131082389884135
4243,c,53.131082389884135,53.131082389884135
4244,c,53.131082389884135,53.131082389884135
4245,na,2.7771210879784793,3.008353917989574
4246,c,53.131082389884135,53.131082389884135
4247,t,53.131082389884135,53.131082389884135
4248,na,0,0.37034965163319067
4249,t,53.131082389884135,53.131082389884135
4250,c,53.131082389884135,53.131082389884135
4251,c,53.131082389884135,53.131082389884135
4252,c,53.131082389884135,53.131082389884135
4253,c,53.131082389884135,53.131082389884135
4254,c,53.131082389884135,53.131082389884135
4255,c,20.37819153308951,20.53438508995695
4256,c,53.131082389884135,53.131082389884135
4257,c,53.131082389884135,53.131082389884135
4258,c,53.131082389884135,53.131082389884135
4259,c,53.131082389884135,53.131082389884135
4260,c,53.131082389884135,53.131082389884135
4261,c,5.710120279734658,15.620080202778063
4262,c,53.131082389884135,53.131082389884135
4263,c,53.131082389884135,53.131082389884135
4264,c,53.131082389884135,53.131082389884135
4265,t,53.131082389884135,53.131082389884135
4266,c,53.131082389884135,53.131082389884135
4267,c,53.131082389884135,53.131082389884135
4268,t,53.131082389884135,53.131082389884135
4269,c,53.131082389884135,53.131082389884135
4270,c,53.131082389884135,53.131082389884135
4271,c,53.131082389884135,53.131082389884135
4272,c,53.131082389884135,53.131082389884135
4273,c,53.131082389884135,53.131082389884135
4274,c,53.131082389884135,53.131082389884135
4275,c,53.131082389884135,53.131082389884135
4276,c,53.131082389884135,53.131082389884135
4277,c,53.131082389884135,53.131082389884135
4278,c,53.131082389884135,53.131082389884135
4279,c,53.131082389884135,53.131082389884135
4280,c,53.131082389884135,53.131082389884135
4281,c,53.131082389884135,53.131082389884135
4282,c,53.131082389884135,53.131082389884135
4283,t,53.131082389884135,53.131082389884135
4284,c,53.131082389884135,53.131082389884135
4285,c,53.131082389884135,53.131082389884135
4286,t,53.131082389884135,53.131082389884135
4287,t,53.131082389884135,53.131082389884135
4288,t,53.131082389884135,53.131082389884135
4289,c,53.131082389884135,53.131082389884135
4290,c,53.131082389884135,53.131082389884135
4291,t,53.131082389884135,53.131082389884135
4292,c,53.131082389884135,53.131082389884135
4293,c,53.131082389884135,53.131082389884135
4294,t,53.131082389884135,53.131082389884135
4295,c,53.131082389884135,53.131082389884135
4296,c,53.131082389884135,53.131082389884135
4297,c,53.131082389884135,53.131082389884135
4298,c,53.131082389884135,53.131082389884135
4299,na,4.926814739576104,21.79906951879107
4300,c,53.131082389884135,53.131082389884135
4301,c,6.199115928449164,6.743026816016869
4302,t,53.131082389884135,53.131082389884135
4303,c,53.131082389884135,53.131082389884135
4304,c,53.131082389884135,53.131082389884135
4305,c,53.131082389884135,53.131082389884135
4306,c,53.131082389884135,53.131082389884135
4307,c,1.7399668664694496,3.104005172921645
4308,c,53.131082389884135,53.131082389884135
4309,c,53.131082389884135,53.131082389884135
4310,c,53.131082389884135,53.131082389884135
4311,c,53.131082389884135,53.131082389884135
4312,c,53.131082389884135,53.131082389884135
4313,c,53.131082389884135,53.131082389884135
4314,c,53.131082389884135,53.131082389884135
4315,c,53.131082389884135,53.131082389884135
4316,c,53.131082389884135,53.131082389884135
4317,c,53.131082389884135,53.131082389884135
4318,c,53.131082389884135,53.131082389884135
4319,c,53.131082389884135,53.131082389884135
4320,c,53.131082389884135,53.131082389884135
4321,c,53.131082389884135,53.131082389884135
4322,na,-1,0
4323,na,8.285945768018882,9.520083708014667
4324,t,53.131082389884135,53.131082389884135
4325,t,53.131082389884135,53.131082389884135
4326,c,53.131082389884135,53.131082389884135
4327,c,53.131082389884135,53.131082389884135
4328,t,53.131082389884135,53.131082389884135
4329,t,53.131082389884135,53.131082389884135
4330,c,53.131082389884135,53.131082389884135
4331,c,53.131082389884135,53.131082389884135
4332,c,53.131082389884135,53.131082389884135
4333,t,53.131082389884135,53.131082389884135
4334,c,53.131082389884135,53.131082389884135
4335,c,53.131082389884135,53.131082389884135
4336,c,53.131082389884135,53.131082389884135
4337,t,53.131082389884135,53.131082389884135
4338,t,53.131082389884135,53.131082389884135
4339,c,53.131082389884135,53.131082389884135
4340,c,53.131082389884135,53.131082389884135
4341,c,53.131082389884135,53.131082389884135
4342,c,53.131082389884135,53.131082389884135
4343,c,7.104382022245304,22.249944271049483
4344,c,53.131082389884135,53.131082389884135
4345,c,53.131082389884135,53.131082389884135
4346,t,53.131082389884135,53.131082389884135
4347,c,53.131082389884135,53.131082389884135
4348,c,53.131082389884135,53.131082389884135
4349,c,53.131082389884135,53.131082389884135
4350,c,53.131082389884135,53.131082389884135
4351,c,53.131082389884135,53.131082389884135
4352,t,53.131082389884135,53.131082389884135
4353,c,11.284044258819959,14.867800337707648
4354,c,53.131082389884135,53.131082389884135
4355,c,53.131082389884135,53.131082389884135
4356,c,53.131082389884135,53.131082389884135
4357,c,53.131082389884135,53.131082389884135
4358,c,53.131082389884135,53.131082389884135
4359,c,53.131082389884135,53.131082389884135
4360,t,53.131082389884135,53.131082389884135
4361,c,53.131082389884135,53.131082389884135
4362,c,53.131082389884135,53.131082389884135
4363,c,53.131082389884135,53.131082389884135
4364,c,10.740695238391124,11.462261518845983
4365,c,53.131082389884135,53.131082389884135
4366,c,3.126217939096534,5.310137817937232
4367,c,53.131082389884135,53.131082389884135
4368,c,53.131082389884135,53.131082389884135
4369,c,53.131082389884135,53.131082389884135
4370,c,53.131082389884135,53.131082389884135
4371,c,53.131082389884135,53.131082389884135
4372,c,53.131082389884135,53.131082389884135
4373,c,53.131082389884135,53.131082389884135
4374,c,53.131082389884135,53.131082389884135
4375,c,53.131082389884135,53.131082389884135
4376,c,53.131082389884135,53.131082389884135
4377,c,53.131082389884135,53.131082389884135
4378,c,53.131082389884135,53.131082389884135
4379,t,53.131082389884135,53.131082389884135
4380,c,53.131082389884135,53.131082389884135
4381,c,22.91913339895794,53.131082389884135
4382,c,13.513449894703806,17.102466805103926
4383,t,53.131082389884135,53.131082389884135
4384,c,53.131082389884135,53.131082389884135
4385,c,53.131082389884135,53.131082389884135
4386,c,53.131082389884135,53.131082389884135
4387,t,53.131082389884135,53.131082389884135
4388,c,53.131082389884135,53.131082389884135
4389,c,53.131082389884135,53.131082389884135
4390,na,3.2201473329292867,6.0620500830124815
4391,c,53.131082389884135,53.131082389884135
4392,c,53.131082389884135,53.131082389884135
4393,c,53.131082389884135,53.131082389884135
4394,c,53.131082389884135,53.131082389884135
4395,c,53.131082389884135,53.131082389884135
4396,c,53.131082389884135,53.131082389884135
4397,t,53.131082389884135,53.131082389884135
4398,c,53.131082389884135,53.131082389884135
4399,t,53.131082389884135,53.131082389884135
4400,t,53.131082389884135,53.131082389884135
4401,c,53.131082389884135,53.131082389884135
4402,c,53.131082389884135,53.131082389884135
4403,c,53.131082389884135,53.131082389884135
4404,c,53.131082389884135,53.131082389884135
4405,c,53.131082389884135,53.131082389884135
4406,t,53.131082389884135,53.131082389884135
4407,c,53.131082389884135,53.131082389884135
4408,t,53.131082389884135,53.131082389884135
4409,c,53.131082389884135,53.131082389884135
4410,c,53.131082389884135,53.131082389884135
4411,c,53.131082389884135,53.131082389884135
4412,na,0,8.497556486139063
4413,t,53.131082389884135,53.131082389884135
4414,c,53.131082389884135,53.131082389884135
4415,c,53.131082389884135,53.131082389884135
4416,c,53.131082389884135,53.131082389884135
4417,c,7.843080099162383,13.54617230588414
4418,c,53.131082389884135,53.131082389884135
4419,c,53.131082389884135,53.131082389884135
4420,c,53.131082389884135,53.131082389884135
4421,c,53.131082389884135,53.131082389884135
4422,c,53.131082389884135,53.131082389884135
4423,c,53.131082389884135,53.131082389884135
4424,t,53.131082389884135,53.131082389884135
4425,c,53.131082389884135,53.131082389884135
4426,c,53.131082389884135,53.131082389884135
4427,c,53.131082389884135,53.131082389884135
4428,c,53.131082389884135,53.131082389884135
4429,c,53.131082389884135,53.131082389884135
4430,c,53.131082389884135,53.131082389884135
4431,c,53.131082389884135,53.131082389884135
4432,c,53.131082389884135,53.131082389884135
4433,c,53.131082389884135,53.131082389884135
4434,c,53.131082389884135,53.131082389884135
4435,c,53.131082389884135,53.131082389884135
4436,na,-1,0
4437,c,53.131082389884135,53.131082389884135
4438,t,53.131082389884135,53.131082389884135
4439,c,53.131082389884135,53.131082389884135
4440,c,53.131082389884135,53.131082389884135
4441,c,53.131082389884135,53.131082389884135
4442,t,53.131082389884135,53.131082389884135
4443,c,53.131082389884135,53.131082389884135
4444,c,53.131082389884135,53.131082389884135
4445,c,53.131082389884135,53.131082389884135
4446,t,53.131082389884135,53.131082389884135
4447,c,53.131082389884135,53.131082389884135
4448,c,53.131082389884135,53.131082389884135
4449,c,53.131082389884135,53.131082389884135
4450,c,53.131082389884135,53.131082389884135
4451,c,53.131082389884135,53.131082389884135
4452,c,53.131082389884135,53.131082389884135
4453,c,53.131082389884135,53.131082389884135
4454,c,53.131082389884135,53.131082389884135
4455,na,2.076090392572375,12.590394739904488
4456,c,53.131082389884135,53.131082389884135
4457,c,53.131082389884135,53.131082389884135
4458,c,53.131082389884135,53.131082389884135
4459,c,53.131082389884135,53.131082389884135
4460,c,53.131082389884135,53.131082389884135
4461,c,53.131082389884135,53.131082389884135
4462,c,53.131082389884135,53.131082389884135
4463,t,53.131082389884135,53.131082389884135
4464,t,53.131082389884135,53.131082389884135
4465,c,53.131082389884135,53.131082389884135
4466,c,53.131082389884135,53.131082389884135
4467,c,53.131082389884135,53.131082389884135
4468,c,53.131082389884135,53.131082389884135
4469,t,53.131082389884135,53.131082389884135
4470,c,53.131082389884135,53.131082389884135
4471,c,53.131082389884135,53.131082389884135
4472,c,53.131082389884135,53.131082389884135
4473,t,53.131082389884135,53.131082389884135
4474,c,53.131082389884135,53.131082389884135
4475,c,53.131082389884135,53.131082389884135
4476,t,53.131082389884135,53.131082389884135
4477,c,53.131082389884135,53.131082389884135
4478,c,53.131082389884135,53.131082389884135
4479,c,53.131082389884135,53.131082389884135
4480,c,53.131082389884135,53.131082389884135
4481,c,53.131082389884135,53.131082389884135
4482,c,53.131082389884135,53.131082389884135
4483,c,53.131082389884135,53.131082389884135
4484,t,53.131082389884135,53.131082389884135
4485,c,53.131082389884135,53.131082389884135
4486,c,53.131082389884135,53.131082389884135
4487,c,53.131082389884135,53.131082389884135
4488,c,53.131082389884135,53.131082389884135
4489,c,53.131082389884135,53.131082389884135
4490,c,53.131082389884135,53.131082389884135
4491,c,53.131082389884135,53.131082389884135
4492,na,-1,0
4493,c,53.131082389884135,53.131082389884135
4494,t,53.131082389884135,53.131082389884135
4495,c,53.131082389884135,53.131082389884135
4496,c,53.131082389884135,53.131082389884135
4497,c,53.131082389884135,53.131082389884135
4498,c,53.131082389884135,53.131082389884135
4499,c,53.131082389884135,53.131082389884135
4500,t,53.131082389884135,53.131082389884135
4501,c,53.131082389884135,53.131082389884135
4502,c,53.131082389884135,53.131082389884135
4503,t,53.131082389884135,53.131082389884135
4504,c,53.131082389884135,53.131082389884135
4505,c,53.131082389884135,53.131082389884135
4506,c,53.131082389884135,53.131082389884135
4507,c,53.131082389884135,53.131082389884135
4508,c,53.131082389884135,53.131082389884135
4509,c,53.131082389884135,53.131082389884135
4510,t,53.131082389884135,53.131082389884135
4511,c,53.131082389884135,53.131082389884135
4512,c,53.131082389884135,53.131082389884135
4513,c,53.131082389884135,53.131082389884135
4514,c,53.131082389884135,53.131082389884135
4515,c,53.131082389884135,53.131082389884135
4516,na,-1,0
4517,c,53.131082389884135,53.131082389884135
4518,c,53.131082389884135,53.131082389884135
4519,c,53.131082389884135,53.131082389884135
4520,c,53.131082389884135,53.131082389884135
4521,t,53.131082389884135,53.131082389884135
4522,c,53.131082389884135,53.131082389884135
4523,c,9.770257665713645,12.834073114029252
4524,c,53.131082389884135,53.131082389884135
4525,c,53.131082389884135,53.131082389884135
4526,t,53.131082389884135,53.131082389884135
4527,c,53.131082389884135,53.131082389884135
4528,c,53.131082389884135,53.131082389884135
4529,c,53.131082389884135,53.131082389884135
4530,c,53.131082389884135,53.131082389884135
4531,c,53.131082389884135,53.131082389884135
4532,c,53.131082389884135,53.131082389884135
4533,c,53.131082389884135,53.131082389884135
4534,c,53.131082389884135,53.131082389884135
4535,c,7.922512659720779,8.544042734196399
4536,t,53.131082389884135,53.131082389884135
4537,c,18.355030620002243,53.131082389884135
4538,t,53.131082389884135,53.131082389884135
4539,c,53.131082389884135,53.131082389884135
4540,c,53.131082389884135,53.131082389884135
4541,c,53.131082389884135,53.131082389884135
4542,c,53.131082389884135,53.131082389884135
4543,c,53.131082389884135,53.131082389884135
4544,t,53.131082389884135,53.131082389884135
4545,c,53.131082389884135,53.131082389884135
4546,c,53.131082389884135,53.131082389884135
4547,c,53.131082389884135,53.131082389884135
4548,c,53.131082389884135,53.131082389884135
4549,c,53.131082389884135,53.131082389884135
4550,c,53.131082389884135,53.131082389884135
4551,c,28.823835318354902,28.870262866492165
4552,c,53.131082389884135,53.131082389884135
4553,c,53.131082389884135,53.131082389884135
4554,c,53.131082389884135,53.131082389884135
4555,c,53.131082389884135,53.131082389884135
4556,t,53.131082389884135,53.131082389884135
4557,c,53.131082389884135,53.131082389884135
4558,c,4.837826872576373,8.341026031364498
4559,c,53.131082389884135,53.131082389884135
4560,c,53.131082389884135,53.131082389884135
4561,c,53.131082389884135,53.131082389884135
4562,c,53.131082389884135,53.131082389884135
4563,c,53.131082389884135,53.131082389884135
4564,c,53.131082389884135,53.131082389884135
4565,c,53.131082389884135,53.131082389884135
4566,c,53.131082389884135,53.131082389884135
4567,na,0,3.161691573583405
4568,c,53.131082389884135,53.131082389884135
4569,c,53.131082389884135,53.131082389884135
4570,t,53.131082389884135,53.131082389884135
4571,t,53.131082389884135,53.131082389884135
4572,c,53.131082389884135,53.131082389884135
4573,t,53.131082389884135,53.131082389884135
4574,c,53.131082389884135,53.131082389884135
4575,t,53.131082389884135,53.131082389884135
4576,c,53.131082389884135,53.131082389884135
4577,c,16.96006656882498,20.967490233394823
4578,t,53.131082389884135,53.131082389884135
4579,t,53.131082389884135,53.131082389884135
4580,c,53.131082389884135,53.131082389884135
4581,c,53.131082389884135,53.131082389884135
4582,t,53.131082389884135,53.131082389884135
4583,c,53.131082389884135,53.131082389884135
4584,c,53.131082389884135,53.131082389884135
4585,c,53.131082389884135,53.131082389884135
4586,c,53.131082389884135,53.131082389884135
4587,c,53.131082389884135,53.131082389884135
4588,c,53.131082389884135,53.131082389884135
4589,c,53.131082389884135,53.131082389884135
4590,c,53.131082389884135,53.131082389884135
4591,c,53.131082389884135,53.131082389884135
4592,c,53.131082389884135,53.131082389884135
4593,c,53.131082389884135,53.131082389884135
4594,c,29.603441372869952,30.597942572283593
4595,c,53.131082389884135,53.131082389884135
4596,c,53.131082389884135,53.131082389884135
4597,c,53.131082389884135,53.131082389884135
4598,c,53.131082389884135,53.131082389884135
4599,c,3.4985922150697193,6.921981919370838
4600,c,53.131082389884135,53.131082389884135
4601,na,0,1.1594735909794252
4602,c,53.131082389884135,53.131082389884135
4603,c,53.131082389884135,53.131082389884135
4604,c,53.131082389884135,53.131082389884135
4605,c,53.131082389884135,53.131082389884135
4606,c,53.131082389884135,53.131082389884135
4607,c,53.131082389884135,53.131082389884135
4608,c,53.131082389884135,53.131082389884135
4609,c,53.131082389884135,53.131082389884135
4610,c,53.131082389884135,53.131082389884135
4611,t,53.131082389884135,53.131082389884135
4612,t,53.131082389884135,53.131082389884135
4613,c,53.131082389884135,53.131082389884135
4614,c,53.131082389884135,53.131082389884135
4615,c,53.131082389884135,53.131082389884135
4616,c,53.131082389884135,53.131082389884135
4617,t,53.131082389884135,53.131082389884135
4618,t,53.131082389884135,53.131082389884135
4619,c,53.131082389884135,53.131082389884135
4620,c,53.131082389884135,53.131082389884135
4621,c,17.79372236489683,23.141814575238637
4622,c,53.131082389884135,53.131082389884135
4623,c,53.131082389884135,53.131082389884135
4624,c,53.131082389884135,53.131082389884135
4625,c,1.478446256856743,3.134476563249113
4626,c,53.131082389884135,53.131082389884135
4627,c,53.131082389884135,53.131082389884135
4628,t,53.131082389884135,53.131082389884135
4629,c,53.131082389884135,53.131082389884135
4630,c,53.131082389884135,53.131082389884135
4631,c,6.667999903828465,8.095669216053984
4632,c,53.131082389884135,53.131082389884135
4633,t,53.131082389884135,53.131082389884135
4634,t,53.131082389884135,53.131082389884135
4635,c,53.131082389884135,53.131082389884135
4636,c,53.131082389884135,53.131082389884135
4637,c,53.131082389884135,53.131082389884135
4638,c,53.131082389884135,53.131082389884135
4639,t,53.131082389884135,53.131082389884135
4640,c,53.131082389884135,53.131082389884135
4641,t,53.131082389884135,53.131082389884135
4642,c,53.131082389884135,53.131082389884135
4643,t,53.131082389884135,53.131082389884135
4644,t,53.131082389884135,53.131082389884135
4645,c,53.131082389884135,53.131082389884135
4646,c,53.131082389884135,53.131082389884135
4647,t,53.131082389884135,53.131082389884135
4648,c,53.131082389884135,53.131082389884135
4649,t,53.131082389884135,53.131082389884135
4650,c,53.131082389884135,53.131082389884135
4651,c,53.131082389884135,53.131082389884135
4652,t,53.131082389884135,53.131082389884135
4653,c,53.131082389884135,53.131082389884135
4654,c,53.131082389884135,53.131082389884135
4655,c,4.425334774678588,7.589824102446887
4656,c,53.131082389884135,53.131082389884135
4657,t,53.131082389884135,53.131082389884135
4658,c,53.131082389884135,53.131082389884135
4659,c,53.131082389884135,53.131082389884135
4660,c,53.131082389884135,53.131082389884135
4661,t,53.131082389884135,53.131082389884135
4662,c,53.131082389884135,53.131082389884135
4663,na,0,1.3327033561870134
4664,t,53.131082389884135,53.131082389884135
4665,c,53.131082389884135,53.131082389884135
4666,c,53.131082389884135,53.131082389884135
4667,c,53.131082389884135,53.131082389884135
4668,c,53.131082389884135,53.131082389884135
4669,c,53.131082389884135,53.131082389884135
4670,t,53.131082389884135,53.131082389884135
4671,c,53.131082389884135,53.131082389884135
4672,c,53.131082389884135,53.131082389884135
4673,c,53.131082389884135,53.131082389884135
4674,t,53.131082389884135,53.131082389884135
4675,c,53.131082389884135,53.131082389884135
4676,c,53.131082389884135,53.131082389884135
4677,c,53.131082389884135,53.131082389884135
4678,c,53.131082389884135,53.131082389884135
4679,c,53.131082389884135,53.131082389884135
4680,c,53.131082389884135,53.131082389884135
4681,c,53.131082389884135,53.131082389884135
4682,t,53.131082389884135,53.131082389884135
4683,c,53.131082389884135,53.131082389884135
4684,c,53.131082389884135,53.131082389884135
4685,c,53.131082389884135,53.131082389884135
4686,c,5.562632988942686,10.538383752941387
4687,t,53.131082389884135,53.131082389884135
4688,t,53.131082389884135,53.131082389884135
4689,c,53.131082389884135,53.131082389884135
4690,c,53.131082389884135,53.131082389884135
4691,c,53.131082389884135,53.131082389884135
4692,c,53.131082389884135,53.131082389884135
4693,c,53.131082389884135,53.131082389884135
4694,t,53.131082389884135,53.131082389884135
4695,t,53.131082389884135,53.131082389884135
4696,t,53.131082389884135,53.131082389884135
4697,t,53.131082389884135,53.131082389884135
4698,c,53.131082389884135,53.131082389884135
4699,c,53.131082389884135,53.131082389884135
4700,c,53.131082389884135,53.131082389884135
4701,na,0,3.2241952715141595
4702,c,53.131082389884135,53.131082389884135
4703,t,53.131082389884135,53.131082389884135
4704,c,53.131082389884135,53.131082389884135
4705,c,53.131082389884135,53.131082389884135
4706,na,0,53.131082389884135
4707,t,53.131082389884135,53.131082389884135
4708,c,53.131082389884135,53.131082389884135
4709,c,53.131082389884135,53.131082389884135
4710,c,53.131082389884135,53.131082389884135
4711,c,53.131082389884135,53.131082389884135
4712,c,53.131082389884135,53.131082389884135
4713,t,53.131082389884135,53.131082389884135
4714,c,53.131082389884135,53.131082389884135
4715,c,53.131082389884135,53.131082389884135
4716,na,-1,0
4717,na,7.670207831564467,15.803888648507622
4718,c,53.131082389884135,53.131082389884135
4719,c,53.131082389884135,53.131082389884135
4720,t,53.131082389884135,53.131082389884135
4721,c,53.131082389884135,53.131082389884135
4722,c,53.131082389884135,53.131082389884135
4723,c,53.131082389884135,53.131082389884135
4724,c,53.131082389884135,53.131082389884135
4725,c,53.131082389884135,53.131082389884135
4726,c,53.131082389884135,53.131082389884135
4727,c,53.131082389884135,53.131082389884135
4728,c,53.131082389884135,53.131082389884135
4729,t,53.131082389884135,53.131082389884135
4730,c,53.131082389884135,53.131082389884135
4731,c,53.131082389884135,53.131082389884135
4732,t,53.131082389884135,53.131082389884135
4733,c,53.131082389884135,53.131082389884135
4734,c,53.131082389884135,53.131082389884135
4735,na,1.8793953507111776,2.5414999233114015
4736,c,53.131082389884135,53.131082389884135
4737,t,53.131082389884135,53.131082389884135
4738,c,53.131082389884135,53.131082389884135
4739,c,53.131082389884135,53.131082389884135
4740,c,53.131082389884135,53.131082389884135
4741,na,-1,0
4742,c,53.131082389884135,53.131082389884135
4743,t,53.131082389884135,53.131082389884135
4744,c,53.131082389884135,53.131082389884135
4745,c,53.131082389884135,53.131082389884135
4746,c,53.131082389884135,53.131082389884135
4747,t,53.131082389884135,53.131082389884135
4748,c,53.131082389884135,53.131082389884135
4749,c,53.131082389884135,53.131082389884135
4750,c,53.131082389884135,53.131082389884135
4751,c,53.131082389884135,53.131082389884135
4752,c,53.131082389884135,53.131082389884135
4753,c,53.131082389884135,53.131082389884135
4754,c,53.131082389884135,53.131082389884135
4755,c,53.131082389884135,53.131082389884135
4756,t,53.131082389884135,53.131082389884135
4757,t,53.131082389884135,53.131082389884135
4758,t,53.131082389884135,53.131082389884135
4759,c,53.131082389884135,53.131082389884135
4760,t,53.131082389884135,53.131082389884135
4761,c,53.131082389884135,53.131082389884135
4762,c,53.131082389884135,53.131082389884135
4763,c,7.10393790159423,11.229493092952598
4764,c,53.131082389884135,53.131082389884135
4765,c,53.131082389884135,53.131082389884135
4766,c,53.131082389884135,53.131082389884135
4767,t,53.131082389884135,53.131082389884135
4768,c,53.131082389884135,53.131082389884135
4769,c,53.131082389884135,53.131082389884135
4770,c,53.131082389884135,53.131082389884135
4771,c,53.131082389884135,53.131082389884135
4772,c,53.131082389884135,53.131082389884135
4773,t,53.131082389884135,53.131082389884135
4774,c,53.131082389884135,53.131082389884135
4775,c,53.131082389884135,53.131082389884135
4776,c,53.131082389884135,53.131082389884135
4777,t,53.131082389884135,53.131082389884135
4778,c,53.131082389884135,53.131082389884135
4779,c,53.131082389884135,53.131082389884135
4780,c,53.131082389884135,53.131082389884135
4781,t,53.131082389884135,53.131082389884135
4782,c,53.131082389884135,53.131082389884135
4783,c,53.131082389884135,53.131082389884135
4784,c,53.131082389884135,53.131082389884135
4785,c,53.131082389884135,53.131082389884135
4786,t,53.131082389884135,53.131082389884135
4787,c,53.131082389884135,53.131082389884135
4788,c,53.131082389884135,53.131082389884135
4789,c,53.131082389884135,53.131082389884135
4790,c,53.131082389884135,53.131082389884135
4791,c,53.131082389884135,53.131082389884135
4792,c,53.131082389884135,53.131082389884135
4793,c,53.131082389884135,53.131082389884135
4794,c,53.131082389884135,53.131082389884135
4795,c,53.131082389884135,53.131082389884135
4796,c,53.131082389884135,53.131082389884135
4797,c,53.131082389884135,53.131082389884135
4798,t,53.131082389884135,53.131082389884135
4799,c,53.131082389884135,53.131082389884135
4800,t,53.131082389884135,53.131082389884135
4801,c,53.131082389884135,53.131082389884135
4802,c,53.131082389884135,53.131082389884135
4803,c,53.131082389884135,53.131082389884135
4804,c,9.629346549433246,10.413683156567533
4805,c,53.131082389884135,53.131082389884135
4806,t,53.131082389884135,53.131082389884135
4807,c,53.131082389884135,53.131082389884135
4808,t,53.131082389884135,53.131082389884135
4809,c,53.131082389884135,53.131082389884135
4810,c,53.131082389884135,53.131082389884135
4811,t,53.131082389884135,53.131082389884135
4812,c,53.131082389884135,53.131082389884135
4813,c,10.061193181392817,13.679995717385095
4814,c,53.131082389884135,53.131082389884135
4815,c,53.131082389884135,53.131082389884135
4816,c,53.131082389884135,53.131082389884135
4817,c,53.131082389884135,53.131082389884135
4818,c,53.131082389884135,53.131082389884135
4819,na,0,5.430234422305808
4820,c,53.131082389884135,53.131082389884135
4821,c,53.131082389884135,53.131082389884135
4822,c,53.131082389884135,53.131082389884135
4823,c,53.131082389884135,53.131082389884135
4824,c,53.131082389884135,53.131082389884135
4825,c,53.131082389884135,53.131082389884135
4826,c,53.131082389884135,53.131082389884135
4827,t,53.131082389884135,53.131082389884135
4828,c,53.131082389884135,53.131082389884135
4829,c,53.131082389884135,53.131082389884135
4830,c,53.131082389884135,53.131082389884135
4831,c,53.131082389884135,53.131082389884135
4832,c,53.131082389884135,53.131082389884135
4833,c,53.131082389884135,53.131082389884135
4834,c,53.131082389884135,53.131082389884135
4835,c,53.131082389884135,53.131082389884135
4836,c,53.131082389884135,53.131082389884135
4837,c,53.131082389884135,53.131082389884135
4838,c,53.131082389884135,53.131082389884135
4839,c,53.131082389884135,53.131082389884135
4840,c,53.131082389884135,53.131082389884135
4841,c,53.131082389884135,53.131082389884135
4842,c,53.131082389884135,53.131082389884135
4843,c,53.131082389884135,53.131082389884135
4844,c,53.131082389884135,53.131082389884135
4845,c,53.131082389884135,53.131082389884135
4846,c,53.131082389884135,53.131082389884135
4847,na,0,2.945897889893113
4848,t,53.131082389884135,53.131082389884135
4849,t,53.131082389884135,53.131082389884135
4850,c,53.131082389884135,53.131082389884135
4851,c,53.131082389884135,53.131082389884135
4852,t,53.131082389884135,53.131082389884135
4853,c,10.648801548596467,13.693131517281264
4854,c,19.546027618753488,19.972258913272448
4855,c,53.131082389884135,53.131082389884135
4856,c,53.131082389884135,53.131082389884135
4857,c,53.131082389884135,53.131082389884135
4858,c,10.36848778094203,13.494368323146219
4859,c,53.131082389884135,53.131082389884135
4860,c,53.131082389884135,53.131082389884135
4861,c,53.131082389884135,53.131082389884135
4862,c,53.131082389884135,53.131082389884135
4863,c,53.131082389884135,53.131082389884135
4864,t,53.131082389884135,53.131082389884135
4865,c,53.131082389884135,53.131082389884135
4866,t,53.131082389884135,53.131082389884135
4867,c,53.131082389884135,53.131082389884135
4868,t,53.131082389884135,53.131082389884135
4869,c,53.131082389884135,53.131082389884135
4870,c,53.131082389884135,53.131082389884135
4871,c,53.131082389884135,53.131082389884135
4872,t,53.131082389884135,53.131082389884135
4873,c,53.131082389884135,53.131082389884135
4874,c,53.131082389884135,53.131082389884135
4875,c,53.131082389884135,53.131082389884135
4876,c,53.131082389884135,53.131082389884135
4877,c,53.131082389884135,53.131082389884135
4878,c,53.131082389884135,53.131082389884135
4879,c,53.131082389884135,53.131082389884135
4880,c,53.131082389884135,53.131082389884135
4881,c,53.131082389884135,53.131082389884135
4882,c,53.131082389884135,53.131082389884135
4883,t,53.131082389884135,53.131082389884135
4884,c,53.131082389884135,53.131082389884135
4885,t,53.131082389884135,53.131082389884135
4886,c,53.131082389884135,53.131082389884135
4887,c,53.131082389884135,53.131082389884135
4888,t,53.131082389884135,53.131082389884135
4889,c,53.131082389884135,53.131082389884135
4890,c,53.131082389884135,53.131082389884135
4891,c,53.131082389884135,53.131082389884135
4892,c,53.131082389884135,53.131082389884135
4893,c,53.131082389884135,53.131082389884135
4894,c,53.131082389884135,53.131082389884135
4895,t,53.131082389884135,53.131082389884135
4896,c,53.131082389884135,53.131082389884135
4897,t,53.131082389884135,53.131082389884135
4898,c,53.131082389884135,53.131082389884135
4899,c,53.131082389884135,53.131082389884135
4900,c,53.131082389884135,53.131082389884135
4901,c,53.131082389884135,53.131082389884135
4902,c,53.131082389884135,53.131082389884135
4903,c,53.131082389884135,53.131082389884135
4904,t,53.131082389884135,53.131082389884135
4905,c,53.131082389884135,53.131082389884135
4906,c,11.770182270716218,12.13068470704927
4907,t,53.131082389884135,53.131082389884135
4908,c,53.131082389884135,53.131082389884135
4909,c,53.131082389884135,53.131082389884135
4910,c,53.131082389884135,53.131082389884135
4911,c,53.131082389884135,53.131082389884135
4912,c,53.131082389884135,53.131082389884135
4913,c,53.131082389884135,53.131082389884135
4914,c,53.131082389884135,53.131082389884135
4915,c,53.131082389884135,53.131082389884135
4916,t,53.131082389884135,53.131082389884135
4917,c,53.131082389884135,53.131082389884135
4918,c,53.131082389884135,53.131082389884135
4919,t,53.131082389884135,53.131082389884135
4920,c,53.131082389884135,53.131082389884135
4921,c,53.131082389884135,53.131082389884135
4922,c,53.131082389884135,53.131082389884135
4923,t,53.131082389884135,53.131082389884135
4924,c,53.131082389884135,53.131082389884135
4925,c,53.131082389884135,53.131082389884135
4926,c,53.131082389884135,53.131082389884135
4927,t,53.131082389884135,53.131082389884135
4928,t,53.131082389884135,53.131082389884135
4929,c,53.131082389884135,53.131082389884135
4930,c,53.131082389884135,53.131082389884135
4931,t,53.131082389884135,53.131082389884135
4932,t,53.131082389884135,53.131082389884135
4933,c,53.131082389884135,53.131082389884135
4934,c,53.131082389884135,53.131082389884135
4935,c,53.131082389884135,53.131082389884135
4936,t,53.131082389884135,53.131082389884135
4937,c,53.131082389884135,53.131082389884135
4938,t,53.131082389884135,53.131082389884135
4939,c,53.131082389884135,53.131082389884135
4940,t,53.131082389884135,53.131082389884135
4941,c,53.131082389884135,53.131082389884135
4942,c,53.131082389884135,53.131082389884135
4943,c,53.131082389884135,53.131082389884135
4944,c,53.131082389884135,53.131082389884135
4945,t,53.131082389884135,53.131082389884135
4946,c,53.131082389884135,53.131082389884135
4947,c,53.131082389884135,53.131082389884135
4948,t,53.131082389884135,53.131082389884135
4949,c,2.699382777774115,3.4134409193012836
4950,t,53.131082389884135,53.131082389884135
4951,c,53.131082389884135,53.131082389884135
4952,c,53.131082389884135,53.131082389884135
4953,t,53.131082389884135,53.131082389884135
4954,c,53.131082389884135,53.131082389884135
4955,c,53.131082389884135,53.131082389884135
4956,c,53.131082389884135,53.131082389884135
4957,c,53.131082389884135,53.131082389884135
4958,c,53.131082389884135,53.131082389884135
4959,t,53.131082389884135,53.131082389884135
4960,c,53.131082389884135,53.131082389884135
4961,c,53.131082389884135,53.131082389884135
4962,c,53.131082389884135,53.131082389884135
4963,t,53.131082389884135,53.131082389884135
4964,na,4.612984271261487,6.61772060261253
4965,c,53.131082389884135,53.131082389884135
4966,c,53.131082389884135,53.131082389884135
4967,c,53.131082389884135,53.131082389884135
4968,c,53.131082389884135,53.131082389884135
4969,t,53.131082389884135,53.131082389884135
4970,t,53.131082389884135,53.131082389884135
4971,c,53.131082389884135,53.131082389884135
4972,c,53.131082389884135,53.131082389884135
4973,t,53.131082389884135,53.131082389884135
4974,t,53.131082389884135,53.131082389884135
4975,c,53.131082389884135,53.131082389884135
4976,c,22.569934086060492,24.64497518032279
4977,t,53.131082389884135,53.131082389884135
4978,c,53.131082389884135,53.131082389884135
4979,c,53.131082389884135,53.131082389884135
4980,c,53.131082389884135,53.131082389884135
4981,c,53.131082389884135,53.131082389884135
4982,c,53.131082389884135,53.131082389884135
4983,c,53.131082389884135,53.131082389884135
4984,c,53.131082389884135,53.131082389884135
4985,t,53.131082389884135,53.131082389884135
4986,c,53.131082389884135,53.131082389884135
4987,c,53.131082389884135,53.131082389884135
4988,c,53.131082389884135,53.131082389884135
4989,c,53.131082389884135,53.131082389884135
4990,t,53.131082389884135,53.131082389884135
4991,c,53.131082389884135,53.131082389884135
4992,t,53.131082389884135,53.131082389884135
4993,c,53.131082389884135,53.131082389884135
4994,c,11.668162035639803,22.273669337981662
4995,c,53.131082389884135,53.131082389884135
4996,c,53.131082389884135,53.131082389884135
4997,c,53.131082389884135,53.131082389884135
4998,c,53.131082389884135,53.131082389884135
4999,c,8.7795042227006,8.923711983922798
5000,c,53.131082389884135,53.131082389884135
5001,c,53.131082389884135,53.131082389884135
5002,c,53.131082389884135,53.131082389884135
5003,c,53.131082389884135,53.131082389884135
5004,c,53.131082389884135,53.131082389884135
5005,c,53.131082389884135,53.131082389884135
5006,t,53.131082389884135,53.131082389884135
5007,c,53.131082389884135,53.131082389884135
5008,c,53.131082389884135,53.131082389884135
5009,t,53.131082389884135,53.131082389884135
5010,t,53.131082389884135,53.131082389884135
5011,c,53.131082389884135,53.131082389884135
5012,t,53.131082389884135,53.131082389884135
5013,c,53.131082389884135,53.131082389884135
5014,c,53.131082389884135,53.131082389884135
5015,c,53.131082389884135,53.131082389884135
5016,c,53.131082389884135,53.131082389884135
5017,c,53.131082389884135,53.131082389884135
5018,na,0,2.1506580577727283
5019,c,7.257973452200961,14.745284417078578
5020,c,53.131082389884135,53.131082389884135
5021,c,53.131082389884135,53.131082389884135
5022,c,53.131082389884135,53.131082389884135
5023,c,53.131082389884135,53.131082389884135
5024,c,53.131082389884135,53.131082389884135
5025,c,53.131082389884135,53.131082389884135
5026,c,53.131082389884135,53.131082389884135
5027,c,53.131082389884135,53.131082389884135
5028,c,53.131082389884135,53.131082389884135
5029,c,53.131082389884135,53.131082389884135
5030,c,53.131082389884135,53.131082389884135
5031,t,53.131082389884135,53.131082389884135
5032,c,53.131082389884135,53.131082389884135
5033,c,53.131082389884135,53.131082389884135
5034,c,53.131082389884135,53.131082389884135
5035,c,53.131082389884135,53.131082389884135
5036,c,53.131082389884135,53.131082389884135
5037,t,53.131082389884135,53.131082389884135
5038,t,53.131082389884135,53.131082389884135
5039,t,53.131082389884135,53.131082389884135
5040,t,53.131082389884135,53.131082389884135
5041,c,53.131082389884135,53.131082389884135
5042,c,53.131082389884135,53.131082389884135
5043,c,53.131082389884135,53.131082389884135
5044,c,11.401290161062649,15.606438947444786
5045,na,1.2260733118629767,53.131082389884135
5046,c,53.131082389884135,53.131082389884135
5047,c,53.131082389884135,53.131082389884135
5048,c,53.131082389884135,53.131082389884135
5049,c,53.131082389884135,53.131082389884135
5050,c,53.131082389884135,53.131082389884135
5051,t,53.131082389884135,53.131082389884135
5052,c,53.131082389884135,53.131082389884135
5053,c,53.131082389884135,53.131082389884135
5054,na,-1,0
5055,c,53.131082389884135,53.131082389884135
5056,c,19.945342795231184,20.093973956400944
5057,c,53.131082389884135,53.131082389884135
5058,c,53.131082389884135,53.131082389884135
5059,c,53.131082389884135,53.131082389884135
5060,c,53.131082389884135,53.131082389884135
5061,t,53.131082389884135,53.131082389884135
5062,c,53.131082389884135,53.131082389884135
5063,c,53.131082389884135,53.131082389884135
5064,c,53.131082389884135,53.131082389884135
5065,na,0,5.9291473425373065
5066,t,53.131082389884135,53.131082389884135
5067,c,53.131082389884135,53.131082389884135
5068,c,53.131082389884135,53.131082389884135
5069,na,2.278876949974104,3.0908451348077386
5070,c,53.131082389884135,53.131082389884135
5071,t,53.131082389884135,53.131082389884135
5072,c,53.131082389884135,53.131082389884135
5073,c,53.131082389884135,53.131082389884135
5074,na,-1,0
5075,na,2.7141659860799616,7.977805566663478
5076,c,53.131082389884135,53.131082389884135
5077,t,53.131082389884135,53.131082389884135
5078,c,53.131082389884135,53.131082389884135
5079,c,53.131082389884135,53.131082389884135
5080,t,53.131082389884135,53.131082389884135
5081,t,53.131082389884135,53.131082389884135
5082,c,53.131082389884135,53.131082389884135
5083,c,53.131082389884135,53.131082389884135
5084,c,53.131082389884135,53.131082389884135
5085,c,53.131082389884135,53.131082389884135
5086,c,53.131082389884135,53.131082389884135
5087,c,53.131082389884135,53.131082389884135
5088,c,53.131082389884135,53.131082389884135
5089,c,53.131082389884135,53.131082389884135
5090,c,53.131082389884135,53.131082389884135
5091,c,53.131082389884135,53.131082389884135
5092,c,6.816432469440111,16.830413214208896
5093,t,53.131082389884135,53.131082389884135
5094,c,53.131082389884135,53.131082389884135
5095,c,53.131082389884135,53.131082389884135
5096,c,53.131082389884135,53.131082389884135
5097,na,2.981177683289131,6.650582199677494
5098,t,53.131082389884135,53.131082389884135
5099,c,53.131082389884135,53.131082389884135
5100,c,53.131082389884135,53.131082389884135
5101,c,53.131082389884135,53.131082389884135
5102,c,53.131082389884135,53.131082389884135
5103,t,53.131082389884135,53.131082389884135
5104,t,53.131082389884135,53.131082389884135
5105,c,53.131082389884135,53.131082389884135
5106,na,0,4.533032554844517
5107,c,53.131082389884135,53.131082389884135
5108,c,8.191827698494889,8.892479470385211
5109,c,53.131082389884135,53.131082389884135
5110,c,53.131082389884135,53.131082389884135
5111,c,53.131082389884135,53.131082389884135
5112,c,53.131082389884135,53.131082389884135
5113,c,53.131082389884135,53.131082389884135
5114,c,53.131082389884135,53.131082389884135
5115,c,53.131082389884135,53.131082389884135
5116,c,53.131082389884135,53.131082389884135
5117,c,53.131082389884135,53.131082389884135
5118,c,53.131082389884135,53.131082389884135
5119,c,53.131082389884135,53.131082389884135
5120,c,53.131082389884135,53.131082389884135
5121,c,53.131082389884135,53.131082389884135
5122,c,53.131082389884135,53.131082389884135
5123,c,53.131082389884135,53.131082389884135
5124,na,0,10.50257441196175
5125,c,11.894348989448053,14.158308078776667
5126,c,53.131082389884135,53.131082389884135
5127,c,53.131082389884135,53.131082389884135
5128,c,53.131082389884135,53.131082389884135
5129,t,53.131082389884135,53.131082389884135
5130,c,7.775733663464808,8.664042430263708
5131,c,53.131082389884135,53.131082389884135
5132,c,53.131082389884135,53.131082389884135
5133,c,53.131082389884135,53.131082389884135
5134,na,3.6988780212500774,8.701065550297908
5135,c,53.131082389884135,53.131082389884135
5136,c,53.131082389884135,53.131082389884135
5137,c,53.131082389884135,53.131082389884135
5138,c,53.131082389884135,53.131082389884135
5139,c,53.131082389884135,53.131082389884135
5140,c,53.131082389884135,53.131082389884135
5141,c,53.131082389884135,53.131082389884135
5142,c,53.131082389884135,53.131082389884135
5143,c,53.131082389884135,53.131082389884135
5144,c,53.131082389884135,53.131082389884135
5145,c,53.131082389884135,53.131082389884135
5146,c,53.131082389884135,53.131082389884135
5147,c,53.131082389884135,53.131082389884135
5148,t,53.131082389884135,53.131082389884135
5149,t,53.131082389884135,53.131082389884135
5150,c,53.131082389884135,53.131082389884135
5151,c,53.131082389884135,53.131082389884135
5152,c,53.131082389884135,53.131082389884135
5153,c,53.131082389884135,53.131082389884135
5154,c,53.131082389884135,53.131082389884135
5155,c,53.131082389884135,53.131082389884135
5156,c,53.131082389884135,53.131082389884135
5157,t,53.131082389884135,53.131082389884135
5158,c,53.131082389884135,53.131082389884135
5159,t,53.131082389884135,53.131082389884135
5160,c,4.469144075352656,12.879891962109985
5161,c,53.131082389884135,53.131082389884135
5162,c,29.922933555487926,32.2073942482441
5163,c,53.131082389884135,53.131082389884135
5164,c,53.131082389884135,53.131082389884135
5165,c,53.131082389884135,53.131082389884135
5166,c,53.131082389884135,53.131082389884135
5167,c,53.131082389884135,53.131082389884135
5168,na,15.281847711921253,17.09273488551396
5169,c,53.131082389884135,53.131082389884135
5170,c,53.131082389884135,53.131082389884135
5171,c,53.131082389884135,53.131082389884135
5172,c,53.131082389884135,53.131082389884135
5173,c,53.131082389884135,53.131082389884135
5174,c,53.131082389884135,53.131082389884135
5175,c,53.131082389884135,53.131082389884135
5176,c,53.131082389884135,53.131082389884135
5177,c,53.131082389884135,53.131082389884135
5178,c,53.131082389884135,53.131082389884135
5179,c,53.131082389884135,53.131082389884135
5180,c,53.131082389884135,53.131082389884135
5181,c,53.131082389884135,53.131082389884135
5182,c,15.478914672047502,23.941008785766485
5183,c,53.131082389884135,53.131082389884135
5184,c,53.131082389884135,53.131082389884135
5185,c,53.131082389884135,53.131082389884135
5186,c,53.131082389884135,53.131082389884135
5187,c,53.131082389884135,53.131082389884135
5188,c,53.131082389884135,53.131082389884135
5189,c,53.131082389884135,53.131082389884135
5190,c,53.131082389884135,53.131082389884135
5191,t,53.131082389884135,53.131082389884135
5192,t,53.131082389884135,53.131082389884135
5193,t,53.131082389884135,53.131082389884135
5194,t,53.131082389884135,53.131082389884135
5195,c,11.659485523890018,14.986789816004173
5196,na,-1,0
5197,c,53.131082389884135,53.131082389884135
5198,c,53.131082389884135,53.131082389884135
5199,c,4.754774508289379,19.137121172872096
5200,c,5.700167017140826,6.403188175073578
5201,c,53.131082389884135,53.131082389884135
5202,c,53.131082389884135,53.131082389884135
5203,c,53.131082389884135,53.131082389884135
5204,c,53.131082389884135,53.131082389884135
5205,na,0,0.6814129593885004
5206,c,53.131082389884135,53.131082389884135
5207,t,53.131082389884135,53.131082389884135
5208,c,53.131082389884135,53.131082389884135
5209,c,53.131082389884135,53.131082389884135
5210,c,53.131082389884135,53.131082389884135
5211,t,53.131082389884135,53.131082389884135
5212,c,53.131082389884135,53.131082389884135
5213,c,6.241908347789084,10.681890884155012
5214,c,53.131082389884135,53.131082389884135
5215,c,53.131082389884135,53.131082389884135
5216,t,53.131082389884135,53.131082389884135
5217,na,-1,0
5218,c,53.131082389884135,53.131082389884135
5219,c,53.131082389884135,53.131082389884135
5220,c,53.131082389884135,53.131082389884135
5221,c,53.131082389884135,53.131082389884135
5222,c,53.131082389884135,53.131082389884135
5223,c,53.131082389884135,53.131082389884135
5224,c,53.131082389884135,53.131082389884135
5225,t,53.131082389884135,53.131082389884135
5226,c,53.131082389884135,53.131082389884135
5227,c,2.2211009931796837,11.972031962479
5228,t,53.131082389884135,53.131082389884135
5229,c,53.131082389884135,53.131082389884135
5230,t,53.131082389884135,53.131082389884135
5231,c,53.131082389884135,53.131082389884135
5232,t,53.131082389884135,53.131082389884135
5233,c,53.131082389884135,53.131082389884135
5234,c,53.131082389884135,53.131082389884135
5235,c,53.131082389884135,53.131082389884135
5236,t,53.131082389884135,53.131082389884135
5237,c,53.131082389884135,53.131082389884135
5238,c,20.24713979419892,30.15882612044619
5239,c,53.131082389884135,53.131082389884135
5240,t,53.131082389884135,53.131082389884135
5241,c,53.131082389884135,53.131082389884135
5242,c,53.131082389884135,53.131082389884135
5243,c,53.131082389884135,53.131082389884135
5244,c,53.131082389884135,53.131082389884135
5245,t,53.131082389884135,53.131082389884135
5246,t,53.131082389884135,53.131082389884135
5247,c,53.131082389884135,53.131082389884135
5248,c,53.131082389884135,53.131082389884135
5249,c,53.131082389884135,53.131082389884135
5250,c,53.131082389884135,53.131082389884135
5251,c,53.131082389884135,53.131082389884135
5252,c,53.131082389884135,53.131082389884135
5253,c,53.131082389884135,53.131082389884135
5254,c,53.131082389884135,53.131082389884135
5255,c,53.131082389884135,53.131082389884135
5256,c,53.131082389884135,53.131082389884135
5257,c,17.86849141850054,20.14971173010751
5258,c,53.131082389884135,53.131082389884135
5259,c,53.131082389884135,53.131082389884135
5260,t,53.131082389884135,53.131082389884135
5261,t,53.131082389884135,53.131082389884135
5262,c,53.131082389884135,53.131082389884135
5263,c,24.25518378299387,31.34410270773143
5264,c,53.131082389884135,53.131082389884135
5265,c,53.131082389884135,53.131082389884135
5266,c,53.131082389884135,53.131082389884135
5267,c,6.248871565201746,7.154588432821874
5268,t,53.131082389884135,53.131082389884135
5269,c,53.131082389884135,53.131082389884135
5270,c,53.131082389884135,53.131082389884135
5271,c,53.131082389884135,53.131082389884135
5272,t,53.131082389884135,53.131082389884135
5273,na,1.3150906680930274,1.8494896471400875
5274,t,53.131082389884135,53.131082389884135
5275,c,53.131082389884135,53.131082389884135
5276,c,53.131082389884135,53.131082389884135
5277,c,53.131082389884135,53.131082389884135
5278,c,53.131082389884135,53.131082389884135
5279,c,53.131082389884135,53.131082389884135
5280,na,53.131082389884135,53.131082389884135
5281,c,53.131082389884135,53.131082389884135
5282,c,53.131082389884135,53.131082389884135
5283,c,53.131082389884135,53.131082389884135
5284,c,53.131082389884135,53.131082389884135
5285,c,53.131082389884135,53.131082389884135
5286,c,53.131082389884135,53.131082389884135
5287,c,53.131082389884135,53.131082389884135
5288,c,53.131082389884135,53.131082389884135
5289,t,53.131082389884135,53.131082389884135
5290,c,53.131082389884135,53.131082389884135
5291,c,53.131082389884135,53.131082389884135
5292,c,53.131082389884135,53.131082389884135
5293,c,53.131082389884135,53.131082389884135
5294,t,53.131082389884135,53.131082389884135
5295,c,53.131082389884135,53.131082389884135
5296,c,53.131082389884135,53.131082389884135
5297,c,53.131082389884135,53.131082389884135
5298,c,53.131082389884135,53.131082389884135
5299,c,53.131082389884135,53.131082389884135
5300,t,53.131082389884135,53.131082389884135
5301,c,53.131082389884135,53.131082389884135
5302,c,53.131082389884135,53.131082389884135
5303,c,53.131082389884135,53.131082389884135
5304,c,53.131082389884135,53.131082389884135
5305,c,53.131082389884135,53.131082389884135
5306,c,53.131082389884135,53.131082389884135
5307,c,53.131082389884135,53.131082389884135
5308,c,53.131082389884135,53.131082389884135
5309,t,53.131082389884135,53.131082389884135
5310,t,53.131082389884135,53.131082389884135
5311,c,11.622574365923834,12.299915837951795
5312,c,53.131082389884135,53.131082389884135
5313,c,53.131082389884135,53.131082389884135
5314,c,19.077357348570356,24.10558422160426
5315,t,53.131082389884135,53.131082389884135
5316,c,53.131082389884135,53.131082389884135
5317,c,53.131082389884135,53.131082389884135
5318,c,53.131082389884135,53.131082389884135
5319,c,53.131082389884135,53.131082389884135
5320,t,53.131082389884135,53.131082389884135
5321,c,53.131082389884135,53.131082389884135
5322,c,53.131082389884135,53.131082389884135
5323,c,53.131082389884135,53.131082389884135
5324,c,53.131082389884135,53.131082389884135
5325,c,53.131082389884135,53.131082389884135
5326,c,53.131082389884135,53.131082389884135
5327,c,53.131082389884135,53.131082389884135
5328,c,53.131082389884135,53.131082389884135
5329,c,53.131082389884135,53.131082389884135
5330,t,53.131082389884135,53.131082389884135
5331,c,53.131082389884135,53.131082389884135
5332,c,53.131082389884135,53.131082389884135
5333,c,53.131082389884135,53.131082389884135
5334,c,53.131082389884135,53.131082389884135
5335,t,53.131082389884135,53.131082389884135
5336,c,53.131082389884135,53.131082389884135
5337,c,53.131082389884135,53.131082389884135
5338,c,53.131082389884135,53.131082389884135
5339,t,53.131082389884135,53.131082389884135
5340,c,53.131082389884135,53.131082389884135
5341,t,53.131082389884135,53.131082389884135
5342,c,53.131082389884135,53.131082389884135
5343,t,53.131082389884135,53.131082389884135
5344,c,53.131082389884135,53.131082389884135
5345,t,53.131082389884135,53.131082389884135
5346,t,53.131082389884135,53.131082389884135
5347,c,53.131082389884135,53.131082389884135
5348,c,53.131082389884135,53.131082389884135
5349,c,53.131082389884135,53.131082389884135
5350,t,53.131082389884135,53.131082389884135
5351,c,53.131082389884135,53.131082389884135
5352,c,53.131082389884135,53.131082389884135
5353,c,53.131082389884135,53.131082389884135
5354,c,53.131082389884135,53.131082389884135
5355,c,53.131082389884135,53.131082389884135
5356,c,53.131082389884135,53.131082389884135
5357,t,53.131082389884135,53.131082389884135
5358,c,53.131082389884135,53.131082389884135
5359,t,53.131082389884135,53.131082389884135
5360,c,53.131082389884135,53.131082389884135
5361,c,53.131082389884135,53.131082389884135
5362,na,0,0.24725149382086
5363,c,53.131082389884135,53.131082389884135
5364,c,53.131082389884135,53.131082389884135
5365,c,53.131082389884135,53.131082389884135
5366,c,53.131082389884135,53.131082389884135
5367,t,53.131082389884135,53.131082389884135
5368,c,53.131082389884135,53.131082389884135
5369,t,53.131082389884135,53.131082389884135
5370,c,53.131082389884135,53.131082389884135
5371,c,53.131082389884135,53.131082389884135
5372,c,53.131082389884135,53.131082389884135
5373,na,6.114119758163778,11.966816188115688
5374,c,53.131082389884135,53.131082389884135
5375,c,53.131082389884135,53.131082389884135
5376,c,53.131082389884135,53.131082389884135
5377,t,53.131082389884135,53.131082389884135
5378,c,4.278724498056123,8.313577402441705
5379,c,53.131082389884135,53.131082389884135
5380,c,53.131082389884135,53.131082389884135
5381,c,53.131082389884135,53.131082389884135
5382,c,53.131082389884135,53.131082389884135
5383,c,53.131082389884135,53.131082389884135
5384,c,53.131082389884135,53.131082389884135
5385,c,53.131082389884135,53.131082389884135
5386,c,53.131082389884135,53.131082389884135
5387,c,8.292165085248605,53.131082389884135
5388,t,53.131082389884135,53.131082389884135
5389,c,53.131082389884135,53.131082389884135
5390,t,53.131082389884135,53.131082389884135
5391,c,53.131082389884135,53.131082389884135
5392,t,53.131082389884135,53.131082389884135
5393,c,53.131082389884135,53.131082389884135
5394,c,53.131082389884135,53.131082389884135
5395,c,53.131082389884135,53.131082389884135
5396,c,53.131082389884135,53.131082389884135
5397,c,53.131082389884135,53.131082389884135
5398,na,17.135826898280428,30.63122493602555
5399,t,53.131082389884135,53.131082389884135
5400,c,53.131082389884135,53.131082389884135
5401,c,53.131082389884135,53.131082389884135
5402,c,53.131082389884135,53.131082389884135
5403,c,53.131082389884135,53.131082389884135
5404,c,53.131082389884135,53.131082389884135
5405,c,53.131082389884135,53.131082389884135
5406,c,53.131082389884135,53.131082389884135
5407,c,53.131082389884135,53.131082389884135
5408,c,53.131082389884135,53.131082389884135
5409,c,53.131082389884135,53.131082389884135
5410,c,53.131082389884135,53.131082389884135
5411,c,53.131082389884135,53.131082389884135
5412,c,53.131082389884135,53.131082389884135
5413,c,53.131082389884135,53.131082389884135
5414,c,53.131082389884135,53.131082389884135
5415,c,53.131082389884135,53.131082389884135
5416,t,53.131082389884135,53.131082389884135
5417,c,53.131082389884135,53.131082389884135
5418,t,53.131082389884135,53.131082389884135
5419,c,53.131082389884135,53.131082389884135
5420,c,53.131082389884135,53.131082389884135
5421,c,53.131082389884135,53.131082389884135
5422,c,53.131082389884135,53.131082389884135
5423,c,53.131082389884135,53.131082389884135
5424,t,53.131082389884135,53.131082389884135
5425,c,53.131082389884135,53.131082389884135
5426,t,53.131082389884135,53.131082389884135
5427,c,53.131082389884135,53.131082389884135
5428,t,53.131082389884135,53.131082389884135
5429,c,53.131082389884135,53.131082389884135
5430,t,53.131082389884135,53.131082389884135
5431,c,53.131082389884135,53.131082389884135
5432,c,53.131082389884135,53.131082389884135
5433,c,53.131082389884135,53.131082389884135
5434,c,53.131082389884135,53.131082389884135
5435,c,53.131082389884135,53.131082389884135
5436,c,53.131082389884135,53.131082389884135
5437,c,53.131082389884135,53.131082389884135
5438,t,53.131082389884135,53.131082389884135
5439,c,53.131082389884135,53.131082389884135
5440,c,53.131082389884135,53.131082389884135
5441,c,53.131082389884135,53.131082389884135
5442,c,53.131082389884135,53.131082389884135
5443,c,53.131082389884135,53.131082389884135
5444,c,53.131082389884135,53.131082389884135
5445,c,53.131082389884135,53.131082389884135
5446,c,53.131082389884135,53.131082389884135
5447,c,53.131082389884135,53.131082389884135
5448,t,53.131082389884135,53.131082389884135
5449,c,53.131082389884135,53.131082389884135
5450,c,53.131082389884135,53.131082389884135
5451,c,53.131082389884135,53.131082389884135
5452,t,53.131082389884135,53.131082389884135
5453,t,53.131082389884135,53.131082389884135
5454,c,53.131082389884135,53.131082389884135
5455,c,53.131082389884135,53.131082389884135
5456,c,53.131082389884135,53.131082389884135
5457,c,53.131082389884135,53.131082389884135
5458,c,53.131082389884135,53.131082389884135
5459,c,53.131082389884135,53.131082389884135
5460,c,53.131082389884135,53.131082389884135
5461,c,53.131082389884135,53.131082389884135
5462,t,53.131082389884135,53.131082389884135
5463,c,53.131082389884135,53.131082389884135
5464,c,53.131082389884135,53.131082389884135
5465,c,53.131082389884135,53.131082389884135
5466,c,53.131082389884135,53.131082389884135
5467,c,53.131082389884135,53.131082389884135
5468,t,53.131082389884135,53.131082389884135
5469,c,53.131082389884135,53.131082389884135
5470,c,53.131082389884135,53.131082389884135
5471,c,53.131082389884135,53.131082389884135
5472,c,53.131082389884135,53.131082389884135
5473,t,53.131082389884135,53.131082389884135
5474,c,53.131082389884135,53.131082389884135
5475,c,53.131082389884135,53.131082389884135
5476,c,53.131082389884135,53.131082389884135
5477,c,53.131082389884135,53.131082389884135
5478,c,53.131082389884135,53.131082389884135
5479,c,53.131082389884135,53.131082389884135
5480,c,53.131082389884135,53.131082389884135
5481,c,53.131082389884135,53.131082389884135
5482,c,53.131082389884135,53.131082389884135
5483,t,53.131082389884135,53.131082389884135
5484,c,53.131082389884135,53.131082389884135
5485,c,53.131082389884135,53.131082389884135
5486,c,53.131082389884135,53.131082389884135
5487,c,53.131082389884135,53.131082389884135
5488,c,53.131082389884135,53.131082389884135
5489,c,53.131082389884135,53.131082389884135
5490,c,53.131082389884135,53.131082389884135
5491,c,53.131082389884135,53.131082389884135
5492,t,53.131082389884135,53.131082389884135
5493,c,53.131082389884135,53.131082389884135
5494,c,21.46875648425468,23.699526618009866
5495,t,53.131082389884135,53.131082389884135
5496,c,53.131082389884135,53.131082389884135
5497,t,53.131082389884135,53.131082389884135
5498,c,53.131082389884135,53.131082389884135
5499,c,53.131082389884135,53.131082389884135
5500,t,53.131082389884135,53.131082389884135
5501,c,53.131082389884135,53.131082389884135
5502,c,53.131082389884135,53.131082389884135
5503,t,53.131082389884135,53.131082389884135
5504,t,53.131082389884135,53.131082389884135
5505,c,53.131082389884135,53.131082389884135
5506,c,53.131082389884135,53.131082389884135
5507,c,53.131082389884135,53.131082389884135
5508,c,53.131082389884135,53.131082389884135
5509,c,53.131082389884135,53.131082389884135
5510,c,53.131082389884135,53.131082389884135
5511,c,53.131082389884135,53.131082389884135
5512,c,53.131082389884135,53.131082389884135
5513,c,53.131082389884135,53.131082389884135
5514,c,53.131082389884135,53.131082389884135
5515,c,53.131082389884135,53.131082389884135
5516,c,53.131082389884135,53.131082389884135
5517,c,53.131082389884135,53.131082389884135
5518,c,53.131082389884135,53.131082389884135
5519,c,53.131082389884135,53.131082389884135
5520,c,53.131082389884135,53.131082389884135
5521,c,53.131082389884135,53.131082389884135
5522,c,53.131082389884135,53.131082389884135
5523,c,53.131082389884135,53.131082389884135
5524,c,53.131082389884135,53.131082389884135
5525,t,53.131082389884135,53.131082389884135
5526,c,13.80111973066466,26.31801061713884
5527,t,53.131082389884135,53.131082389884135
5528,c,53.131082389884135,53.131082389884135
5529,na,-1,0
5530,c,53.131082389884135,53.131082389884135
5531,c,53.131082389884135,53.131082389884135
5532,c,53.131082389884135,53.131082389884135
5533,c,53.131082389884135,53.131082389884135
5534,c,53.131082389884135,53.131082389884135
5535,t,53.131082389884135,53.131082389884135
5536,c,53.131082389884135,53.131082389884135
5537,c,53.131082389884135,53.131082389884135
5538,c,2.617661243123751,10.131906629762264
5539,c,53.131082389884135,53.131082389884135
5540,c,53.131082389884135,53.131082389884135
5541,c,53.131082389884135,53.131082389884135
5542,t,53.131082389884135,53.131082389884135
5543,c,53.131082389884135,53.131082389884135
5544,t,53.131082389884135,53.131082389884135
5545,t,53.131082389884135,53.131082389884135
5546,c,53.131082389884135,53.131082389884135
5547,c,53.131082389884135,53.131082389884135
5548,t,53.131082389884135,53.131082389884135
5549,c,53.131082389884135,53.131082389884135
5550,c,53.131082389884135,53.131082389884135
5551,c,53.131082389884135,53.131082389884135
5552,t,53.131082389884135,53.131082389884135
5553,t,53.131082389884135,53.131082389884135
5554,c,53.131082389884135,53.131082389884135
5555,c,53.131082389884135,53.131082389884135
5556,c,53.131082389884135,53.131082389884135
5557,c,8.368265622508344,14.634573903518822
5558,c,53.131082389884135,53.131082389884135
5559,c,53.131082389884135,53.131082389884135
5560,c,53.131082389884135,53.131082389884135
5561,c,53.131082389884135,53.131082389884135
5562,t,53.131082389884135,53.131082389884135
5563,c,53.131082389884135,53.131082389884135
5564,na,6.2156706519100196,13.231988685262229
5565,c,53.131082389884135,53.131082389884135
5566,c,53.131082389884135,53.131082389884135
5567,t,53.131082389884135,53.131082389884135
5568,c,53.131082389884135,53.131082389884135
5569,c,53.131082389884135,53.131082389884135
5570,c,53.131082389884135,53.131082389884135
5571,t,53.131082389884135,53.131082389884135
5572,t,53.131082389884135,53.131082389884135
5573,c,53.131082389884135,53.131082389884135
5574,t,53.131082389884135,53.131082389884135
5575,c,9.78935016837978,10.565534790461083
5576,c,53.131082389884135,53.131082389884135
5577,c,53.131082389884135,53.131082389884135
5578,c,53.131082389884135,53.131082389884135
5579,c,53.131082389884135,53.131082389884135
5580,t,53.131082389884135,53.131082389884135
5581,c,53.131082389884135,53.131082389884135
5582,c,53.131082389884135,53.131082389884135
5583,c,53.131082389884135,53.131082389884135
5584,t,53.131082389884135,53.131082389884135
5585,c,53.131082389884135,53.131082389884135
5586,c,53.131082389884135,53.131082389884135
5587,t,53.131082389884135,53.131082389884135
5588,c,2.0954054174926147,2.1954967640786895
5589,t,53.131082389884135,53.131082389884135
5590,t,53.131082389884135,53.131082389884135
5591,c,53.131082389884135,53.131082389884135
5592,c,53.131082389884135,53.131082389884135
5593,t,53.131082389884135,53.131082389884135
5594,c,53.131082389884135,53.131082389884135
5595,na,53.131082389884135,53.131082389884135
5596,c,53.131082389884135,53.131082389884135
5597,t,53.131082389884135,53.131082389884135
5598,c,53.131082389884135,53.131082389884135
5599,t,53.131082389884135,53.131082389884135
5600,c,53.131082389884135,53.131082389884135
5601,c,53.131082389884135,53.131082389884135
5602,t,53.131082389884135,53.131082389884135
5603,c,53.131082389884135,53.131082389884135
5604,t,53.131082389884135,53.131082389884135
5605,c,53.131082389884135,53.131082389884135
5606,c,53.131082389884135,53.131082389884135
5607,c,53.131082389884135,53.131082389884135
5608,c,53.131082389884135,53.131082389884135
5609,c,53.131082389884135,53.131082389884135
5610,c,53.131082389884135,53.131082389884135
5611,c,53.131082389884135,53.131082389884135
5612,c,53.131082389884135,53.131082389884135
5613,c,53.131082389884135,53.131082389884135
5614,c,9.504935317143357,53.131082389884135
5615,c,53.131082389884135,53.131082389884135
5616,c,6.86523828131476,9.169367742948777
5617,c,53.131082389884135,53.131082389884135
5618,c,53.131082389884135,53.131082389884135
5619,c,53.131082389884135,53.131082389884135
5620,c,53.131082389884135,53.131082389884135
5621,c,6.827372565033464,10.919015142554297
5622,t,53.131082389884135,53.131082389884135
5623,c,53.131082389884135,53.131082389884135
5624,c,53.131082389884135,53.131082389884135
5625,t,53.131082389884135,53.131082389884135
5626,c,53.131082389884135,53.131082389884135
5627,t,53.131082389884135,53.131082389884135
5628,c,53.131082389884135,53.131082389884135
5629,c,53.131082389884135,53.131082389884135
5630,t,53.131082389884135,53.131082389884135
5631,c,53.131082389884135,53.131082389884135
5632,c,53.131082389884135,53.131082389884135
5633,c,53.131082389884135,53.131082389884135
5634,c,19.73324750235901,25.695857932548687
5635,c,53.131082389884135,53.131082389884135
5636,c,53.131082389884135,53.131082389884135
5637,c,53.131082389884135,53.131082389884135
5638,c,53.131082389884135,53.131082389884135
5639,c,53.131082389884135,53.131082389884135
5640,c,53.131082389884135,53.131082389884135
5641,c,53.131082389884135,53.131082389884135
5642,c,53.131082389884135,53.131082389884135
5643,t,53.131082389884135,53.131082389884135
5644,c,53.131082389884135,53.131082389884135
5645,c,53.131082389884135,53.131082389884135
5646,c,15.088137495427674,23.418146349377544
5647,c,53.131082389884135,53.131082389884135
5648,c,53.131082389884135,53.131082389884135
5649,c,53.131082389884135,53.131082389884135
5650,c,53.131082389884135,53.131082389884135
5651,t,53.131082389884135,53.131082389884135
5652,c,53.131082389884135,53.131082389884135
5653,c,53.131082389884135,53.131082389884135
5654,c,53.131082389884135,53.131082389884135
5655,c,53.131082389884135,53.131082389884135
5656,c,8.848230751697328,8.890301859627805
5657,c,53.131082389884135,53.131082389884135
5658,c,53.131082389884135,53.131082389884135
5659,c,53.131082389884135,53.131082389884135
5660,t,53.131082389884135,53.131082389884135
5661,c,53.131082389884135,53.131082389884135
5662,t,53.131082389884135,53.131082389884135
5663,c,53.131082389884135,53.131082389884135
5664,t,53.131082389884135,53.131082389884135
5665,t,53.131082389884135,53.131082389884135
5666,c,53.131082389884135,53.131082389884135
5667,c,53.131082389884135,53.131082389884135
5668,c,53.131082389884135,53.131082389884135
5669,t,53.131082389884135,53.131082389884135
5670,t,53.131082389884135,53.131082389884135
5671,c,53.131082389884135,53.131082389884135
5672,c,53.131082389884135,53.131082389884135
5673,t,53.131082389884135,53.131082389884135
5674,c,53.131082389884135,53.131082389884135
5675,c,53.131082389884135,53.131082389884135
5676,c,53.131082389884135,53.131082389884135
5677,t,53.131082389884135,53.131082389884135
5678,t,53.131082389884135,53.131082389884135
5679,c,53.131082389884135,53.131082389884135
5680,t,53.131082389884135,53.131082389884135
5681,t,53.131082389884135,53.131082389884135
5682,c,53.131082389884135,53.131082389884135
5683,c,53.131082389884135,53.131082389884135
5684,c,53.131082389884135,53.131082389884135
5685,c,53.131082389884135,53.131082389884135
5686,c,53.131082389884135,53.131082389884135
5687,c,53.131082389884135,53.131082389884135
5688,c,11.635378350815996,53.131082389884135
5689,t,53.131082389884135,53.131082389884135
5690,c,53.131082389884135,53.131082389884135
5691,t,53.131082389884135,53.131082389884135
5692,c,53.131082389884135,53.131082389884135
5693,c,53.131082389884135,53.131082389884135
5694,c,53.131082389884135,53.131082389884135
5695,c,9.925592601038764,19.305246942640895
5696,c,53.131082389884135,53.131082389884135
5697,c,53.131082389884135,53.131082389884135
5698,c,53.131082389884135,53.131082389884135
5699,t,53.131082389884135,53.131082389884135
5700,c,53.131082389884135,53.131082389884135
5701,t,53.131082389884135,53.131082389884135
5702,c,53.131082389884135,53.131082389884135
5703,c,53.131082389884135,53.131082389884135
5704,c,53.131082389884135,53.131082389884135
5705,na,-1,0
5706,c,53.131082389884135,53.131082389884135
5707,c,53.131082389884135,53.131082389884135
5708,c,53.131082389884135,53.131082389884135
5709,t,53.131082389884135,53.131082389884135
5710,c,53.131082389884135,53.131082389884135
5711,c,53.131082389884135,53.131082389884135
5712,t,53.131082389884135,53.131082389884135
5713,c,53.131082389884135,53.131082389884135
5714,c,53.131082389884135,53.131082389884135
5715,c,53.131082389884135,53.131082389884135
5716,c,53.131082389884135,53.131082389884135
5717,t,53.131082389884135,53.131082389884135
5718,t,53.131082389884135,53.131082389884135
5719,c,53.131082389884135,53.131082389884135
5720,c,53.131082389884135,53.131082389884135
5721,c,53.131082389884135,53.131082389884135
5722,c,53.131082389884135,53.131082389884135
5723,t,53.131082389884135,53.131082389884135
5724,c,14.01962749654086,16.82810912977079
5725,c,53.131082389884135,53.131082389884135
5726,c,53.131082389884135,53.131082389884135
5727,c,53.131082389884135,53.131082389884135
5728,c,53.131082389884135,53.131082389884135
5729,t,53.131082389884135,53.131082389884135
5730,c,53.131082389884135,53.131082389884135
5731,t,53.131082389884135,53.131082389884135
5732,c,53.131082389884135,53.131082389884135
5733,na,1.8096216638494607,4.814712624716865
5734,t,53.131082389884135,53.131082389884135
5735,c,53.131082389884135,53.131082389884135
5736,c,53.131082389884135,53.131082389884135
5737,c,53.131082389884135,53.131082389884135
5738,c,24.019330540818682,34.92321912145924
5739,c,53.131082389884135,53.131082389884135
5740,c,53.131082389884135,53.131082389884135
5741,c,53.131082389884135,53.131082389884135
5742,c,53.131082389884135,53.131082389884135
5743,c,53.131082389884135,53.131082389884135
5744,c,53.131082389884135,53.131082389884135
5745,c,13.715101683238405,26.809206842784103
5746,c,53.131082389884135,53.131082389884135
5747,c,53.131082389884135,53.131082389884135
5748,c,53.131082389884135,53.131082389884135
5749,na,14.546423604888334,53.131082389884135
5750,c,53.131082389884135,53.131082389884135
5751,c,53.131082389884135,53.131082389884135
5752,t,53.131082389884135,53.131082389884135
5753,c,53.131082389884135,53.131082389884135
5754,t,53.131082389884135,53.131082389884135
5755,t,53.131082389884135,53.131082389884135
5756,c,53.131082389884135,53.131082389884135
5757,c,53.131082389884135,53.131082389884135
5758,t,53.131082389884135,53.131082389884135
5759,c,53.131082389884135,53.131082389884135
5760,c,53.131082389884135,53.131082389884135
5761,c,53.131082389884135,53.131082389884135
5762,c,53.131082389884135,53.131082389884135
5763,c,53.131082389884135,53.131082389884135
5764,c,3.563380737091575,3.967407880290209
5765,c,53.131082389884135,53.131082389884135
5766,c,53.131082389884135,53.131082389884135
5767,c,53.131082389884135,53.131082389884135
5768,c,53.131082389884135,53.131082389884135
5769,c,53.131082389884135,53.131082389884135
5770,c,53.131082389884135,53.131082389884135
5771,c,53.131082389884135,53.131082389884135
5772,c,53.131082389884135,53.131082389884135
5773,c,53.131082389884135,53.131082389884135
5774,c,53.131082389884135,53.131082389884135
5775,t,53.131082389884135,53.131082389884135
5776,c,53.131082389884135,53.131082389884135
5777,t,53.131082389884135,53.131082389884135
5778,c,53.131082389884135,53.131082389884135
5779,c,53.131082389884135,53.131082389884135
5780,t,53.131082389884135,53.131082389884135
5781,na,2.9736886073081124,8.753606494414784
5782,c,53.131082389884135,53.131082389884135
5783,c,53.131082389884135,53.131082389884135
5784,c,53.131082389884135,53.131082389884135
5785,c,53.131082389884135,53.131082389884135
5786,t,53.131082389884135,53.131082389884135
5787,c,53.131082389884135,53.131082389884135
5788,c,53.131082389884135,53.131082389884135
5789,c,53.131082389884135,53.131082389884135
5790,c,22.50436346389223,31.694148639283494
5791,c,53.131082389884135,53.131082389884135
5792,c,53.131082389884135,53.131082389884135
5793,c,53.131082389884135,53.131082389884135
5794,c,53.131082389884135,53.131082389884135
5795,c,53.131082389884135,53.131082389884135
5796,t,53.131082389884135,53.131082389884135
5797,t,53.131082389884135,53.131082389884135
5798,c,53.131082389884135,53.131082389884135
5799,t,53.131082389884135,53.131082389884135
5800,c,53.131082389884135,53.131082389884135
5801,c,53.131082389884135,53.131082389884135
5802,c,53.131082389884135,53.131082389884135
5803,c,53.131082389884135,53.131082389884135
5804,c,53.131082389884135,53.131082389884135
5805,c,53.131082389884135,53.131082389884135
5806,c,53.131082389884135,53.131082389884135
5807,t,53.131082389884135,53.131082389884135
5808,c,53.131082389884135,53.131082389884135
5809,c,53.131082389884135,53.131082389884135
5810,c,53.131082389884135,53.131082389884135
5811,c,53.131082389884135,53.131082389884135
5812,c,53.131082389884135,53.131082389884135
5813,c,53.131082389884135,53.131082389884135
5814,c,53.131082389884135,53.131082389884135
5815,t,53.131082389884135,53.131082389884135
5816,c,15.452388268441778,26.525440171564394
5817,c,53.131082389884135,53.131082389884135
5818,c,53.131082389884135,53.131082389884135
5819,c,13.53564436525058,13.650208524319726
5820,c,53.131082389884135,53.131082389884135
5821,c,53.131082389884135,53.131082389884135
5822,t,53.131082389884135,53.131082389884135
5823,c,53.131082389884135,53.131082389884135
5824,t,53.131082389884135,53.131082389884135
5825,c,53.131082389884135,53.131082389884135
5826,c,53.131082389884135,53.131082389884135
5827,c,53.131082389884135,53.131082389884135
5828,c,53.131082389884135,53.131082389884135
5829,c,53.131082389884135,53.131082389884135
5830,c,53.131082389884135,53.131082389884135
5831,c,53.131082389884135,53.131082389884135
5832,c,53.131082389884135,53.131082389884135
5833,c,53.131082389884135,53.131082389884135
5834,c,53.131082389884135,53.131082389884135
5835,c,53.131082389884135,53.131082389884135
5836,c,53.131082389884135,53.131082389884135
5837,c,53.131082389884135,53.131082389884135
5838,c,53.131082389884135,53.131082389884135
5839,na,3.5954006248461714,53.131082389884135
5840,t,53.131082389884135,53.131082389884135
5841,c,53.131082389884135,53.131082389884135
5842,c,53.131082389884135,53.131082389884135
5843,c,53.131082389884135,53.131082389884135
5844,t,53.131082389884135,53.131082389884135
5845,c,53.131082389884135,53.131082389884135
5846,c,53.131082389884135,53.131082389884135
5847,c,53.131082389884135,53.131082389884135
5848,t,53.131082389884135,53.131082389884135
5849,c,53.131082389884135,53.131082389884135
5850,t,53.131082389884135,53.131082389884135
5851,c,53.131082389884135,53.131082389884135
5852,c,53.131082389884135,53.131082389884135
5853,c,53.131082389884135,53.131082389884135
5854,c,53.131082389884135,53.131082389884135
5855,c,53.131082389884135,53.131082389884135
5856,c,53.131082389884135,53.131082389884135
5857,t,53.131082389884135,53.131082389884135
5858,c,53.131082389884135,53.131082389884135
5859,c,53.131082389884135,53.131082389884135
5860,na,3.831857110337713,53.131082389884135
5861,c,53.131082389884135,53.131082389884135
5862,t,53.131082389884135,53.131082389884135
5863,c,53.131082389884135,53.131082389884135
5864,c,53.131082389884135,53.131082389884135
5865,t,53.131082389884135,53.131082389884135
5866,t,53.131082389884135,53.131082389884135
5867,c,53.131082389884135,53.131082389884135
5868,c,53.131082389884135,53.131082389884135
5869,c,53.131082389884135,53.131082389884135
5870,c,53.131082389884135,53.131082389884135
5871,c,53.131082389884135,53.131082389884135
5872,c,53.131082389884135,53.131082389884135
5873,c,2.594654476442744,10.851439777443721
5874,t,53.131082389884135,53.131082389884135
5875,c,53.131082389884135,53.131082389884135
5876,c,53.131082389884135,53.131082389884135
5877,c,53.131082389884135,53.131082389884135
5878,c,53.131082389884135,53.131082389884135
5879,c,53.131082389884135,53.131082389884135
5880,c,53.131082389884135,53.131082389884135
5881,c,53.131082389884135,53.131082389884135
5882,c,10.293225605244816,12.200908842167348
5883,c,5.919503334090511,6.655319715119912
5884,c,53.131082389884135,53.131082389884135
5885,c,53.131082389884135,53.131082389884135
5886,c,13.264073982957397,17.623927378801962
5887,c,53.131082389884135,53.131082389884135
5888,c,53.131082389884135,53.131082389884135
5889,c,53.131082389884135,53.131082389884135
5890,c,53.131082389884135,53.131082389884135
5891,c,53.131082389884135,53.131082389884135
5892,t,53.131082389884135,53.131082389884135
5893,c,53.131082389884135,53.131082389884135
5894,c,53.131082389884135,53.131082389884135
5895,c,53.131082389884135,53.131082389884135
5896,c,53.131082389884135,53.131082389884135
5897,c,53.131082389884135,53.131082389884135
5898,c,53.131082389884135,53.131082389884135
5899,c,53.131082389884135,53.131082389884135
5900,c,27.892024211241683,34.047223431494615
5901,c,53.131082389884135,53.131082389884135
5902,c,19.10427541926265,36.76435776707546
5903,c,53.131082389884135,53.131082389884135
5904,na,6.090954698638137,9.173348304808592
5905,t,53.131082389884135,53.131082389884135
5906,c,12.169500863095406,22.940437916418983
5907,c,53.131082389884135,53.131082389884135
5908,c,53.131082389884135,53.131082389884135
5909,t,53.131082389884135,53.131082389884135
5910,c,53.131082389884135,53.131082389884135
5911,c,53.131082389884135,53.131082389884135
5912,c,53.131082389884135,53.131082389884135
5913,c,53.131082389884135,53.131082389884135
5914,c,53.131082389884135,53.131082389884135
5915,c,14.022025534139424,15.261955379475612
5916,c,53.131082389884135,53.131082389884135
5917,c,16.354883125122885,25.923381646506538
5918,c,7.880790336028295,9.989219608880004
5919,t,53.131082389884135,53.131082389884135
5920,t,53.131082389884135,53.131082389884135
5921,t,53.131082389884135,53.131082389884135
5922,c,53.131082389884135,53.131082389884135
5923,c,53.131082389884135,53.131082389884135
5924,c,53.131082389884135,53.131082389884135
5925,c,53.131082389884135,53.131082389884135
5926,c,6.502435361725943,6.778544271275803
5927,c,53.131082389884135,53.131082389884135
5928,c,53.131082389884135,53.131082389884135
5929,c,53.131082389884135,53.131082389884135
5930,c,53.131082389884135,53.131082389884135
5931,t,53.131082389884135,53.131082389884135
5932,c,53.131082389884135,53.131082389884135
5933,c,53.131082389884135,53.131082389884135
5934,c,53.131082389884135,53.131082389884135
5935,na,-1,0
5936,c,53.131082389884135,53.131082389884135
5937,c,53.131082389884135,53.131082389884135
5938,c,53.131082389884135,53.131082389884135
5939,c,53.131082389884135,53.131082389884135
5940,c,23.1979470924783,29.307888690624843
5941,c,53.131082389884135,53.131082389884135
5942,c,53.131082389884135,53.131082389884135
5943,t,53.131082389884135,53.131082389884135
5944,na,7.356565176890047,8.723407296708158
5945,c,53.131082389884135,53.131082389884135
5946,c,53.131082389884135,53.131082389884135
5947,c,53.131082389884135,53.131082389884135
5948,c,53.131082389884135,53.131082389884135
5949,c,9.300011586370506,12.175600640360589
5950,c,53.131082389884135,53.131082389884135
5951,c,53.131082389884135,53.131082389884135
5952,t,53.131082389884135,53.131082389884135
5953,c,53.131082389884135,53.131082389884135
5954,c,10.459505076215883,17.798622699380058
5955,c,10.694602546980828,17.542587683530545
5956,c,53.131082389884135,53.131082389884135
5957,c,53.131082389884135,53.131082389884135
5958,c,53.131082389884135,53.131082389884135
5959,c,53.131082389884135,53.131082389884135
5960,c,53.131082389884135,53.131082389884135
5961,c,53.131082389884135,53.131082389884135
5962,c,53.131082389884135,53.131082389884135
5963,t,53.131082389884135,53.131082389884135
5964,t,53.131082389884135,53.131082389884135
5965,c,53.131082389884135,53.131082389884135
5966,c,53.131082389884135,53.131082389884135
5967,t,53.131082389884135,53.131082389884135
5968,c,53.131082389884135,53.131082389884135
5969,t,53.131082389884135,53.131082389884135
5970,c,53.131082389884135,53.131082389884135
5971,c,11.565824303567988,13.351851113243786
5972,c,53.131082389884135,53.131082389884135
5973,na,0,0.7344369139050162
5974,c,53.131082389884135,53.131082389884135
5975,c,53.131082389884135,53.131082389884135
5976,c,53.131082389884135,53.131082389884135
5977,c,53.131082389884135,53.131082389884135
5978,t,53.131082389884135,53.131082389884135
5979,c,53.131082389884135,53.131082389884135
5980,c,53.131082389884135,53.131082389884135
5981,c,53.131082389884135,53.131082389884135
5982,c,53.131082389884135,53.131082389884135
5983,c,53.131082389884135,53.131082389884135
5984,t,53.131082389884135,53.131082389884135
5985,t,53.131082389884135,53.131082389884135
5986,t,53.131082389884135,53.131082389884135
5987,c,53.131082389884135,53.131082389884135
5988,t,53.131082389884135,53.131082389884135
5989,t,53.131082389884135,53.131082389884135
5990,t,53.131082389884135,53.131082389884135
5991,c,53.131082389884135,53.131082389884135
5992,t,53.131082389884135,53.131082389884135
5993,c,53.131082389884135,53.131082389884135
5994,c,53.131082389884135,53.131082389884135
5995,c,53.131082389884135,53.131082389884135
5996,c,53.131082389884135,53.131082389884135
5997,c,53.131082389884135,53.131082389884135
5998,t,53.131082389884135,53.131082389884135
5999,c,3.869653411730398,5.236661924486796
6000,c,3.7055763581792758,9.791379295285763
6001,t,53.131082389884135,53.131082389884135
6002,c,53.131082389884135,53.131082389884135
6003,c,53.131082389884135,53.131082389884135
6004,c,53.131082389884135,53.131082389884135
6005,c,5.190280379275716,5.89650522508604
6006,c,53.131082389884135,53.131082389884135
6007,c,53.131082389884135,53.131082389884135
6008,c,53.131082389884135,53.131082389884135
6009,c,53.131082389884135,53.131082389884135
6010,c,53.131082389884135,53.131082389884135
6011,c,53.131082389884135,53.131082389884135
6012,c,53.131082389884135,53.131082389884135
6013,c,53.131082389884135,53.131082389884135
6014,t,53.131082389884135,53.131082389884135
6015,c,53.131082389884135,53.131082389884135
6016,c,53.131082389884135,53.131082389884135
6017,c,53.131082389884135,53.131082389884135
6018,c,53.131082389884135,53.131082389884135
6019,t,53.131082389884135,53.131082389884135
6020,c,53.131082389884135,53.131082389884135
6021,c,53.131082389884135,53.131082389884135
6022,c,53.131082389884135,53.131082389884135
6023,c,53.131082389884135,53.131082389884135
6024,c,53.131082389884135,53.131082389884135
6025,c,53.131082389884135,53.131082389884135
6026,c,53.131082389884135,53.131082389884135
6027,c,53.131082389884135,53.131082389884135
6028,c,53.131082389884135,53.131082389884135
6029,c,53.131082389884135,53.131082389884135
6030,c,53.131082389884135,53.131082389884135
6031,c,53.131082389884135,53.131082389884135
6032,t,53.131082389884135,53.131082389884135
6033,t,53.131082389884135,53.131082389884135
6034,c,53.131082389884135,53.131082389884135
6035,c,53.131082389884135,53.131082389884135
6036,c,53.131082389884135,53.131082389884135
6037,c,53.131082389884135,53.131082389884135
6038,c,53.131082389884135,53.131082389884135
6039,c,53.131082389884135,53.131082389884135
6040,t,53.131082389884135,53.131082389884135
6041,c,53.131082389884135,53.131082389884135
6042,c,53.131082389884135,53.131082389884135
6043,c,53.131082389884135,53.131082389884135
6044,c,53.131082389884135,53.131082389884135
6045,c,53.131082389884135,53.131082389884135
6046,c,12.192954042409259,12.924596186722976
6047,c,7.911723093315674,11.60209151366769
6048,c,53.131082389884135,53.131082389884135
6049,t,53.131082389884135,53.131082389884135
6050,c,1.2935993861126482,11.273517309172123
6051,t,53.131082389884135,53.131082389884135
6052,c,53.131082389884135,53.131082389884135
6053,c,53.131082389884135,53.131082389884135
6054,t,53.131082389884135,53.131082389884135
6055,c,53.131082389884135,53.131082389884135
6056,c,53.131082389884135,53.131082389884135
6057,c,53.131082389884135,53.131082389884135
6058,c,53.131082389884135,53.131082389884135
6059,c,53.131082389884135,53.131082389884135
6060,c,5.849966490433421,20.931689226066016
6061,c,53.131082389884135,53.131082389884135
6062,c,53.131082389884135,53.131082389884135
6063,t,53.131082389884135,53.131082389884135
6064,c,53.131082389884135,53.131082389884135
6065,c,53.131082389884135,53.131082389884135
6066,c,53.131082389884135,53.131082389884135
6067,c,53.131082389884135,53.131082389884135
6068,c,53.131082389884135,53.131082389884135
6069,c,53.131082389884135,53.131082389884135
6070,t,53.131082389884135,53.131082389884135
6071,c,53.131082389884135,53.131082389884135
6072,t,53.131082389884135,53.131082389884135
6073,c,53.131082389884135,53.131082389884135
6074,c,53.131082389884135,53.131082389884135
6075,t,53.131082389884135,53.131082389884135
6076,c,53.131082389884135,53.131082389884135
6077,c,8.128972112987517,53.131082389884135
6078,t,53.131082389884135,53.131082389884135
6079,c,53.131082389884135,53.131082389884135
6080,c,53.131082389884135,53.131082389884135
6081,c,53.131082389884135,53.131082389884135
6082,c,53.131082389884135,53.131082389884135
6083,c,33.939435094074675,36.34826589225634
6084,c,53.131082389884135,53.131082389884135
6085,c,53.131082389884135,53.131082389884135
6086,c,53.131082389884135,53.131082389884135
6087,c,53.131082389884135,53.131082389884135
6088,t,53.131082389884135,53.131082389884135
6089,c,53.131082389884135,53.131082389884135
6090,c,53.131082389884135,53.131082389884135
6091,c,53.131082389884135,53.131082389884135
6092,c,53.131082389884135,53.131082389884135
6093,c,53.131082389884135,53.131082389884135
6094,c,53.131082389884135,53.131082389884135
6095,c,53.131082389884135,53.131082389884135
6096,c,53.131082389884135,53.131082389884135
6097,t,53.131082389884135,53.131082389884135
6098,c,14.244587162797437,17.007208874229654
6099,c,53.131082389884135,53.131082389884135
6100,c,53.131082389884135,53.131082389884135
6101,c,53.131082389884135,53.131082389884135
6102,c,53.131082389884135,53.131082389884135
6103,c,53.131082389884135,53.131082389884135
6104,c,8.831417944590292,16.946922366262072
6105,c,53.131082389884135,53.131082389884135
6106,c,53.131082389884135,53.131082389884135
6107,t,53.131082389884135,53.131082389884135
6108,c,16.24520916927069,27.649760895871943
6109,c,53.131082389884135,53.131082389884135
6110,c,53.131082389884135,53.131082389884135
6111,c,53.131082389884135,53.131082389884135
6112,c,53.131082389884135,53.131082389884135
6113,t,53.131082389884135,53.131082389884135
6114,t,53.131082389884135,53.131082389884135
6115,c,53.131082389884135,53.131082389884135
6116,c,53.131082389884135,53.131082389884135
6117,c,53.131082389884135,53.131082389884135
6118,c,53.131082389884135,53.131082389884135
6119,c,53.131082389884135,53.131082389884135
6120,c,53.131082389884135,53.131082389884135
6121,t,53.131082389884135,53.131082389884135
6122,c,53.131082389884135,53.131082389884135
6123,t,53.131082389884135,53.131082389884135
6124,c,53.131082389884135,53.131082389884135
6125,c,53.131082389884135,53.131082389884135
6126,na,3.6359459363227784,53.131082389884135
6127,c,53.131082389884135,53.131082389884135
6128,t,53.131082389884135,53.131082389884135
6129,t,53.131082389884135,53.131082389884135
6130,c,53.131082389884135,53.131082389884135
6131,c,53.131082389884135,53.131082389884135
6132,c,53.131082389884135,53.131082389884135
6133,t,53.131082389884135,53.131082389884135
6134,c,53.131082389884135,53.131082389884135
6135,c,53.131082389884135,53.131082389884135
6136,c,14.08053799280959,14.40327082939304
6137,t,53.131082389884135,53.131082389884135
6138,c,53.131082389884135,53.131082389884135
6139,c,53.131082389884135,53.131082389884135
6140,c,53.131082389884135,53.131082389884135
6141,c,53.131082389884135,53.131082389884135
6142,t,53.131082389884135,53.131082389884135
6143,c,53.131082389884135,53.131082389884135
6144,c,53.131082389884135,53.131082389884135
6145,na,0,7.976770236878304
6146,c,53.131082389884135,53.131082389884135
6147,c,53.131082389884135,53.131082389884135
6148,c,53.131082389884135,53.131082389884135
6149,c,53.131082389884135,53.131082389884135
6150,c,53.131082389884135,53.131082389884135
6151,c,53.131082389884135,53.131082389884135
6152,c,53.131082389884135,53.131082389884135
6153,c,53.131082389884135,53.131082389884135
6154,t,53.131082389884135,53.131082389884135
6155,c,53.131082389884135,53.131082389884135
6156,c,53.131082389884135,53.131082389884135
6157,c,53.131082389884135,53.131082389884135
6158,c,53.131082389884135,53.131082389884135
6159,c,7.037373192143724,53.131082389884135
6160,t,53.131082389884135,53.131082389884135
6161,c,53.131082389884135,53.131082389884135
6162,na,4.958377858995067,5.907206532731455
6163,t,53.131082389884135,53.131082389884135
6164,c,53.131082389884135,53.131082389884135
6165,c,11.076587604047358,11.594359587710418
6166,c,53.131082389884135,53.131082389884135
6167,c,53.131082389884135,53.131082389884135
6168,c,53.131082389884135,53.131082389884135
6169,t,53.131082389884135,53.131082389884135
6170,c,53.131082389884135,53.131082389884135
6171,t,53.131082389884135,53.131082389884135
6172,c,53.131082389884135,53.131082389884135
6173,t,53.131082389884135,53.131082389884135
6174,c,53.131082389884135,53.131082389884135
6175,c,53.131082389884135,53.131082389884135
6176,c,53.131082389884135,53.131082389884135
6177,c,53.131082389884135,53.131082389884135
6178,c,53.131082389884135,53.131082389884135
6179,c,53.131082389884135,53.131082389884135
6180,c,3.9935895345961265,10.572082731489502
6181,c,53.131082389884135,53.131082389884135
6182,t,53.131082389884135,53.131082389884135
6183,t,53.131082389884135,53.131082389884135
6184,c,53.131082389884135,53.131082389884135
6185,c,53.131082389884135,53.131082389884135
6186,t,53.131082389884135,53.131082389884135
6187,c,53.131082389884135,53.131082389884135
6188,c,53.131082389884135,53.131082389884135
6189,c,53.131082389884135,53.131082389884135
6190,c,53.131082389884135,53.131082389884135
6191,t,53.131082389884135,53.131082389884135
6192,t,53.131082389884135,53.131082389884135
6193,t,53.131082389884135,53.131082389884135
6194,c,53.131082389884135,53.131082389884135
6195,na,0,7.631959663499066
6196,c,53.131082389884135,53.131082389884135
6197,c,53.131082389884135,53.131082389884135
6198,c,53.131082389884135,53.131082389884135
6199,c,9.052055483228019,15.273348241540932
6200,c,53.131082389884135,53.131082389884135
6201,c,53.131082389884135,53.131082389884135
6202,c,53.131082389884135,53.131082389884135
6203,c,53.131082389884135,53.131082389884135
6204,c,53.131082389884135,53.131082389884135
6205,c,53.131082389884135,53.131082389884135
6206,t,53.131082389884135,53.131082389884135
6207,t,53.131082389884135,53.131082389884135
6208,c,53.131082389884135,53.131082389884135
6209,t,53.131082389884135,53.131082389884135
6210,c,53.131082389884135,53.131082389884135
6211,c,53.131082389884135,53.131082389884135
6212,c,53.131082389884135,53.131082389884135
6213,c,53.131082389884135,53.131082389884135
6214,c,53.131082389884135,53.131082389884135
6215,c,53.131082389884135,53.131082389884135
6216,c,53.131082389884135,53.131082389884135
6217,c,53.131082389884135,53.131082389884135
6218,c,53.131082389884135,53.131082389884135
6219,c,53.131082389884135,53.131082389884135
6220,t,53.131082389884135,53.131082389884135
6221,t,53.131082389884135,53.131082389884135
6222,c,53.131082389884135,53.131082389884135
6223,c,53.131082389884135,53.131082389884135
6224,na,0,0.4034702975154364
6225,c,53.131082389884135,53.131082389884135
6226,c,18.144588924837233,24.795353407735494
6227,c,53.131082389884135,53.131082389884135
6228,c,53.131082389884135,53.131082389884135
6229,c,53.131082389884135,53.131082389884135
6230,c,53.131082389884135,53.131082389884135
6231,na,15.887583810686683,21.805142804817944
6232,c,53.131082389884135,53.131082389884135
6233,c,53.131082389884135,53.131082389884135
6234,c,53.131082389884135,53.131082389884135
6235,c,53.131082389884135,53.131082389884135
6236,c,53.131082389884135,53.131082389884135
6237,c,53.131082389884135,53.131082389884135
6238,c,6.336219318215746,19.791534810887942
6239,c,53.131082389884135,53.131082389884135
6240,c,53.131082389884135,53.131082389884135
6241,c,53.131082389884135,53.131082389884135
6242,t,53.131082389884135,53.131082389884135
6243,t,53.131082389884135,53.131082389884135
6244,c,53.131082389884135,53.131082389884135
6245,c,53.131082389884135,53.131082389884135
6246,c,53.131082389884135,53.131082389884135
6247,c,53.131082389884135,53.131082389884135
6248,t,53.131082389884135,53.131082389884135
6249,c,53.131082389884135,53.131082389884135
6250,c,53.131082389884135,53.131082389884135
6251,t,53.131082389884135,53.131082389884135
6252,c,53.131082389884135,53.131082389884135
6253,t,53.131082389884135,53.131082389884135
6254,c,6.215935731437588,8.098815545366689
6255,c,53.131082389884135,53.131082389884135
6256,c,53.131082389884135,53.131082389884135
6257,c,53.131082389884135,53.131082389884135
6258,c,53.131082389884135,53.131082389884135
6259,c,53.131082389884135,53.131082389884135
6260,t,53.131082389884135,53.131082389884135
6261,c,1.8305994350572943,53.131082389884135
6262,c,53.131082389884135,53.131082389884135
6263,c,53.131082389884135,53.131082389884135
6264,t,53.131082389884135,53.131082389884135
6265,c,53.131082389884135,53.131082389884135
6266,c,53.131082389884135,53.131082389884135
6267,c,53.131082389884135,53.131082389884135
6268,c,53.131082389884135,53.131082389884135
6269,t,53.131082389884135,53.131082389884135
6270,c,53.131082389884135,53.131082389884135
6271,c,53.131082389884135,53.131082389884135
6272,c,34.40163777470151,45.901316735239654
6273,c,53.131082389884135,53.131082389884135
6274,c,53.131082389884135,53.131082389884135
6275,c,53.131082389884135,53.131082389884135
6276,c,53.131082389884135,53.131082389884135
6277,c,53.131082389884135,53.131082389884135
6278,c,53.131082389884135,53.131082389884135
6279,c,53.131082389884135,53.131082389884135
6280,c,53.131082389884135,53.131082389884135
6281,c,53.131082389884135,53.131082389884135
6282,t,53.131082389884135,53.131082389884135
6283,t,53.131082389884135,53.131082389884135
6284,c,6.919695758633672,17.59149378814615
6285,c,53.131082389884135,53.131082389884135
6286,c,53.131082389884135,53.131082389884135
6287,c,53.131082389884135,53.131082389884135
6288,c,53.131082389884135,53.131082389884135
6289,c,53.131082389884135,53.131082389884135
6290,t,53.131082389884135,53.131082389884135
6291,c,53.131082389884135,53.131082389884135
6292,c,53.131082389884135,53.131082389884135
6293,c,53.131082389884135,53.131082389884135
6294,t,53.131082389884135,53.131082389884135
6295,c,53.131082389884135,53.131082389884135
6296,c,53.131082389884135,53.131082389884135
6297,c,53.131082389884135,53.131082389884135
6298,c,53.131082389884135,53.131082389884135
6299,c,53.131082389884135,53.131082389884135
6300,c,53.131082389884135,53.131082389884135
6301,c,53.131082389884135,53.131082389884135
6302,c,53.131082389884135,53.131082389884135
6303,c,53.131082389884135,53.131082389884135
6304,t,53.131082389884135,53.131082389884135
6305,c,53.131082389884135,53.131082389884135
6306,c,53.131082389884135,53.131082389884135
6307,c,53.131082389884135,53.131082389884135
6308,c,53.131082389884135,53.131082389884135
6309,c,53.131082389884135,53.131082389884135
6310,c,53.131082389884135,53.131082389884135
6311,c,53.131082389884135,53.131082389884135
6312,c,22.3828220345493,22.57029063128821
6313,c,53.131082389884135,53.131082389884135
6314,c,53.131082389884135,53.131082389884135
6315,c,53.131082389884135,53.131082389884135
6316,c,53.131082389884135,53.131082389884135
6317,c,5.884374837293925,7.6728574788468995
6318,t,53.131082389884135,53.131082389884135
6319,c,53.131082389884135,53.131082389884135
6320,c,53.131082389884135,53.131082389884135
6321,c,53.131082389884135,53.131082389884135
6322,c,53.131082389884135,53.131082389884135
6323,t,53.131082389884135,53.131082389884135
6324,c,53.131082389884135,53.131082389884135
6325,c,53.131082389884135,53.131082389884135
6326,c,53.131082389884135,53.131082389884135
6327,t,53.131082389884135,53.131082389884135
6328,t,53.131082389884135,53.131082389884135
6329,c,53.131082389884135,53.131082389884135
6330,c,53.131082389884135,53.131082389884135
6331,c,53.131082389884135,53.131082389884135
6332,c,53.131082389884135,53.131082389884135
6333,c,53.131082389884135,53.131082389884135
6334,c,53.131082389884135,53.131082389884135
6335,c,53.131082389884135,53.131082389884135
6336,c,53.131082389884135,53.131082389884135
6337,c,53.131082389884135,53.131082389884135
6338,c,53.131082389884135,53.131082389884135
6339,c,5.324935788016667,8.19097649285712
6340,c,53.131082389884135,53.131082389884135
6341,c,53.131082389884135,53.131082389884135
6342,t,53.131082389884135,53.131082389884135
6343,c,53.131082389884135,53.131082389884135
6344,c,53.131082389884135,53.131082389884135
6345,c,14.029871945059986,53.131082389884135
6346,na,1.301307516239515,23.326188287422557
6347,c,53.131082389884135,53.131082389884135
6348,na,0,0.2590053896728041
6349,c,53.131082389884135,53.131082389884135
6350,c,53.131082389884135,53.131082389884135
6351,c,53.131082389884135,53.131082389884135
6352,c,53.131082389884135,53.131082389884135
6353,c,53.131082389884135,53.131082389884135
6354,c,53.131082389884135,53.131082389884135
6355,c,53.131082389884135,53.131082389884135
6356,c,53.131082389884135,53.131082389884135
6357,c,53.131082389884135,53.131082389884135
6358,c,53.131082389884135,53.131082389884135
6359,c,53.131082389884135,53.131082389884135
6360,c,8.418085329423363,53.131082389884135
6361,c,53.131082389884135,53.131082389884135
6362,c,53.131082389884135,53.131082389884135
6363,c,53.131082389884135,53.131082389884135
6364,na,0,20.034977343711574
6365,c,53.131082389884135,53.131082389884135
6366,c,6.614896165213859,28.140466130688466
6367,na,-1,0
6368,t,53.131082389884135,53.131082389884135
6369,t,53.131082389884135,53.131082389884135
6370,c,53.131082389884135,53.131082389884135
6371,t,53.131082389884135,53.131082389884135
6372,c,17.34631086312002,18.342536088410597
6373,c,53.131082389884135,53.131082389884135
6374,c,53.131082389884135,53.131082389884135
6375,c,53.131082389884135,53.131082389884135
6376,c,53.131082389884135,53.131082389884135
6377,c,53.131082389884135,53.131082389884135
6378,c,53.131082389884135,53.131082389884135
6379,c,53.131082389884135,53.131082389884135
6380,c,53.131082389884135,53.131082389884135
6381,c,53.131082389884135,53.131082389884135
6382,c,53.131082389884135,53.131082389884135
6383,c,53.131082389884135,53.131082389884135
6384,c,53.131082389884135,53.131082389884135
6385,c,53.131082389884135,53.131082389884135
6386,c,53.131082389884135,53.131082389884135
6387,c,53.131082389884135,53.131082389884135
6388,t,53.131082389884135,53.131082389884135
6389,c,6.991233045915243,9.10311079200488
6390,t,53.131082389884135,53.131082389884135
6391,c,53.131082389884135,53.131082389884135
6392,c,53.131082389884135,53.131082389884135
6393,t,53.131082389884135,53.131082389884135
6394,c,53.131082389884135,53.131082389884135
6395,c,53.131082389884135,53.131082389884135
6396,c,53.131082389884135,53.131082389884135
6397,c,53.131082389884135,53.131082389884135
6398,c,6.986445584246121,53.131082389884135
6399,c,53.131082389884135,53.131082389884135
6400,c,53.131082389884135,53.131082389884135
6401,c,53.131082389884135,53.131082389884135
6402,c,53.131082389884135,53.131082389884135
6403,c,53.131082389884135,53.131082389884135
6404,c,53.131082389884135,53.131082389884135
6405,c,53.131082389884135,53.131082389884135
6406,c,25.748882449484707,27.029527009002955
6407,c,53.131082389884135,53.131082389884135
6408,c,53.131082389884135,53.131082389884135
6409,c,19.134290656375796,20.813616704641138
6410,c,1.9171057335450683,2.700531102372992
6411,c,53.131082389884135,53.131082389884135
6412,t,53.131082389884135,53.131082389884135
6413,t,53.131082389884135,53.131082389884135
6414,t,53.131082389884135,53.131082389884135
6415,t,53.131082389884135,53.131082389884135
6416,c,53.131082389884135,53.131082389884135
6417,c,53.131082389884135,53.131082389884135
6418,c,53.131082389884135,53.131082389884135
6419,c,53.131082389884135,53.131082389884135
6420,c,53.131082389884135,53.131082389884135
6421,c,53.131082389884135,53.131082389884135
6422,t,53.131082389884135,53.131082389884135
6423,c,53.131082389884135,53.131082389884135
6424,c,53.131082389884135,53.131082389884135
6425,c,53.131082389884135,53.131082389884135
6426,c,53.131082389884135,53.131082389884135
6427,t,53.131082389884135,53.131082389884135
6428,c,53.131082389884135,53.131082389884135
6429,t,53.131082389884135,53.131082389884135
6430,t,53.131082389884135,53.131082389884135
6431,na,3.666904178589672,4.729718512931375
6432,c,53.131082389884135,53.131082389884135
6433,c,53.131082389884135,53.131082389884135
6434,c,53.131082389884135,53.131082389884135
6435,t,53.131082389884135,53.131082389884135
6436,c,53.131082389884135,53.131082389884135
6437,c,53.131082389884135,53.131082389884135
6438,t,53.131082389884135,53.131082389884135
6439,t,53.131082389884135,53.131082389884135
6440,c,53.131082389884135,53.131082389884135
6441,c,53.131082389884135,53.131082389884135
6442,t,53.131082389884135,53.131082389884135
6443,c,53.131082389884135,53.131082389884135
6444,c,53.131082389884135,53.131082389884135
6445,c,53.131082389884135,53.131082389884135
6446,c,53.131082389884135,53.131082389884135
6447,na,2.678695290301773,53.131082389884135
6448,c,8.253133690441546,16.686541582938418
6449,c,53.131082389884135,53.131082389884135
6450,t,53.131082389884135,53.131082389884135
6451,c,7.707973501762151,9.469565929421428
6452,c,53.131082389884135,53.131082389884135
6453,c,53.131082389884135,53.131082389884135
6454,c,53.131082389884135,53.131082389884135
6455,t,53.131082389884135,53.131082389884135
6456,c,53.131082389884135,53.131082389884135
6457,t,53.131082389884135,53.131082389884135
6458,c,53.131082389884135,53.131082389884135
6459,c,9.294409824317752,10.60869615914801
6460,t,53.131082389884135,53.131082389884135
6461,c,53.131082389884135,53.131082389884135
6462,c,53.131082389884135,53.131082389884135
6463,c,53.131082389884135,53.131082389884135
6464,c,53.131082389884135,53.131082389884135
6465,c,53.131082389884135,53.131082389884135
6466,t,53.131082389884135,53.131082389884135
6467,t,53.131082389884135,53.131082389884135
6468,c,53.131082389884135,53.131082389884135
6469,c,4.6812904514343305,17.920757437563477
6470,c,53.131082389884135,53.131082389884135
6471,c,53.131082389884135,53.131082389884135
6472,c,53.131082389884135,53.131082389884135
6473,c,53.131082389884135,53.131082389884135
6474,t,53.131082389884135,53.131082389884135
6475,c,53.131082389884135,53.131082389884135
6476,c,53.131082389884135,53.131082389884135
6477,c,53.131082389884135,53.131082389884135
6478,c,53.131082389884135,53.131082389884135
6479,c,53.131082389884135,53.131082389884135
6480,na,0,9.137321284612995
6481,t,53.131082389884135,53.131082389884135
6482,c,53.131082389884135,53.131082389884135
6483,c,53.131082389884135,53.131082389884135
6484,t,53.131082389884135,53.131082389884135
6485,t,53.131082389884135,53.131082389884135
6486,c,14.795728491920352,14.9667619032153
6487,c,53.131082389884135,53.131082389884135
6488,c,53.131082389884135,53.131082389884135
6489,t,53.131082389884135,53.131082389884135
6490,c,53.131082389884135,53.131082389884135
6491,c,53.131082389884135,53.131082389884135
6492,c,53.131082389884135,53.131082389884135
6493,c,53.131082389884135,53.131082389884135
6494,c,53.131082389884135,53.131082389884135
6495,c,53.131082389884135,53.131082389884135
6496,t,53.131082389884135,53.131082389884135
6497,c,53.131082389884135,53.131082389884135
6498,c,53.131082389884135,53.131082389884135
6499,c,53.131082389884135,53.131082389884135
6500,c,53.131082389884135,53.131082389884135
6501,c,53.131082389884135,53.131082389884135
6502,c,53.131082389884135,53.131082389884135
6503,c,53.131082389884135,53.131082389884135
6504,c,53.131082389884135,53.131082389884135
6505,c,14.4949362306188,14.890006300627403
6506,na,3.1289118711071953,16.23115221805144
6507,c,53.131082389884135,53.131082389884135
6508,c,53.131082389884135,53.131082389884135
6509,c,53.131082389884135,53.131082389884135
6510,c,35.94819660051224,44.84783809129163
6511,na,0.5380232257592567,7.432903473621785
6512,c,53.131082389884135,53.131082389884135
6513,c,53.131082389884135,53.131082389884135
6514,c,53.131082389884135,53.131082389884135
6515,na,0,53.131082389884135
6516,c,53.131082389884135,53.131082389884135
6517,c,53.131082389884135,53.131082389884135
6518,c,1.9190658192755412,7.086666046269625
6519,c,53.131082389884135,53.131082389884135
6520,t,53.131082389884135,53.131082389884135
6521,c,53.131082389884135,53.131082389884135
6522,c,53.131082389884135,53.131082389884135
6523,c,53.131082389884135,53.131082389884135
6524,c,53.131082389884135,53.131082389884135
6525,c,53.131082389884135,53.131082389884135
6526,c,53.131082389884135,53.131082389884135
6527,c,53.131082389884135,53.131082389884135
6528,c,53.131082389884135,53.131082389884135
6529,c,53.131082389884135,53.131082389884135
6530,c,53.131082389884135,53.131082389884135
6531,c,53.131082389884135,53.131082389884135
6532,c,53.131082389884135,53.131082389884135
6533,c,53.131082389884135,53.131082389884135
6534,c,53.131082389884135,53.131082389884135
6535,c,53.131082389884135,53.131082389884135
6536,t,53.131082389884135,53.131082389884135
6537,c,53.131082389884135,53.131082389884135
6538,c,53.131082389884135,53.131082389884135
6539,c,53.131082389884135,53.131082389884135
6540,c,53.131082389884135,53.131082389884135
6541,c,53.131082389884135,53.131082389884135
6542,t,53.131082389884135,53.131082389884135
6543,c,53.131082389884135,53.131082389884135
6544,t,53.131082389884135,53.131082389884135
6545,c,53.131082389884135,53.131082389884135
6546,c,53.131082389884135,53.131082389884135
6547,c,53.131082389884135,53.131082389884135
6548,t,53.131082389884135,53.131082389884135
6549,c,53.131082389884135,53.131082389884135
6550,c,53.131082389884135,53.131082389884135
6551,c,53.131082389884135,53.131082389884135
6552,c,53.131082389884135,53.131082389884135
6553,c,53.131082389884135,53.131082389884135
6554,c,53.131082389884135,53.131082389884135
6555,c,3.4870133903855147,4.798618968243866
6556,c,53.131082389884135,53.131082389884135
6557,c,53.131082389884135,53.131082389884135
6558,c,53.131082389884135,53.131082389884135
6559,c,53.131082389884135,53.131082389884135
6560,c,53.131082389884135,53.131082389884135
6561,c,53.131082389884135,53.131082389884135
6562,c,53.131082389884135,53.131082389884135
6563,c,53.131082389884135,53.131082389884135
6564,c,53.131082389884135,53.131082389884135
6565,t,53.131082389884135,53.131082389884135
6566,c,53.131082389884135,53.131082389884135
6567,c,53.131082389884135,53.131082389884135
6568,c,53.131082389884135,53.131082389884135
6569,c,53.131082389884135,53.131082389884135
6570,c,53.131082389884135,53.131082389884135
6571,c,53.131082389884135,53.131082389884135
6572,t,53.131082389884135,53.131082389884135
6573,c,53.131082389884135,53.131082389884135
6574,c,53.131082389884135,53.131082389884135
6575,c,53.131082389884135,53.131082389884135
6576,c,53.131082389884135,53.131082389884135
6577,c,53.131082389884135,53.131082389884135
6578,na,-1,0
6579,c,11.532021332672182,24.642610695172973
6580,c,53.131082389884135,53.131082389884135
6581,c,53.131082389884135,53.131082389884135
6582,c,53.131082389884135,53.131082389884135
6583,c,53.131082389884135,53.131082389884135
6584,c,53.131082389884135,53.131082389884135
6585,c,53.131082389884135,53.131082389884135
6586,t,53.131082389884135,53.131082389884135
6587,c,53.131082389884135,53.131082389884135
6588,c,53.131082389884135,53.131082389884135
6589,c,53.131082389884135,53.131082389884135
6590,na,-1,0
6591,c,53.131082389884135,53.131082389884135
6592,c,53.131082389884135,53.131082389884135
6593,c,53.131082389884135,53.131082389884135
6594,c,53.131082389884135,53.131082389884135
6595,c,53.131082389884135,53.131082389884135
6596,c,53.131082389884135,53.131082389884135
6597,c,53.131082389884135,53.131082389884135
6598,c,8.752396677688681,11.214971825667154
6599,c,53.131082389884135,53.131082389884135
6600,c,53.131082389884135,53.131082389884135
6601,c,53.131082389884135,53.131082389884135
6602,t,53.131082389884135,53.131082389884135
6603,c,53.131082389884135,53.131082389884135
6604,c,53.131082389884135,53.131082389884135
6605,c,53.131082389884135,53.131082389884135
6606,c,53.131082389884135,53.131082389884135
6607,c,53.131082389884135,53.131082389884135
6608,c,53.131082389884135,53.131082389884135
6609,c,53.131082389884135,53.131082389884135
6610,c,53.131082389884135,53.131082389884135
6611,c,53.131082389884135,53.131082389884135
6612,c,53.131082389884135,53.131082389884135
6613,c,53.131082389884135,53.131082389884135
6614,t,53.131082389884135,53.131082389884135
6615,t,53.131082389884135,53.131082389884135
6616,c,53.131082389884135,53.131082389884135
6617,c,6.563743156740903,8.080045741837829
6618,c,53.131082389884135,53.131082389884135
6619,c,53.131082389884135,53.131082389884135
6620,c,53.131082389884135,53.131082389884135
6621,c,53.131082389884135,53.131082389884135
6622,c,53.131082389884135,53.131082389884135
6623,c,53.131082389884135,53.131082389884135
6624,c,53.131082389884135,53.131082389884135
6625,c,53.131082389884135,53.131082389884135
6626,c,53.131082389884135,53.131082389884135
6627,c,53.131082389884135,53.131082389884135
6628,c,53.131082389884135,53.131082389884135
6629,c,53.131082389884135,53.131082389884135
6630,na,6.951787389019676,53.131082389884135
6631,c,12.5293132079433,16.050364871809606
6632,t,53.131082389884135,53.131082389884135
6633,t,53.131082389884135,53.131082389884135
6634,t,53.131082389884135,53.131082389884135
6635,c,53.131082389884135,53.131082389884135
6636,c,53.131082389884135,53.131082389884135
6637,t,53.131082389884135,53.131082389884135
6638,c,53.131082389884135,53.131082389884135
6639,c,53.131082389884135,53.131082389884135
6640,c,53.131082389884135,53.131082389884135
6641,c,53.131082389884135,53.131082389884135
6642,c,11.305141737636772,16.231936995350235
6643,c,53.131082389884135,53.131082389884135
6644,t,53.131082389884135,53.131082389884135
6645,c,53.131082389884135,53.131082389884135
6646,c,53.131082389884135,53.131082389884135
6647,c,53.131082389884135,53.131082389884135
6648,c,53.131082389884135,53.131082389884135
6649,t,53.131082389884135,53.131082389884135
6650,c,53.131082389884135,53.131082389884135
6651,c,53.131082389884135,53.131082389884135
6652,c,53.131082389884135,53.131082389884135
6653,c,53.131082389884135,53.131082389884135
6654,na,2.936037905106862,8.05442222413321
6655,c,53.131082389884135,53.131082389884135
6656,c,53.131082389884135,53.131082389884135
6657,c,53.131082389884135,53.131082389884135
6658,c,53.131082389884135,53.131082389884135
6659,c,53.131082389884135,53.131082389884135
6660,c,53.131082389884135,53.131082389884135
6661,c,53.131082389884135,53.131082389884135
6662,c,53.131082389884135,53.131082389884135
6663,c,53.131082389884135,53.131082389884135
6664,c,53.131082389884135,53.131082389884135
6665,c,53.131082389884135,53.131082389884135
6666,c,53.131082389884135,53.131082389884135
6667,c,53.131082389884135,53.131082389884135
6668,c,53.131082389884135,53.131082389884135
6669,t,53.131082389884135,53.131082389884135
6670,c,53.131082389884135,53.131082389884135
6671,c,53.131082389884135,53.131082389884135
6672,c,5.767498509412685,12.102870902493414
6673,t,53.131082389884135,53.131082389884135
6674,c,53.131082389884135,53.131082389884135
6675,c,53.131082389884135,53.131082389884135
6676,c,53.131082389884135,53.131082389884135
6677,c,53.131082389884135,53.131082389884135
6678,c,53.131082389884135,53.131082389884135
6679,c,53.131082389884135,53.131082389884135
6680,c,53.131082389884135,53.131082389884135
6681,c,5.375557257349516,6.865737209694692
6682,c,53.131082389884135,53.131082389884135
6683,c,53.131082389884135,53.131082389884135
6684,t,53.131082389884135,53.131082389884135
6685,c,53.131082389884135,53.131082389884135
6686,c,16.008078365564952,53.131082389884135
6687,c,53.131082389884135,53.131082389884135
6688,c,53.131082389884135,53.131082389884135
6689,c,53.131082389884135,53.131082389884135
6690,c,53.131082389884135,53.131082389884135
6691,c,53.131082389884135,53.131082389884135
6692,c,53.131082389884135,53.131082389884135
6693,c,53.131082389884135,53.131082389884135
6694,t,53.131082389884135,53.131082389884135
6695,c,53.131082389884135,53.131082389884135
6696,c,53.131082389884135,53.131082389884135
6697,c,53.131082389884135,53.131082389884135
6698,t,53.131082389884135,53.131082389884135
6699,c,53.131082389884135,53.131082389884135
6700,t,53.131082389884135,53.131082389884135
6701,c,53.131082389884135,53.131082389884135
6702,c,53.131082389884135,53.131082389884135
6703,c,53.131082389884135,53.131082389884135
6704,c,53.131082389884135,53.131082389884135
6705,c,53.131082389884135,53.131082389884135
6706,t,53.131082389884135,53.131082389884135
6707,c,53.131082389884135,53.131082389884135
6708,c,53.131082389884135,53.131082389884135
6709,c,53.131082389884135,53.131082389884135
6710,c,53.131082389884135,53.131082389884135
6711,c,53.131082389884135,53.131082389884135
6712,c,53.131082389884135,53.131082389884135
6713,c,53.131082389884135,53.131082389884135
6714,c,53.131082389884135,53.131082389884135
6715,c,53.131082389884135,53.131082389884135
6716,t,53.131082389884135,53.131082389884135
6717,c,53.131082389884135,53.131082389884135
6718,t,53.131082389884135,53.131082389884135
6719,c,53.131082389884135,53.131082389884135
6720,na,0,3.049362045728328
6721,c,53.131082389884135,53.131082389884135
6722,na,0.20531637862027258,5.676417504305059
6723,t,53.131082389884135,53.131082389884135
6724,c,53.131082389884135,53.131082389884135
6725,c,53.131082389884135,53.131082389884135
6726,t,53.131082389884135,53.131082389884135
6727,c,53.131082389884135,53.131082389884135
6728,c,53.131082389884135,53.131082389884135
6729,c,53.131082389884135,53.131082389884135
6730,c,53.131082389884135,53.131082389884135
6731,c,53.131082389884135,53.131082389884135
6732,t,53.131082389884135,53.131082389884135
6733,t,53.131082389884135,53.131082389884135
6734,c,53.131082389884135,53.131082389884135
6735,t,53.131082389884135,53.131082389884135
6736,c,53.131082389884135,53.131082389884135
6737,c,53.131082389884135,53.131082389884135
6738,c,53.131082389884135,53.131082389884135
6739,c,53.131082389884135,53.131082389884135
6740,c,53.131082389884135,53.131082389884135
6741,c,3.747777465917366,5.993474913207922
6742,t,53.131082389884135,53.131082389884135
6743,t,53.131082389884135,53.131082389884135
6744,c,53.131082389884135,53.131082389884135
6745,c,53.131082389884135,53.131082389884135
6746,c,53.131082389884135,53.131082389884135
6747,na,53.131082389884135,53.131082389884135
6748,c,53.131082389884135,53.131082389884135
6749,c,53.131082389884135,53.131082389884135
6750,t,53.131082389884135,53.131082389884135
6751,c,8.256535212735631,10.401555688419561
6752,c,53.131082389884135,53.131082389884135
6753,t,53.131082389884135,53.131082389884135
6754,t,53.131082389884135,53.131082389884135
6755,c,53.131082389884135,53.131082389884135
6756,c,53.131082389884135,53.131082389884135
6757,c,53.131082389884135,53.131082389884135
6758,c,53.131082389884135,53.131082389884135
6759,c,53.131082389884135,53.131082389884135
6760,c,53.131082389884135,53.131082389884135
6761,c,7.16347618129329,10.17386744156553
6762,c,53.131082389884135,53.131082389884135
6763,c,53.131082389884135,53.131082389884135
6764,c,53.131082389884135,53.131082389884135
6765,c,53.131082389884135,53.131082389884135
6766,t,53.131082389884135,53.131082389884135
6767,t,53.131082389884135,53.131082389884135
6768,c,53.131082389884135,53.131082389884135
6769,c,53.131082389884135,53.131082389884135
6770,c,53.131082389884135,53.131082389884135
6771,c,53.131082389884135,53.131082389884135
6772,c,53.131082389884135,53.131082389884135
6773,c,11.78933365091503,13.843290856689517
6774,t,53.131082389884135,53.131082389884135
6775,c,53.131082389884135,53.131082389884135
6776,c,53.131082389884135,53.131082389884135
6777,t,53.131082389884135,53.131082389884135
6778,c,53.131082389884135,53.131082389884135
6779,c,53.131082389884135,53.131082389884135
6780,t,53.131082389884135,53.131082389884135
6781,c,10.30070002569825,16.21088331351823
6782,c,53.131082389884135,53.131082389884135
6783,t,53.131082389884135,53.131082389884135
6784,c,53.131082389884135,53.131082389884135
6785,c,4.360312505165714,5.308406536696319
6786,c,53.131082389884135,53.131082389884135
6787,t,53.131082389884135,53.131082389884135
6788,c,53.131082389884135,53.131082389884135
6789,c,53.131082389884135,53.131082389884135
6790,t,53.131082389884135,53.131082389884135
6791,t,53.131082389884135,53.131082389884135
6792,c,53.131082389884135,53.131082389884135
6793,t,53.131082389884135,53.131082389884135
6794,c,53.131082389884135,53.131082389884135
6795,c,53.131082389884135,53.131082389884135
6796,c,53.131082389884135,53.131082389884135
6797,c,53.131082389884135,53.131082389884135
6798,c,53.131082389884135,53.131082389884135
6799,c,53.131082389884135,53.131082389884135
6800,c,53.131082389884135,53.131082389884135
6801,c,53.131082389884135,53.131082389884135
6802,c,53.131082389884135,53.131082389884135
6803,c,53.131082389884135,53.131082389884135
6804,c,53.131082389884135,53.131082389884135
6805,c,53.131082389884135,53.131082389884135
6806,c,13.430575900554917,15.033864608478583
6807,na,8.18950482694758,9.043228912931319
6808,c,53.131082389884135,53.131082389884135
6809,c,53.131082389884135,53.131082389884135
6810,c,53.131082389884135,53.131082389884135
6811,c,53.131082389884135,53.131082389884135
6812,na,2.447976169506763,8.680035546986307
6813,c,53.131082389884135,53.131082389884135
6814,c,25.438474327121575,25.968926947409148
6815,c,53.131082389884135,53.131082389884135
6816,c,53.131082389884135,53.131082389884135
6817,t,53.131082389884135,53.131082389884135
6818,c,53.131082389884135,53.131082389884135
6819,c,53.131082389884135,53.131082389884135
6820,c,53.131082389884135,53.131082389884135
6821,c,53.131082389884135,53.131082389884135
6822,c,53.131082389884135,53.131082389884135
6823,c,53.131082389884135,53.131082389884135
6824,t,53.131082389884135,53.131082389884135
6825,c,53.131082389884135,53.131082389884135
6826,c,53.131082389884135,53.131082389884135
6827,c,53.131082389884135,53.131082389884135
6828,c,53.131082389884135,53.131082389884135
6829,na,-1,0
6830,c,53.131082389884135,53.131082389884135
6831,c,53.131082389884135,53.131082389884135
6832,c,53.131082389884135,53.131082389884135
6833,c,53.131082389884135,53.131082389884135
6834,c,53.131082389884135,53.131082389884135
6835,c,53.131082389884135,53.131082389884135
6836,c,53.131082389884135,53.131082389884135
6837,c,53.131082389884135,53.131082389884135
6838,c,53.131082389884135,53.131082389884135
6839,c,53.131082389884135,53.131082389884135
6840,c,28.4701116324432,28.91390834038942
6841,c,53.131082389884135,53.131082389884135
6842,c,53.131082389884135,53.131082389884135
6843,t,53.131082389884135,53.131082389884135
6844,c,53.131082389884135,53.131082389884135
6845,c,53.131082389884135,53.131082389884135
6846,c,53.131082389884135,53.131082389884135
6847,c,53.131082389884135,53.131082389884135
6848,t,53.131082389884135,53.131082389884135
6849,c,53.131082389884135,53.131082389884135
6850,t,53.131082389884135,53.131082389884135
6851,c,22.400892887573185,26.351342285180245
6852,c,53.131082389884135,53.131082389884135
6853,c,53.131082389884135,53.131082389884135
6854,c,53.131082389884135,53.131082389884135
6855,c,53.131082389884135,53.131082389884135
6856,c,53.131082389884135,53.131082389884135
6857,c,53.131082389884135,53.131082389884135
6858,c,53.131082389884135,53.131082389884135
6859,c,53.131082389884135,53.131082389884135
6860,c,53.131082389884135,53.131082389884135
6861,c,53.131082389884135,53.131082389884135
6862,c,53.131082389884135,53.131082389884135
6863,c,53.131082389884135,53.131082389884135
6864,c,53.131082389884135,53.131082389884135
6865,c,53.131082389884135,53.131082389884135
6866,c,53.131082389884135,53.131082389884135
6867,t,53.131082389884135,53.131082389884135
6868,c,53.131082389884135,53.131082389884135
6869,c,53.131082389884135,53.131082389884135
6870,c,53.131082389884135,53.131082389884135
6871,c,53.131082389884135,53.131082389884135
6872,c,53.131082389884135,53.131082389884135
6873,c,53.131082389884135,53.131082389884135
6874,c,53.131082389884135,53.131082389884135
6875,c,53.131082389884135,53.131082389884135
6876,c,8.278772065668477,10.923974653544132
6877,t,53.131082389884135,53.131082389884135
6878,c,53.131082389884135,53.131082389884135
6879,c,53.131082389884135,53.131082389884135
6880,c,53.131082389884135,53.131082389884135
6881,c,53.131082389884135,53.131082389884135
6882,c,53.131082389884135,53.131082389884135
6883,c,53.131082389884135,53.131082389884135
6884,c,53.131082389884135,53.131082389884135
6885,c,53.131082389884135,53.131082389884135
6886,t,53.131082389884135,53.131082389884135
6887,c,53.131082389884135,53.131082389884135
6888,c,53.131082389884135,53.131082389884135
6889,c,53.131082389884135,53.131082389884135
6890,t,53.131082389884135,53.131082389884135
6891,c,53.131082389884135,53.131082389884135
6892,c,53.131082389884135,53.131082389884135
6893,c,53.131082389884135,53.131082389884135
6894,t,53.131082389884135,53.131082389884135
6895,c,53.131082389884135,53.131082389884135
6896,t,53.131082389884135,53.131082389884135
6897,c,53.131082389884135,53.131082389884135
6898,c,53.131082389884135,53.131082389884135
6899,t,53.131082389884135,53.131082389884135
6900,t,53.131082389884135,53.131082389884135
6901,c,53.131082389884135,53.131082389884135
6902,c,53.131082389884135,53.131082389884135
6903,c,53.131082389884135,53.131082389884135
6904,c,53.131082389884135,53.131082389884135
6905,c,53.131082389884135,53.131082389884135
6906,c,53.131082389884135,53.131082389884135
6907,t,53.131082389884135,53.131082389884135
6908,c,53.131082389884135,53.131082389884135
6909,c,7.479874599809999,21.18234553934514
6910,t,53.131082389884135,53.131082389884135
6911,c,53.131082389884135,53.131082389884135
6912,c,53.131082389884135,53.131082389884135
6913,c,53.131082389884135,53.131082389884135
6914,c,53.131082389884135,53.131082389884135
6915,t,53.131082389884135,53.131082389884135
6916,c,53.131082389884135,53.131082389884135
6917,t,53.131082389884135,53.131082389884135
6918,c,53.131082389884135,53.131082389884135
6919,c,53.131082389884135,53.131082389884135
6920,c,53.131082389884135,53.131082389884135
6921,t,53.131082389884135,53.131082389884135
6922,c,3.3947589019190247,3.9648739728840727
6923,c,53.131082389884135,53.131082389884135
6924,c,53.131082389884135,53.131082389884135
6925,c,53.131082389884135,53.131082389884135
6926,c,53.131082389884135,53.131082389884135
6927,c,53.131082389884135,53.131082389884135
6928,c,53.131082389884135,53.131082389884135
6929,c,53.131082389884135,53.131082389884135
6930,t,53.131082389884135,53.131082389884135
6931,t,53.131082389884135,53.131082389884135
6932,na,5.224704965999068,10.330381507633057
6933,c,53.131082389884135,53.131082389884135
6934,c,53.131082389884135,53.131082389884135
6935,c,53.131082389884135,53.131082389884135
6936,c,53.131082389884135,53.131082389884135
6937,c,53.131082389884135,53.131082389884135
6938,t,53.131082389884135,53.131082389884135
6939,c,53.131082389884135,53.131082389884135
6940,t,53.131082389884135,53.131082389884135
6941,t,53.131082389884135,53.131082389884135
6942,c,31.71546601607167,34.44093539443009
6943,c,53.131082389884135,53.131082389884135
6944,c,8.86206196771599,15.280204579341827
6945,c,53.131082389884135,53.131082389884135
6946,c,53.131082389884135,53.131082389884135
6947,c,53.131082389884135,53.131082389884135
6948,t,53.131082389884135,53.131082389884135
6949,c,53.131082389884135,53.131082389884135
6950,c,53.131082389884135,53.131082389884135
6951,c,53.131082389884135,53.131082389884135
6952,t,53.131082389884135,53.131082389884135
6953,t,53.131082389884135,53.131082389884135
6954,c,53.131082389884135,53.131082389884135
6955,c,10.197535805030881,10.456871906335643
6956,t,53.131082389884135,53.131082389884135
6957,c,53.131082389884135,53.131082389884135
6958,t,53.131082389884135,53.131082389884135
6959,t,53.131082389884135,53.131082389884135
6960,c,53.131082389884135,53.131082389884135
6961,c,53.131082389884135,53.131082389884135
6962,t,53.131082389884135,53.131082389884135
6963,c,7.655742648828235,14.697466493080467
6964,c,53.131082389884135,53.131082389884135
6965,c,53.131082389884135,53.131082389884135
6966,c,53.131082389884135,53.131082389884135
6967,c,7.132277846476059,8.800991008599258
6968,c,53.131082389884135,53.131082389884135
6969,c,53.131082389884135,53.131082389884135
6970,c,53.131082389884135,53.131082389884135
6971,c,9.219249789552322,53.131082389884135
6972,c,12.100781025653218,15.342665377611844
6973,c,53.131082389884135,53.131082389884135
6974,t,53.131082389884135,53.131082389884135
6975,t,53.131082389884135,53.131082389884135
6976,c,53.131082389884135,53.131082389884135
6977,t,53.131082389884135,53.131082389884135
6978,t,53.131082389884135,53.131082389884135
6979,c,53.131082389884135,53.131082389884135
6980,c,53.131082389884135,53.131082389884135
6981,c,53.131082389884135,53.131082389884135
6982,c,53.131082389884135,53.131082389884135
6983,c,53.131082389884135,53.131082389884135
6984,t,53.131082389884135,53.131082389884135
6985,c,53.131082389884135,53.131082389884135
6986,c,53.131082389884135,53.131082389884135
6987,t,53.131082389884135,53.131082389884135
6988,c,8.056959906810327,15.683006129283337
6989,t,53.131082389884135,53.131082389884135
6990,c,5.4712321330638725,8.715552533570886
6991,c,53.131082389884135,53.131082389884135
6992,c,53.131082389884135,53.131082389884135
6993,c,53.131082389884135,53.131082389884135
6994,c,53.131082389884135,53.131082389884135
6995,c,53.131082389884135,53.131082389884135
6996,c,53.131082389884135,53.131082389884135
6997,c,53.131082389884135,53.131082389884135
6998,c,53.131082389884135,53.131082389884135
6999,c,22.1245840989078,29.17622045049978
7000,t,53.131082389884135,53.131082389884135
7001,c,53.131082389884135,53.131082389884135
7002,c,53.131082389884135,53.131082389884135
7003,c,53.131082389884135,53.131082389884135
7004,c,12.39905288068442,13.157475562086479
7005,c,1.2573083147249127,20.24048836802616
7006,c,53.131082389884135,53.131082389884135
7007,c,53.131082389884135,53.131082389884135
7008,c,53.131082389884135,53.131082389884135
7009,c,53.131082389884135,53.131082389884135
7010,c,53.131082389884135,53.131082389884135
7011,t,53.131082389884135,53.131082389884135
7012,c,53.131082389884135,53.131082389884135
7013,c,53.131082389884135,53.131082389884135
7014,c,53.131082389884135,53.131082389884135
7015,t,53.131082389884135,53.131082389884135
7016,na,0,2.4448298145083034
7017,c,53.131082389884135,53.131082389884135
7018,c,53.131082389884135,53.131082389884135
7019,c,53.131082389884135,53.131082389884135
7020,c,2.2689782277088097,15.629168255763132
7021,c,53.131082389884135,53.131082389884135
7022,c,53.131082389884135,53.131082389884135
7023,c,53.131082389884135,53.131082389884135
7024,c,53.131082389884135,53.131082389884135
7025,c,53.131082389884135,53.131082389884135
7026,c,53.131082389884135,53.131082389884135
7027,c,53.131082389884135,53.131082389884135
7028,c,53.131082389884135,53.131082389884135
7029,t,53.131082389884135,53.131082389884135
7030,c,53.131082389884135,53.131082389884135
7031,c,53.131082389884135,53.131082389884135
7032,c,53.131082389884135,53.131082389884135
7033,c,53.131082389884135,53.131082389884135
7034,c,53.131082389884135,53.131082389884135
7035,c,53.131082389884135,53.131082389884135
7036,c,53.131082389884135,53.131082389884135
7037,c,53.131082389884135,53.131082389884135
7038,c,53.131082389884135,53.131082389884135
7039,c,53.131082389884135,53.131082389884135
7040,t,53.131082389884135,53.131082389884135
7041,c,10.078137296554429,19.77877119093362
7042,c,53.131082389884135,53.131082389884135
7043,c,53.131082389884135,53.131082389884135
7044,c,53.131082389884135,53.131082389884135
7045,t,53.131082389884135,53.131082389884135
7046,c,53.131082389884135,53.131082389884135
7047,t,53.131082389884135,53.131082389884135
7048,c,53.131082389884135,53.131082389884135
7049,c,53.131082389884135,53.131082389884135
7050,t,53.131082389884135,53.131082389884135
7051,c,53.131082389884135,53.131082389884135
7052,c,53.131082389884135,53.131082389884135
7053,t,53.131082389884135,53.131082389884135
7054,c,53.131082389884135,53.131082389884135
7055,c,53.131082389884135,53.131082389884135
7056,c,53.131082389884135,53.131082389884135
7057,t,53.131082389884135,53.131082389884135
7058,c,53.131082389884135,53.131082389884135
7059,c,53.131082389884135,53.131082389884135
7060,c,7.255717742154506,7.290597778082228
7061,t,53.131082389884135,53.131082389884135
7062,t,53.131082389884135,53.131082389884135
7063,t,53.131082389884135,53.131082389884135
7064,c,53.131082389884135,53.131082389884135
7065,t,53.131082389884135,53.131082389884135
7066,na,-1,0
7067,t,53.131082389884135,53.131082389884135
7068,c,53.131082389884135,53.131082389884135
7069,c,13.242740430314429,16.903536133334207
7070,c,53.131082389884135,53.131082389884135
7071,c,53.131082389884135,53.131082389884135
7072,c,13.854597565254858,14.343544572813617
7073,c,53.131082389884135,53.131082389884135
7074,c,53.131082389884135,53.131082389884135
7075,t,53.131082389884135,53.131082389884135
7076,c,53.131082389884135,53.131082389884135
7077,c,1.4549515054899176,2.2914191762927967
7078,c,53.131082389884135,53.131082389884135
7079,c,53.131082389884135,53.131082389884135
7080,c,53.131082389884135,53.131082389884135
7081,c,53.131082389884135,53.131082389884135
7082,c,53.131082389884135,53.131082389884135
7083,t,53.131082389884135,53.131082389884135
7084,c,53.131082389884135,53.131082389884135
7085,c,53.131082389884135,53.131082389884135
7086,c,53.131082389884135,53.131082389884135
7087,c,53.131082389884135,53.131082389884135
7088,c,53.131082389884135,53.131082389884135
7089,t,53.131082389884135,53.131082389884135
7090,c,53.131082389884135,53.131082389884135
7091,t,53.131082389884135,53.131082389884135
7092,na,0,0.532872494001374
7093,c,5.2579396804141725,8.044893399997846
7094,c,53.131082389884135,53.131082389884135
7095,c,53.131082389884135,53.131082389884135
7096,t,53.131082389884135,53.131082389884135
7097,c,53.131082389884135,53.131082389884135
7098,c,53.131082389884135,53.131082389884135
7099,c,53.131082389884135,53.131082389884135
7100,t,53.131082389884135,53.131082389884135
7101,c,53.131082389884135,53.131082389884135
7102,c,53.131082389884135,53.131082389884135
7103,c,53.131082389884135,53.131082389884135
7104,t,53.131082389884135,53.131082389884135
7105,t,53.131082389884135,53.131082389884135
7106,c,53.131082389884135,53.131082389884135
7107,t,53.131082389884135,53.131082389884135
7108,c,53.131082389884135,53.131082389884135
7109,t,53.131082389884135,53.131082389884135
7110,t,53.131082389884135,53.131082389884135
7111,c,53.131082389884135,53.131082389884135
7112,c,53.131082389884135,53.131082389884135
7113,c,53.131082389884135,53.131082389884135
7114,c,53.131082389884135,53.131082389884135
7115,c,53.131082389884135,53.131082389884135
7116,t,53.131082389884135,53.131082389884135
7117,c,53.131082389884135,53.131082389884135
7118,c,53.131082389884135,53.131082389884135
7119,na,0,10.274458405535377
7120,c,53.131082389884135,53.131082389884135
7121,na,-1,0
7122,t,53.131082389884135,53.131082389884135
7123,c,53.131082389884135,53.131082389884135
7124,c,53.131082389884135,53.131082389884135
7125,c,53.131082389884135,53.131082389884135
7126,t,53.131082389884135,53.131082389884135
7127,c,53.131082389884135,53.131082389884135
7128,c,53.131082389884135,53.131082389884135
7129,c,53.131082389884135,53.131082389884135
7130,c,53.131082389884135,53.131082389884135
7131,c,53.131082389884135,53.131082389884135
7132,c,5.484563654777748,7.122661128733227
7133,c,53.131082389884135,53.131082389884135
7134,na,0,7.273204158548354
7135,c,53.131082389884135,53.131082389884135
7136,c,53.131082389884135,53.131082389884135
7137,c,53.131082389884135,53.131082389884135
7138,c,53.131082389884135,53.131082389884135
7139,c,53.131082389884135,53.131082389884135
7140,c,53.131082389884135,53.131082389884135
7141,c,53.131082389884135,53.131082389884135
7142,c,53.131082389884135,53.131082389884135
7143,c,53.131082389884135,53.131082389884135
7144,c,53.131082389884135,53.131082389884135
7145,c,53.131082389884135,53.131082389884135
7146,c,53.131082389884135,53.131082389884135
7147,t,53.131082389884135,53.131082389884135
7148,c,53.131082389884135,53.131082389884135
7149,c,53.131082389884135,53.131082389884135
7150,t,53.131082389884135,53.131082389884135
7151,c,53.131082389884135,53.131082389884135
7152,c,53.131082389884135,53.131082389884135
7153,c,53.131082389884135,53.131082389884135
7154,c,53.131082389884135,53.131082389884135
7155,c,53.131082389884135,53.131082389884135
7156,c,10.053300935019424,21.926362671122092
7157,c,53.131082389884135,53.131082389884135
7158,c,53.131082389884135,53.131082389884135
7159,c,53.131082389884135,53.131082389884135
7160,t,53.131082389884135,53.131082389884135
7161,c,53.131082389884135,53.131082389884135
7162,c,53.131082389884135,53.131082389884135
7163,t,53.131082389884135,53.131082389884135
7164,c,53.131082389884135,53.131082389884135
7165,c,53.131082389884135,53.131082389884135
7166,t,53.131082389884135,53.131082389884135
7167,c,53.131082389884135,53.131082389884135
7168,c,53.131082389884135,53.131082389884135
7169,c,53.131082389884135,53.131082389884135
7170,c,53.131082389884135,53.131082389884135
7171,c,53.131082389884135,53.131082389884135
7172,c,53.131082389884135,53.131082389884135
7173,c,53.131082389884135,53.131082389884135
7174,c,53.131082389884135,53.131082389884135
7175,t,53.131082389884135,53.131082389884135
7176,c,10.228848596893329,15.938236763102376
7177,c,53.131082389884135,53.131082389884135
7178,t,53.131082389884135,53.131082389884135
7179,c,53.131082389884135,53.131082389884135
7180,c,53.131082389884135,53.131082389884135
7181,c,53.131082389884135,53.131082389884135
7182,c,53.131082389884135,53.131082389884135
7183,c,53.131082389884135,53.131082389884135
7184,c,53.131082389884135,53.131082389884135
7185,c,53.131082389884135,53.131082389884135
7186,c,53.131082389884135,53.131082389884135
7187,c,53.131082389884135,53.131082389884135
7188,t,53.131082389884135,53.131082389884135
7189,c,53.131082389884135,53.131082389884135
7190,c,53.131082389884135,53.131082389884135
7191,t,53.131082389884135,53.131082389884135
7192,t,53.131082389884135,53.131082389884135
7193,c,53.131082389884135,53.131082389884135
7194,c,53.131082389884135,53.131082389884135
7195,c,53.131082389884135,53.131082389884135
7196,c,6.600355250410008,6.900577483184821
7197,c,53.131082389884135,53.131082389884135
7198,c,53.131082389884135,53.131082389884135
7199,c,53.131082389884135,53.131082389884135
7200,t,53.131082389884135,53.131082389884135
7201,c,53.131082389884135,53.131082389884135
7202,c,53.131082389884135,53.131082389884135
7203,c,53.131082389884135,53.131082389884135
7204,na,7.545002818694074,19.569715012580733
7205,c,53.131082389884135,53.131082389884135
7206,c,53.131082389884135,53.131082389884135
7207,c,53.131082389884135,53.131082389884135
7208,c,53.131082389884135,53.131082389884135
7209,c,53.131082389884135,53.131082389884135
7210,c,53.131082389884135,53.131082389884135
7211,c,53.131082389884135,53.131082389884135
7212,t,53.131082389884135,53.131082389884135
7213,c,53.131082389884135,53.131082389884135
7214,c,4.288423519833395,9.596633771475085
7215,c,53.131082389884135,53.131082389884135
7216,c,7.839597512971121,8.539136922332215
7217,na,8.47732518426126,9.24858474788227
7218,t,53.131082389884135,53.131082389884135
7219,c,53.131082389884135,53.131082389884135
7220,t,53.131082389884135,53.131082389884135
7221,c,53.131082389884135,53.131082389884135
7222,t,53.131082389884135,53.131082389884135
7223,c,53.131082389884135,53.131082389884135
7224,c,53.131082389884135,53.131082389884135
7225,c,53.131082389884135,53.131082389884135
7226,na,4.203420737429724,10.177079064964444
7227,c,53.131082389884135,53.131082389884135
7228,na,14.172551809015978,27.91243355524856
7229,c,53.131082389884135,53.131082389884135
7230,c,53.131082389884135,53.131082389884135
7231,c,53.131082389884135,53.131082389884135
7232,t,53.131082389884135,53.131082389884135
7233,c,53.131082389884135,53.131082389884135
7234,c,53.131082389884135,53.131082389884135
7235,c,53.131082389884135,53.131082389884135
7236,c,53.131082389884135,53.131082389884135
7237,t,53.131082389884135,53.131082389884135
7238,c,53.131082389884135,53.131082389884135
7239,t,53.131082389884135,53.131082389884135
7240,c,53.131082389884135,53.131082389884135
7241,c,53.131082389884135,53.131082389884135
7242,t,53.131082389884135,53.131082389884135
7243,c,53.131082389884135,53.131082389884135
7244,c,53.131082389884135,53.131082389884135
7245,c,7.264393501318558,16.704865932795933
7246,c,53.131082389884135,53.131082389884135
7247,c,53.131082389884135,53.131082389884135
7248,c,53.131082389884135,53.131082389884135
7249,c,7.732605163556979,8.27483858153002
7250,c,53.131082389884135,53.131082389884135
7251,c,53.131082389884135,53.131082389884135
7252,c,53.131082389884135,53.131082389884135
7253,c,53.131082389884135,53.131082389884135
7254,c,53.131082389884135,53.131082389884135
7255,c,53.131082389884135,53.131082389884135
7256,c,53.131082389884135,53.131082389884135
7257,c,53.131082389884135,53.131082389884135
7258,c,53.131082389884135,53.131082389884135
7259,na,0,8.3002191337027
7260,c,53.131082389884135,53.131082389884135
7261,c,53.131082389884135,53.131082389884135
7262,t,53.131082389884135,53.131082389884135
7263,t,53.131082389884135,53.131082389884135
7264,c,53.131082389884135,53.131082389884135
7265,c,53.131082389884135,53.131082389884135
7266,c,53.131082389884135,53.131082389884135
7267,c,53.131082389884135,53.131082389884135
7268,t,53.131082389884135,53.131082389884135
7269,c,53.131082389884135,53.131082389884135
7270,c,53.131082389884135,53.131082389884135
7271,c,53.131082389884135,53.131082389884135
7272,c,53.131082389884135,53.131082389884135
7273,c,53.131082389884135,53.131082389884135
7274,c,8.854384624266363,12.851948466692532
7275,c,53.131082389884135,53.131082389884135
7276,c,53.131082389884135,53.131082389884135
7277,c,53.131082389884135,53.131082389884135
7278,c,53.131082389884135,53.131082389884135
7279,t,53.131082389884135,53.131082389884135
7280,c,53.131082389884135,53.131082389884135
7281,t,53.131082389884135,53.131082389884135
7282,c,53.131082389884135,53.131082389884135
7283,c,53.131082389884135,53.131082389884135
7284,c,53.131082389884135,53.131082389884135
7285,t,53.131082389884135,53.131082389884135
7286,c,53.131082389884135,53.131082389884135
7287,c,53.131082389884135,53.131082389884135
7288,c,53.131082389884135,53.131082389884135
7289,c,53.131082389884135,53.131082389884135
7290,t,53.131082389884135,53.131082389884135
7291,t,53.131082389884135,53.131082389884135
7292,c,53.131082389884135,53.131082389884135
7293,c,53.131082389884135,53.131082389884135
7294,c,53.131082389884135,53.131082389884135
7295,c,53.131082389884135,53.131082389884135
7296,c,53.131082389884135,53.131082389884135
7297,t,53.131082389884135,53.131082389884135
7298,c,19.71396463528563,21.119082138536697
7299,t,53.131082389884135,53.131082389884135
7300,t,53.131082389884135,53.131082389884135
7301,c,53.131082389884135,53.131082389884135
7302,c,53.131082389884135,53.131082389884135
7303,c,53.131082389884135,53.131082389884135
7304,c,53.131082389884135,53.131082389884135
7305,c,53.131082389884135,53.131082389884135
7306,t,53.131082389884135,53.131082389884135
7307,c,53.131082389884135,53.131082389884135
7308,c,53.131082389884135,53.131082389884135
7309,c,53.131082389884135,53.131082389884135
7310,na,0,6.5251128155776135
7311,c,53.131082389884135,53.131082389884135
7312,c,53.131082389884135,53.131082389884135
7313,c,53.131082389884135,53.131082389884135
7314,c,53.131082389884135,53.131082389884135
7315,c,53.131082389884135,53.131082389884135
7316,c,53.131082389884135,53.131082389884135
7317,c,6.147782156877729,8.849687190355262
7318,c,53.131082389884135,53.131082389884135
7319,c,53.131082389884135,53.131082389884135
7320,c,53.131082389884135,53.131082389884135
7321,c,53.131082389884135,53.131082389884135
7322,c,53.131082389884135,53.131082389884135
7323,t,53.131082389884135,53.131082389884135
7324,na,-1,0
7325,t,53.131082389884135,53.131082389884135
7326,c,53.131082389884135,53.131082389884135
7327,c,53.131082389884135,53.131082389884135
7328,c,53.131082389884135,53.131082389884135
7329,c,53.131082389884135,53.131082389884135
7330,c,53.131082389884135,53.131082389884135
7331,t,53.131082389884135,53.131082389884135
7332,c,53.131082389884135,53.131082389884135
7333,c,53.131082389884135,53.131082389884135
7334,c,53.131082389884135,53.131082389884135
7335,na,53.131082389884135,53.131082389884135
7336,c,53.131082389884135,53.131082389884135
7337,t,53.131082389884135,53.131082389884135
7338,c,53.131082389884135,53.131082389884135
7339,t,53.131082389884135,53.131082389884135
7340,c,53.131082389884135,53.131082389884135
7341,c,6.150384652820837,8.264741290723608
7342,c,53.131082389884135,53.131082389884135
7343,c,53.131082389884135,53.131082389884135
7344,c,53.131082389884135,53.131082389884135
7345,c,53.131082389884135,53.131082389884135
7346,t,53.131082389884135,53.131082389884135
7347,c,53.131082389884135,53.131082389884135
7348,c,53.131082389884135,53.131082389884135
7349,c,53.131082389884135,53.131082389884135
7350,c,53.131082389884135,53.131082389884135
7351,c,53.131082389884135,53.131082389884135
7352,t,53.131082389884135,53.131082389884135
7353,t,53.131082389884135,53.131082389884135
7354,c,53.131082389884135,53.131082389884135
7355,c,53.131082389884135,53.131082389884135
7356,c,53.131082389884135,53.131082389884135
7357,c,53.131082389884135,53.131082389884135
7358,t,53.131082389884135,53.131082389884135
7359,c,53.131082389884135,53.131082389884135
7360,c,53.131082389884135,53.131082389884135
7361,c,53.131082389884135,53.131082389884135
7362,c,53.131082389884135,53.131082389884135
7363,c,53.131082389884135,53.131082389884135
7364,c,53.131082389884135,53.131082389884135
7365,c,53.131082389884135,53.131082389884135
7366,t,53.131082389884135,53.131082389884135
7367,c,53.131082389884135,53.131082389884135
7368,c,53.131082389884135,53.131082389884135
7369,c,53.131082389884135,53.131082389884135
7370,c,53.131082389884135,53.131082389884135
7371,t,53.131082389884135,53.131082389884135
7372,c,53.131082389884135,53.131082389884135
7373,c,53.131082389884135,53.131082389884135
7374,c,53.131082389884135,53.131082389884135
7375,t,53.131082389884135,53.131082389884135
7376,c,53.131082389884135,53.131082389884135
7377,t,53.131082389884135,53.131082389884135
7378,c,53.131082389884135,53.131082389884135
7379,c,53.131082389884135,53.131082389884135
7380,c,53.131082389884135,53.131082389884135
7381,t,53.131082389884135,53.131082389884135
7382,c,53.131082389884135,53.131082389884135
7383,na,0,5.737001458117437
7384,t,53.131082389884135,53.131082389884135
7385,c,53.131082389884135,53.131082389884135
7386,c,53.131082389884135,53.131082389884135
7387,t,53.131082389884135,53.131082389884135
7388,c,53.131082389884135,53.131082389884135
7389,c,53.131082389884135,53.131082389884135
7390,c,53.131082389884135,53.131082389884135
7391,t,53.131082389884135,53.131082389884135
7392,c,53.131082389884135,53.131082389884135
7393,c,53.131082389884135,53.131082389884135
7394,c,53.131082389884135,53.131082389884135
7395,c,53.131082389884135,53.131082389884135
7396,c,53.131082389884135,53.131082389884135
7397,t,53.131082389884135,53.131082389884135
7398,c,53.131082389884135,53.131082389884135
7399,c,53.131082389884135,53.131082389884135
7400,c,53.131082389884135,53.131082389884135
7401,na,-1,0
7402,t,53.131082389884135,53.131082389884135
7403,t,53.131082389884135,53.131082389884135
7404,t,53.131082389884135,53.131082389884135
7405,c,53.131082389884135,53.131082389884135
7406,c,53.131082389884135,53.131082389884135
7407,c,7.060754589197807,12.666629763037365
7408,c,53.131082389884135,53.131082389884135
7409,c,23.780654872788435,24.09547801894703
7410,c,53.131082389884135,53.131082389884135
7411,c,7.413382250031773,53.131082389884135
7412,c,53.131082389884135,53.131082389884135
7413,c,53.131082389884135,53.131082389884135
7414,t,53.131082389884135,53.131082389884135
7415,c,53.131082389884135,53.131082389884135
7416,c,53.131082389884135,53.131082389884135
7417,c,53.131082389884135,53.131082389884135
7418,c,53.131082389884135,53.131082389884135
7419,t,53.131082389884135,53.131082389884135
7420,c,53.131082389884135,53.131082389884135
7421,c,53.131082389884135,53.131082389884135
7422,c,8.232059398511113,9.27936067845032
7423,c,53.131082389884135,53.131082389884135
7424,c,53.131082389884135,53.131082389884135
7425,c,53.131082389884135,53.131082389884135
7426,c,7.322476842330842,9.417344327720421
7427,c,53.131082389884135,53.131082389884135
7428,c,53.131082389884135,53.131082389884135
7429,c,53.131082389884135,53.131082389884135
7430,c,53.131082389884135,53.131082389884135
7431,c,53.131082389884135,53.131082389884135
7432,t,53.131082389884135,53.131082389884135
7433,c,53.131082389884135,53.131082389884135
7434,t,53.131082389884135,53.131082389884135
7435,c,53.131082389884135,53.131082389884135
7436,c,53.131082389884135,53.131082389884135
7437,c,53.131082389884135,53.131082389884135
7438,c,53.131082389884135,53.131082389884135
7439,c,53.131082389884135,53.131082389884135
7440,c,53.131082389884135,53.131082389884135
7441,t,53.131082389884135,53.131082389884135
7442,c,53.131082389884135,53.131082389884135
7443,t,53.131082389884135,53.131082389884135
7444,c,53.131082389884135,53.131082389884135
7445,c,53.131082389884135,53.131082389884135
7446,c,53.131082389884135,53.131082389884135
7447,t,53.131082389884135,53.131082389884135
7448,c,53.131082389884135,53.131082389884135
7449,c,53.131082389884135,53.131082389884135
7450,t,53.131082389884135,53.131082389884135
7451,t,53.131082389884135,53.131082389884135
7452,c,53.131082389884135,53.131082389884135
7453,c,53.131082389884135,53.131082389884135
7454,c,53.131082389884135,53.131082389884135
7455,na,2.5177896060816662,8.327244936539548
7456,t,53.131082389884135,53.131082389884135
7457,na,4.127167516413055,6.235535874018656
7458,c,53.131082389884135,53.131082389884135
7459,c,53.131082389884135,53.131082389884135
7460,c,53.131082389884135,53.131082389884135
7461,c,53.131082389884135,53.131082389884135
7462,c,53.131082389884135,53.131082389884135
7463,c,53.131082389884135,53.131082389884135
7464,t,53.131082389884135,53.131082389884135
7465,c,53.131082389884135,53.131082389884135
7466,c,53.131082389884135,53.131082389884135
7467,na,-1,0
7468,c,53.131082389884135,53.131082389884135
7469,c,53.131082389884135,53.131082389884135
7470,c,53.131082389884135,53.131082389884135
7471,c,53.131082389884135,53.131082389884135
7472,c,53.131082389884135,53.131082389884135
7473,t,53.131082389884135,53.131082389884135
7474,c,53.131082389884135,53.131082389884135
7475,t,53.131082389884135,53.131082389884135
7476,c,53.131082389884135,53.131082389884135
7477,t,53.131082389884135,53.131082389884135
7478,c,53.131082389884135,53.131082389884135
7479,c,53.131082389884135,53.131082389884135
7480,na,-1,0
7481,c,8.832426369420203,14.427063711102463
7482,t,53.131082389884135,53.131082389884135
7483,c,53.131082389884135,53.131082389884135
7484,t,53.131082389884135,53.131082389884135
7485,c,53.131082389884135,53.131082389884135
7486,c,53.131082389884135,53.131082389884135
7487,c,53.131082389884135,53.131082389884135
7488,c,53.131082389884135,53.131082389884135
7489,c,53.131082389884135,53.131082389884135
7490,c,53.131082389884135,53.131082389884135
7491,c,53.131082389884135,53.131082389884135
7492,c,53.131082389884135,53.131082389884135
7493,c,53.131082389884135,53.131082389884135
7494,c,53.131082389884135,53.131082389884135
7495,c,53.131082389884135,53.131082389884135
7496,t,53.131082389884135,53.131082389884135
7497,na,0,10.409775372472648
7498,c,53.131082389884135,53.131082389884135
7499,c,53.131082389884135,53.131082389884135
7500,c,53.131082389884135,53.131082389884135
7501,c,53.131082389884135,53.131082389884135
7502,c,53.131082389884135,53.131082389884135
7503,c,53.131082389884135,53.131082389884135
7504,c,53.131082389884135,53.131082389884135
7505,c,53.131082389884135,53.131082389884135
7506,c,53.131082389884135,53.131082389884135
7507,c,53.131082389884135,53.131082389884135
7508,c,53.131082389884135,53.131082389884135
7509,c,53.131082389884135,53.131082389884135
7510,c,53.131082389884135,53.131082389884135
7511,na,-1,0
7512,c,53.131082389884135,53.131082389884135
7513,c,53.131082389884135,53.131082389884135
7514,c,53.131082389884135,53.131082389884135
7515,c,53.131082389884135,53.131082389884135
7516,c,53.131082389884135,53.131082389884135
7517,c,53.131082389884135,53.131082389884135
7518,c,53.131082389884135,53.131082389884135
7519,c,53.131082389884135,53.131082389884135
7520,c,53.131082389884135,53.131082389884135
7521,c,53.131082389884135,53.131082389884135
7522,t,53.131082389884135,53.131082389884135
7523,c,53.131082389884135,53.131082389884135
7524,c,53.131082389884135,53.131082389884135
7525,c,53.131082389884135,53.131082389884135
7526,c,53.131082389884135,53.131082389884135
7527,c,53.131082389884135,53.131082389884135
7528,c,53.131082389884135,53.131082389884135
7529,c,53.131082389884135,53.131082389884135
7530,c,53.131082389884135,53.131082389884135
7531,t,53.131082389884135,53.131082389884135
7532,c,53.131082389884135,53.131082389884135
7533,c,53.131082389884135,53.131082389884135
7534,c,53.131082389884135,53.131082389884135
7535,c,53.131082389884135,53.131082389884135
7536,t,53.131082389884135,53.131082389884135
7537,c,11.653291753348713,12.513065096924949
7538,c,53.131082389884135,53.131082389884135
7539,c,53.131082389884135,53.131082389884135
7540,c,53.131082389884135,53.131082389884135
7541,c,53.131082389884135,53.131082389884135
7542,t,53.131082389884135,53.131082389884135
7543,t,53.131082389884135,53.131082389884135
7544,t,53.131082389884135,53.131082389884135
7545,t,53.131082389884135,53.131082389884135
7546,c,53.131082389884135,53.131082389884135
7547,c,53.131082389884135,53.131082389884135
7548,c,53.131082389884135,53.131082389884135
7549,c,53.131082389884135,53.131082389884135
7550,c,53.131082389884135,53.131082389884135
7551,c,53.131082389884135,53.131082389884135
7552,c,53.131082389884135,53.131082389884135
7553,na,3.5934989934174566,9.02546868593247
7554,c,53.131082389884135,53.131082389884135
7555,t,53.131082389884135,53.131082389884135
7556,c,53.131082389884135,53.131082389884135
7557,t,53.131082389884135,53.131082389884135
7558,c,53.131082389884135,53.131082389884135
7559,c,53.131082389884135,53.131082389884135
7560,c,53.131082389884135,53.131082389884135
7561,t,53.131082389884135,53.131082389884135
7562,c,53.131082389884135,53.131082389884135
7563,t,53.131082389884135,53.131082389884135
7564,c,53.131082389884135,53.131082389884135
7565,c,53.131082389884135,53.131082389884135
7566,c,53.131082389884135,53.131082389884135
7567,t,53.131082389884135,53.131082389884135
7568,c,53.131082389884135,53.131082389884135
7569,c,53.131082389884135,53.131082389884135
7570,c,53.131082389884135,53.131082389884135
7571,c,53.131082389884135,53.131082389884135
7572,c,53.131082389884135,53.131082389884135
7573,c,53.131082389884135,53.131082389884135
7574,c,53.131082389884135,53.131082389884135
7575,t,53.131082389884135,53.131082389884135
7576,t,53.131082389884135,53.131082389884135
7577,c,53.131082389884135,53.131082389884135
7578,c,53.131082389884135,53.131082389884135
7579,t,53.131082389884135,53.131082389884135
7580,t,53.131082389884135,53.131082389884135
7581,c,53.131082389884135,53.131082389884135
7582,c,8.96551557200546,25.5585431406299
7583,c,53.131082389884135,53.131082389884135
7584,c,53.131082389884135,53.131082389884135
7585,c,53.131082389884135,53.131082389884135
7586,c,53.131082389884135,53.131082389884135
7587,c,53.131082389884135,53.131082389884135
7588,t,53.131082389884135,53.131082389884135
7589,c,53.131082389884135,53.131082389884135
7590,c,53.131082389884135,53.131082389884135
7591,t,53.131082389884135,53.131082389884135
7592,t,53.131082389884135,53.131082389884135
7593,c,53.131082389884135,53.131082389884135
7594,t,53.131082389884135,53.131082389884135
7595,t,53.131082389884135,53.131082389884135
7596,c,53.131082389884135,53.131082389884135
7597,c,53.131082389884135,53.131082389884135
7598,t,53.131082389884135,53.131082389884135
7599,c,53.131082389884135,53.131082389884135
7600,c,53.131082389884135,53.131082389884135
7601,c,53.131082389884135,53.131082389884135
7602,c,53.131082389884135,53.131082389884135
7603,c,53.131082389884135,53.131082389884135
7604,na,0,5.715955810062535
7605,c,53.131082389884135,53.131082389884135
7606,c,53.131082389884135,53.131082389884135
7607,c,53.131082389884135,53.131082389884135
7608,c,53.131082389884135,53.131082389884135
7609,na,7.944394337487937,10.89504917023588
7610,c,53.131082389884135,53.131082389884135
7611,c,53.131082389884135,53.131082389884135
7612,t,53.131082389884135,53.131082389884135
7613,c,53.131082389884135,53.131082389884135
7614,c,53.131082389884135,53.131082389884135
7615,na,12.024369968611706,15.0587055532058
7616,t,53.131082389884135,53.131082389884135
7617,c,4.482735310884445,12.721418255178301
7618,t,53.131082389884135,53.131082389884135
7619,t,53.131082389884135,53.131082389884135
7620,t,53.131082389884135,53.131082389884135
7621,c,14.453039632733503,17.106222458870068
7622,c,53.131082389884135,53.131082389884135
7623,c,53.131082389884135,53.131082389884135
7624,c,14.697486653603205,18.445285358085687
7625,c,53.131082389884135,53.131082389884135
7626,c,53.131082389884135,53.131082389884135
7627,c,53.131082389884135,53.131082389884135
7628,c,53.131082389884135,53.131082389884135
7629,c,53.131082389884135,53.131082389884135
7630,c,53.131082389884135,53.131082389884135
7631,t,53.131082389884135,53.131082389884135
7632,t,53.131082389884135,53.131082389884135
7633,c,53.131082389884135,53.131082389884135
7634,t,53.131082389884135,53.131082389884135
7635,c,53.131082389884135,53.131082389884135
7636,c,53.131082389884135,53.131082389884135
7637,c,53.131082389884135,53.131082389884135
7638,c,53.131082389884135,53.131082389884135
7639,c,53.131082389884135,53.131082389884135
7640,c,8.99147803669049,18.864219335021982
7641,t,53.131082389884135,53.131082389884135
7642,c,53.131082389884135,53.131082389884135
7643,c,53.131082389884135,53.131082389884135
7644,c,4.7260526895769885,4.903163617499706
7645,t,53.131082389884135,53.131082389884135
7646,c,53.131082389884135,53.131082389884135
7647,c,53.131082389884135,53.131082389884135
7648,c,53.131082389884135,53.131082389884135
7649,c,53.131082389884135,53.131082389884135
7650,c,53.131082389884135,53.131082389884135
7651,t,53.131082389884135,53.131082389884135
7652,c,53.131082389884135,53.131082389884135
7653,c,53.131082389884135,53.131082389884135
7654,t,53.131082389884135,53.131082389884135
7655,c,53.131082389884135,53.131082389884135
7656,c,53.131082389884135,53.131082389884135
7657,c,53.131082389884135,53.131082389884135
7658,c,53.131082389884135,53.131082389884135
7659,c,53.131082389884135,53.131082389884135
7660,c,53.131082389884135,53.131082389884135
7661,c,53.131082389884135,53.131082389884135
7662,c,53.131082389884135,53.131082389884135
7663,c,3.9713235188251175,14.604783144952375
7664,t,53.131082389884135,53.131082389884135
7665,c,53.131082389884135,53.131082389884135
7666,c,53.131082389884135,53.131082389884135
7667,c,6.266722814139961,11.497058108354413
7668,t,53.131082389884135,53.131082389884135
7669,c,53.131082389884135,53.131082389884135
7670,t,53.131082389884135,53.131082389884135
7671,t,53.131082389884135,53.131082389884135
7672,t,53.131082389884135,53.131082389884135
7673,na,0,0.9158740312252115
7674,c,53.131082389884135,53.131082389884135
7675,c,41.64988446825669,42.81907442067575
7676,c,53.131082389884135,53.131082389884135
7677,t,53.131082389884135,53.131082389884135
7678,c,53.131082389884135,53.131082389884135
7679,c,15.24102840254975,53.131082389884135
7680,t,53.131082389884135,53.131082389884135
7681,c,53.131082389884135,53.131082389884135
7682,c,53.131082389884135,53.131082389884135
7683,t,53.131082389884135,53.131082389884135
7684,t,53.131082389884135,53.131082389884135
7685,c,53.131082389884135,53.131082389884135
7686,t,53.131082389884135,53.131082389884135
7687,c,53.131082389884135,53.131082389884135
7688,c,53.131082389884135,53.131082389884135
7689,na,4.529325885079931,5.013314913735111
7690,c,53.131082389884135,53.131082389884135
7691,t,53.131082389884135,53.131082389884135
7692,c,53.131082389884135,53.131082389884135
7693,c,53.131082389884135,53.131082389884135
7694,c,53.131082389884135,53.131082389884135
7695,c,53.131082389884135,53.131082389884135
7696,c,53.131082389884135,53.131082389884135
7697,c,53.131082389884135,53.131082389884135
7698,c,53.131082389884135,53.131082389884135
7699,c,53.131082389884135,53.131082389884135
7700,c,53.131082389884135,53.131082389884135
7701,c,53.131082389884135,53.131082389884135
7702,c,21.517118785687586,26.40566908813787
7703,c,53.131082389884135,53.131082389884135
7704,c,53.131082389884135,53.131082389884135
7705,c,53.131082389884135,53.131082389884135
7706,c,53.131082389884135,53.131082389884135
7707,c,53.131082389884135,53.131082389884135
7708,c,53.131082389884135,53.131082389884135
7709,c,53.131082389884135,53.131082389884135
7710,t,53.131082389884135,53.131082389884135
7711,c,53.131082389884135,53.131082389884135
7712,c,53.131082389884135,53.131082389884135
7713,c,53.131082389884135,53.131082389884135
7714,c,53.131082389884135,53.131082389884135
7715,c,18.268889069164217,20.08159979084921
7716,c,53.131082389884135,53.131082389884135
7717,t,53.131082389884135,53.131082389884135
7718,c,53.131082389884135,53.131082389884135
7719,c,53.131082389884135,53.131082389884135
7720,c,53.131082389884135,53.131082389884135
7721,c,53.131082389884135,53.131082389884135
7722,c,53.131082389884135,53.131082389884135
7723,t,53.131082389884135,53.131082389884135
7724,c,53.131082389884135,53.131082389884135
7725,c,53.131082389884135,53.131082389884135
7726,c,53.131082389884135,53.131082389884135
7727,c,53.131082389884135,53.131082389884135
7728,c,53.131082389884135,53.131082389884135
7729,t,53.131082389884135,53.131082389884135
7730,c,53.131082389884135,53.131082389884135
7731,c,53.131082389884135,53.131082389884135
7732,c,53.131082389884135,53.131082389884135
7733,c,53.131082389884135,53.131082389884135
7734,c,53.131082389884135,53.131082389884135
7735,c,53.131082389884135,53.131082389884135
7736,c,53.131082389884135,53.131082389884135
7737,c,11.71510030867925,13.731130174260727
7738,t,53.131082389884135,53.131082389884135
7739,c,53.131082389884135,53.131082389884135
7740,c,53.131082389884135,53.131082389884135
7741,c,53.131082389884135,53.131082389884135
7742,c,53.131082389884135,53.131082389884135
7743,c,53.131082389884135,53.131082389884135
7744,t,53.131082389884135,53.131082389884135
7745,c,53.131082389884135,53.131082389884135
7746,c,53.131082389884135,53.131082389884135
7747,c,53.131082389884135,53.131082389884135
7748,c,53.131082389884135,53.131082389884135
7749,c,53.131082389884135,53.131082389884135
7750,c,53.131082389884135,53.131082389884135
7751,c,53.131082389884135,53.131082389884135
7752,c,53.131082389884135,53.131082389884135
7753,t,53.131082389884135,53.131082389884135
7754,c,53.131082389884135,53.131082389884135
7755,c,53.131082389884135,53.131082389884135
7756,t,53.131082389884135,53.131082389884135
7757,c,53.131082389884135,53.131082389884135
7758,c,53.131082389884135,53.131082389884135
7759,c,19.047219886257846,20.891244614410272
7760,c,53.131082389884135,53.131082389884135
7761,t,53.131082389884135,53.131082389884135
7762,na,6.868983095297871,8.581059309210941
7763,c,53.131082389884135,53.131082389884135
7764,c,53.131082389884135,53.131082389884135
7765,c,53.131082389884135,53.131082389884135
7766,c,53.131082389884135,53.131082389884135
7767,c,20.654115719303554,22.609027529033074
7768,t,53.131082389884135,53.131082389884135
7769,c,18.9007319257455,21.251057806369317
7770,t,53.131082389884135,53.131082389884135
7771,c,53.131082389884135,53.131082389884135
7772,c,24.339651805021674,25.783989817442325
7773,c,53.131082389884135,53.131082389884135
7774,c,53.131082389884135,53.131082389884135
7775,c,53.131082389884135,53.131082389884135
7776,c,53.131082389884135,53.131082389884135
7777,c,53.131082389884135,53.131082389884135
7778,t,53.131082389884135,53.131082389884135
7779,t,53.131082389884135,53.131082389884135
7780,c,53.131082389884135,53.131082389884135
7781,c,53.131082389884135,53.131082389884135
7782,c,53.131082389884135,53.131082389884135
7783,c,53.131082389884135,53.131082389884135
7784,t,53.131082389884135,53.131082389884135
7785,c,53.131082389884135,53.131082389884135
7786,c,53.131082389884135,53.131082389884135
7787,c,53.131082389884135,53.131082389884135
7788,c,53.131082389884135,53.131082389884135
7789,c,53.131082389884135,53.131082389884135
7790,c,53.131082389884135,53.131082389884135
7791,c,53.131082389884135,53.131082389884135
7792,c,53.131082389884135,53.131082389884135
7793,c,53.131082389884135,53.131082389884135
7794,c,53.131082389884135,53.131082389884135
7795,c,53.131082389884135,53.131082389884135
7796,c,53.131082389884135,53.131082389884135
7797,c,53.131082389884135,53.131082389884135
7798,t,53.131082389884135,53.131082389884135
7799,c,53.131082389884135,53.131082389884135
7800,c,53.131082389884135,53.131082389884135
7801,c,53.131082389884135,53.131082389884135
7802,t,53.131082389884135,53.131082389884135
7803,c,53.131082389884135,53.131082389884135
7804,c,53.131082389884135,53.131082389884135
7805,c,53.131082389884135,53.131082389884135
7806,c,53.131082389884135,53.131082389884135
7807,c,53.131082389884135,53.131082389884135
7808,c,53.131082389884135,53.131082389884135
7809,c,53.131082389884135,53.131082389884135
7810,t,53.131082389884135,53.131082389884135
7811,t,53.131082389884135,53.131082389884135
7812,c,53.131082389884135,53.131082389884135
7813,c,53.131082389884135,53.131082389884135
7814,c,15.160841405362001,26.35145051268641
7815,c,53.131082389884135,53.131082389884135
7816,c,53.131082389884135,53.131082389884135
7817,c,53.131082389884135,53.131082389884135
7818,c,53.131082389884135,53.131082389884135
7819,c,53.131082389884135,53.131082389884135
7820,c,53.131082389884135,53.131082389884135
7821,c,53.131082389884135,53.131082389884135
7822,c,53.131082389884135,53.131082389884135
7823,c,53.131082389884135,53.131082389884135
7824,t,53.131082389884135,53.131082389884135
7825,c,53.131082389884135,53.131082389884135
7826,c,53.131082389884135,53.131082389884135
7827,t,53.131082389884135,53.131082389884135
7828,c,21.592949345401237,23.113265315313967
7829,c,53.131082389884135,53.131082389884135
7830,t,53.131082389884135,53.131082389884135
7831,c,53.131082389884135,53.131082389884135
7832,t,53.131082389884135,53.131082389884135
7833,c,53.131082389884135,53.131082389884135
7834,c,53.131082389884135,53.131082389884135
7835,na,1.7731186141231665,4.814237890849464
7836,c,53.131082389884135,53.131082389884135
7837,na,0,2.042236062534113
7838,t,53.131082389884135,53.131082389884135
7839,t,53.131082389884135,53.131082389884135
7840,na,-1,0
7841,t,53.131082389884135,53.131082389884135
7842,t,53.131082389884135,53.131082389884135
7843,t,53.131082389884135,53.131082389884135
7844,c,53.131082389884135,53.131082389884135
7845,t,53.131082389884135,53.131082389884135
7846,t,53.131082389884135,53.131082389884135
7847,c,53.131082389884135,53.131082389884135
7848,c,10.05139237895693,14.288941057661976
7849,na,0,11.79671293796798
7850,t,53.131082389884135,53.131082389884135
7851,c,53.131082389884135,53.131082389884135
7852,c,53.131082389884135,53.131082389884135
7853,c,53.131082389884135,53.131082389884135
7854,c,53.131082389884135,53.131082389884135
7855,c,53.131082389884135,53.131082389884135
7856,c,53.131082389884135,53.131082389884135
7857,c,53.131082389884135,53.131082389884135
7858,c,53.131082389884135,53.131082389884135
7859,c,53.131082389884135,53.131082389884135
7860,c,53.131082389884135,53.131082389884135
7861,c,53.131082389884135,53.131082389884135
7862,c,53.131082389884135,53.131082389884135
7863,c,53.131082389884135,53.131082389884135
7864,c,53.131082389884135,53.131082389884135
7865,c,53.131082389884135,53.131082389884135
7866,c,53.131082389884135,53.131082389884135
7867,c,53.131082389884135,53.131082389884135
7868,c,53.131082389884135,53.131082389884135
7869,c,53.131082389884135,53.131082389884135
7870,c,53.131082389884135,53.131082389884135
7871,c,53.131082389884135,53.131082389884135
7872,c,53.131082389884135,53.131082389884135
7873,c,0.23552277789630888,53.131082389884135
7874,c,53.131082389884135,53.131082389884135
7875,c,53.131082389884135,53.131082389884135
7876,c,53.131082389884135,53.131082389884135
7877,c,53.131082389884135,53.131082389884135
7878,t,53.131082389884135,53.131082389884135
7879,c,53.131082389884135,53.131082389884135
7880,c,53.131082389884135,53.131082389884135
7881,c,53.131082389884135,53.131082389884135
7882,c,53.131082389884135,53.131082389884135
7883,c,53.131082389884135,53.131082389884135
7884,c,53.131082389884135,53.131082389884135
7885,c,53.131082389884135,53.131082389884135
7886,c,53.131082389884135,53.131082389884135
7887,t,53.131082389884135,53.131082389884135
7888,c,53.131082389884135,53.131082389884135
7889,t,53.131082389884135,53.131082389884135
7890,c,4.088599849013469,5.458619069526726
7891,c,53.131082389884135,53.131082389884135
7892,c,53.131082389884135,53.131082389884135
7893,t,53.131082389884135,53.131082389884135
7894,na,6.356070138733699,11.713927127988594
7895,c,53.131082389884135,53.131082389884135
7896,c,53.131082389884135,53.131082389884135
7897,c,53.131082389884135,53.131082389884135
7898,c,53.131082389884135,53.131082389884135
7899,c,53.131082389884135,53.131082389884135
7900,t,53.131082389884135,53.131082389884135
7901,c,53.131082389884135,53.131082389884135
7902,c,53.131082389884135,53.131082389884135
7903,c,53.131082389884135,53.131082389884135
7904,c,53.131082389884135,53.131082389884135
7905,t,53.131082389884135,53.131082389884135
7906,t,53.131082389884135,53.131082389884135
7907,c,53.131082389884135,53.131082389884135
7908,c,53.131082389884135,53.131082389884135
7909,c,15.132827752741143,19.257224007832416
7910,c,53.131082389884135,53.131082389884135
7911,c,53.131082389884135,53.131082389884135
7912,c,53.131082389884135,53.131082389884135
7913,c,53.131082389884135,53.131082389884135
7914,c,53.131082389884135,53.131082389884135
7915,t,53.131082389884135,53.131082389884135
7916,c,53.131082389884135,53.131082389884135
7917,c,53.131082389884135,53.131082389884135
7918,c,53.131082389884135,53.131082389884135
7919,t,53.131082389884135,53.131082389884135
7920,t,53.131082389884135,53.131082389884135
7921,na,1.1672257541148312,2.7935102660202595
7922,c,53.131082389884135,53.131082389884135
7923,t,53.131082389884135,53.131082389884135
7924,c,53.131082389884135,53.131082389884135
7925,c,53.131082389884135,53.131082389884135
7926,c,53.131082389884135,53.131082389884135
7927,c,53.131082389884135,53.131082389884135
7928,c,53.131082389884135,53.131082389884135
7929,c,53.131082389884135,53.131082389884135
7930,c,53.131082389884135,53.131082389884135
7931,t,53.131082389884135,53.131082389884135
7932,c,53.131082389884135,53.131082389884135
7933,c,53.131082389884135,53.131082389884135
7934,c,53.131082389884135,53.131082389884135
7935,t,53.131082389884135,53.131082389884135
7936,c,53.131082389884135,53.131082389884135
7937,c,53.131082389884135,53.131082389884135
7938,t,53.131082389884135,53.131082389884135
7939,c,53.131082389884135,53.131082389884135
7940,c,53.131082389884135,53.131082389884135
7941,t,53.131082389884135,53.131082389884135
7942,c,53.131082389884135,53.131082389884135
7943,c,53.131082389884135,53.131082389884135
7944,c,53.131082389884135,53.131082389884135
7945,t,53.131082389884135,53.131082389884135
7946,c,53.131082389884135,53.131082389884135
7947,c,53.131082389884135,53.131082389884135
7948,c,53.131082389884135,53.131082389884135
7949,c,53.131082389884135,53.131082389884135
7950,c,6.9090237328864506,24.40501015667491
7951,t,53.131082389884135,53.131082389884135
7952,c,53.131082389884135,53.131082389884135
7953,c,53.131082389884135,53.131082389884135
7954,c,53.131082389884135,53.131082389884135
7955,c,53.131082389884135,53.131082389884135
7956,c,53.131082389884135,53.131082389884135
7957,c,53.131082389884135,53.131082389884135
7958,t,53.131082389884135,53.131082389884135
7959,c,53.131082389884135,53.131082389884135
7960,t,53.131082389884135,53.131082389884135
7961,c,53.131082389884135,53.131082389884135
7962,c,53.131082389884135,53.131082389884135
7963,c,53.131082389884135,53.131082389884135
7964,t,53.131082389884135,53.131082389884135
7965,t,53.131082389884135,53.131082389884135
7966,c,2.688444098849479,4.779081640200886
7967,c,53.131082389884135,53.131082389884135
7968,na,3.2604321267917595,6.541290675618913
7969,c,53.131082389884135,53.131082389884135
7970,c,53.131082389884135,53.131082389884135
7971,c,53.131082389884135,53.131082389884135
7972,c,53.131082389884135,53.131082389884135
7973,c,53.131082389884135,53.131082389884135
7974,c,53.131082389884135,53.131082389884135
7975,c,53.131082389884135,53.131082389884135
7976,t,53.131082389884135,53.131082389884135
7977,c,53.131082389884135,53.131082389884135
7978,c,53.131082389884135,53.131082389884135
7979,c,53.131082389884135,53.131082389884135
7980,c,53.131082389884135,53.131082389884135
7981,t,53.131082389884135,53.131082389884135
7982,c,53.131082389884135,53.131082389884135
7983,c,53.131082389884135,53.131082389884135
7984,t,53.131082389884135,53.131082389884135
7985,c,53.131082389884135,53.131082389884135
7986,t,53.131082389884135,53.131082389884135
7987,c,15.962603099011751,16.47345749605662
7988,c,53.131082389884135,53.131082389884135
7989,c,53.131082389884135,53.131082389884135
7990,t,53.131082389884135,53.131082389884135
7991,t,53.131082389884135,53.131082389884135
7992,t,53.131082389884135,53.131082389884135
7993,c,53.131082389884135,53.131082389884135
7994,c,53.131082389884135,53.131082389884135
7995,c,53.131082389884135,53.131082389884135
7996,c,53.131082389884135,53.131082389884135
7997,c,53.131082389884135,53.131082389884135
7998,c,53.131082389884135,53.131082389884135
7999,t,53.131082389884135,53.131082389884135
8000,t,53.131082389884135,53.131082389884135
8001,c,53.131082389884135,53.131082389884135
8002,c,53.131082389884135,53.131082389884135
8003,t,53.131082389884135,53.131082389884135
8004,t,53.131082389884135,53.131082389884135
8005,c,53.131082389884135,53.131082389884135
8006,t,53.131082389884135,53.131082389884135
8007,t,53.131082389884135,53.131082389884135
8008,c,53.131082389884135,53.131082389884135
8009,t,53.131082389884135,53.131082389884135
8010,c,53.131082389884135,53.131082389884135
8011,t,53.131082389884135,53.131082389884135
8012,c,53.131082389884135,53.131082389884135
8013,na,-1,0
8014,c,53.131082389884135,53.131082389884135
8015,c,53.131082389884135,53.131082389884135
8016,t,53.131082389884135,53.131082389884135
8017,c,53.131082389884135,53.131082389884135
8018,c,53.131082389884135,53.131082389884135
8019,t,53.131082389884135,53.131082389884135
8020,c,53.131082389884135,53.131082389884135
8021,c,53.131082389884135,53.131082389884135
8022,na,8.854236685823322,12.850296441503632
8023,t,53.131082389884135,53.131082389884135
8024,c,53.131082389884135,53.131082389884135
8025,c,53.131082389884135,53.131082389884135
8026,c,53.131082389884135,53.131082389884135
8027,c,53.131082389884135,53.131082389884135
8028,c,53.131082389884135,53.131082389884135
8029,t,53.131082389884135,53.131082389884135
8030,c,9.032682273945403,10.796997888753781
8031,c,53.131082389884135,53.131082389884135
8032,c,53.131082389884135,53.131082389884135
8033,c,53.131082389884135,53.131082389884135
8034,c,53.131082389884135,53.131082389884135
8035,t,53.131082389884135,53.131082389884135
8036,c,53.131082389884135,53.131082389884135
8037,c,53.131082389884135,53.131082389884135
8038,c,53.131082389884135,53.131082389884135
8039,c,53.131082389884135,53.131082389884135
8040,c,53.131082389884135,53.131082389884135
8041,c,53.131082389884135,53.131082389884135
8042,t,53.131082389884135,53.131082389884135
8043,c,53.131082389884135,53.131082389884135
8044,c,53.131082389884135,53.131082389884135
8045,c,53.131082389884135,53.131082389884135
8046,c,53.131082389884135,53.131082389884135
8047,c,53.131082389884135,53.131082389884135
8048,na,4.410991034227566,9.666377243884188
8049,t,53.131082389884135,53.131082389884135
8050,t,53.131082389884135,53.131082389884135
8051,c,53.131082389884135,53.131082389884135
8052,t,53.131082389884135,53.131082389884135
8053,t,53.131082389884135,53.131082389884135
8054,na,1.668414146278384,20.409068644902863
8055,c,53.131082389884135,53.131082389884135
8056,c,53.131082389884135,53.131082389884135
8057,c,53.131082389884135,53.131082389884135
8058,c,53.131082389884135,53.131082389884135
8059,t,53.131082389884135,53.131082389884135
8060,c,53.131082389884135,53.131082389884135
8061,c,53.131082389884135,53.131082389884135
8062,t,53.131082389884135,53.131082389884135
8063,c,53.131082389884135,53.131082389884135
8064,c,53.131082389884135,53.131082389884135
8065,c,53.131082389884135,53.131082389884135
8066,c,53.131082389884135,53.131082389884135
8067,c,53.131082389884135,53.131082389884135
8068,c,53.131082389884135,53.131082389884135
8069,c,53.131082389884135,53.131082389884135
8070,c,53.131082389884135,53.131082389884135
8071,c,53.131082389884135,53.131082389884135
8072,c,53.131082389884135,53.131082389884135
8073,t,53.131082389884135,53.131082389884135
8074,c,53.131082389884135,53.131082389884135
8075,c,53.131082389884135,53.131082389884135
8076,na,1.509103866243637,3.4325065515935367
8077,c,53.131082389884135,53.131082389884135
8078,c,53.131082389884135,53.131082389884135
8079,c,53.131082389884135,53.131082389884135
8080,c,53.131082389884135,53.131082389884135
8081,c,53.131082389884135,53.131082389884135
8082,c,53.131082389884135,53.131082389884135
8083,c,53.131082389884135,53.131082389884135
8084,c,53.131082389884135,53.131082389884135
8085,t,53.131082389884135,53.131082389884135
8086,c,53.131082389884135,53.131082389884135
8087,c,53.131082389884135,53.131082389884135
8088,t,53.131082389884135,53.131082389884135
8089,c,53.131082389884135,53.131082389884135
8090,c,53.131082389884135,53.131082389884135
8091,c,53.131082389884135,53.131082389884135
8092,c,53.131082389884135,53.131082389884135
8093,t,53.131082389884135,53.131082389884135
8094,t,53.131082389884135,53.131082389884135
8095,c,53.131082389884135,53.131082389884135
8096,t,53.131082389884135,53.131082389884135
8097,c,53.131082389884135,53.131082389884135
8098,c,53.131082389884135,53.131082389884135
8099,c,53.131082389884135,53.131082389884135
8100,c,53.131082389884135,53.131082389884135
8101,t,53.131082389884135,53.131082389884135
8102,c,53.131082389884135,53.131082389884135
8103,c,53.131082389884135,53.131082389884135
8104,c,53.131082389884135,53.131082389884135
8105,c,53.131082389884135,53.131082389884135
8106,c,53.131082389884135,53.131082389884135
8107,c,53.131082389884135,53.131082389884135
8108,c,53.131082389884135,53.131082389884135
8109,c,53.131082389884135,53.131082389884135
8110,c,53.131082389884135,53.131082389884135
8111,c,53.131082389884135,53.131082389884135
8112,t,53.131082389884135,53.131082389884135
8113,c,53.131082389884135,53.131082389884135
8114,c,53.131082389884135,53.131082389884135
8115,c,53.131082389884135,53.131082389884135
8116,c,53.131082389884135,53.131082389884135
8117,c,53.131082389884135,53.131082389884135
8118,t,53.131082389884135,53.131082389884135
8119,c,53.131082389884135,53.131082389884135
8120,c,53.131082389884135,53.131082389884135
8121,c,53.131082389884135,53.131082389884135
8122,c,53.131082389884135,53.131082389884135
8123,c,53.131082389884135,53.131082389884135
8124,na,0,1.87485942255806
8125,c,53.131082389884135,53.131082389884135
8126,t,53.131082389884135,53.131082389884135
8127,c,53.131082389884135,53.131082389884135
8128,c,53.131082389884135,53.131082389884135
8129,c,53.131082389884135,53.131082389884135
8130,c,53.131082389884135,53.131082389884135
8131,c,6.826341596523012,10.708199812273199
8132,c,53.131082389884135,53.131082389884135
8133,c,53.131082389884135,53.131082389884135
8134,t,53.131082389884135,53.131082389884135
8135,t,53.131082389884135,53.131082389884135
8136,c,53.131082389884135,53.131082389884135
8137,c,53.131082389884135,53.131082389884135
8138,c,53.131082389884135,53.131082389884135
8139,c,53.131082389884135,53.131082389884135
8140,t,53.131082389884135,53.131082389884135
8141,c,53.131082389884135,53.131082389884135
8142,c,53.131082389884135,53.131082389884135
8143,c,53.131082389884135,53.131082389884135
8144,c,53.131082389884135,53.131082389884135
8145,c,53.131082389884135,53.131082389884135
8146,c,53.131082389884135,53.131082389884135
8147,c,53.131082389884135,53.131082389884135
8148,t,53.131082389884135,53.131082389884135
8149,c,53.131082389884135,53.131082389884135
8150,c,53.131082389884135,53.131082389884135
8151,c,53.131082389884135,53.131082389884135
8152,c,53.131082389884135,53.131082389884135
8153,c,53.131082389884135,53.131082389884135
8154,t,53.131082389884135,53.131082389884135
8155,c,53.131082389884135,53.131082389884135
8156,c,53.131082389884135,53.131082389884135
8157,c,53.131082389884135,53.131082389884135
8158,c,53.131082389884135,53.131082389884135
8159,c,53.131082389884135,53.131082389884135
8160,t,53.131082389884135,53.131082389884135
8161,c,53.131082389884135,53.131082389884135
8162,t,53.131082389884135,53.131082389884135
8163,t,53.131082389884135,53.131082389884135
8164,c,53.131082389884135,53.131082389884135
8165,t,53.131082389884135,53.131082389884135
8166,t,53.131082389884135,53.131082389884135
8167,c,53.131082389884135,53.131082389884135
8168,c,53.131082389884135,53.131082389884135
8169,c,53.131082389884135,53.131082389884135
8170,c,53.131082389884135,53.131082389884135
8171,c,53.131082389884135,53.131082389884135
8172,c,53.131082389884135,53.131082389884135
8173,c,53.131082389884135,53.131082389884135
8174,t,53.131082389884135,53.131082389884135
8175,c,53.131082389884135,53.131082389884135
8176,na,0,1.2499498639366362
8177,t,53.131082389884135,53.131082389884135
8178,c,53.131082389884135,53.131082389884135
8179,c,22.015780691599872,23.796161904859805
8180,t,53.131082389884135,53.131082389884135
8181,t,53.131082389884135,53.131082389884135
8182,c,53.131082389884135,53.131082389884135
8183,c,53.131082389884135,53.131082389884135
8184,c,53.131082389884135,53.131082389884135
8185,c,53.131082389884135,53.131082389884135
8186,c,53.131082389884135,53.131082389884135
8187,c,53.131082389884135,53.131082389884135
8188,t,53.131082389884135,53.131082389884135
8189,c,53.131082389884135,53.131082389884135
8190,c,53.131082389884135,53.131082389884135
8191,c,53.131082389884135,53.131082389884135
8192,t,53.131082389884135,53.131082389884135
8193,c,53.131082389884135,53.131082389884135
8194,c,53.131082389884135,53.131082389884135
8195,t,53.131082389884135,53.131082389884135
8196,na,10.800497273586414,12.42790768766599
8197,c,53.131082389884135,53.131082389884135
8198,t,53.131082389884135,53.131082389884135
8199,c,53.131082389884135,53.131082389884135
8200,c,53.131082389884135,53.131082389884135
8201,c,53.131082389884135,53.131082389884135
8202,c,53.131082389884135,53.131082389884135
8203,c,12.784049684517324,16.77534925822606
8204,t,53.131082389884135,53.131082389884135
8205,c,53.131082389884135,53.131082389884135
8206,c,53.131082389884135,53.131082389884135
8207,c,53.131082389884135,53.131082389884135
8208,c,53.131082389884135,53.131082389884135
8209,t,53.131082389884135,53.131082389884135
8210,c,53.131082389884135,53.131082389884135
8211,c,6.8979704188748725,19.2074355870211
8212,c,53.131082389884135,53.131082389884135
8213,t,53.131082389884135,53.131082389884135
8214,c,53.131082389884135,53.131082389884135
8215,c,53.131082389884135,53.131082389884135
8216,c,53.131082389884135,53.131082389884135
8217,c,53.131082389884135,53.131082389884135
8218,c,53.131082389884135,53.131082389884135
8219,c,53.131082389884135,53.131082389884135
8220,c,53.131082389884135,53.131082389884135
8221,c,53.131082389884135,53.131082389884135
8222,c,53.131082389884135,53.131082389884135
8223,c,53.131082389884135,53.131082389884135
8224,c,53.131082389884135,53.131082389884135
8225,t,53.131082389884135,53.131082389884135
8226,t,53.131082389884135,53.131082389884135
8227,c,53.131082389884135,53.131082389884135
8228,c,53.131082389884135,53.131082389884135
8229,t,53.131082389884135,53.131082389884135
8230,c,53.131082389884135,53.131082389884135
8231,c,53.131082389884135,53.131082389884135
8232,na,7.669413459012898,14.641353010245657
8233,c,53.131082389884135,53.131082389884135
8234,c,53.131082389884135,53.131082389884135
8235,c,53.131082389884135,53.131082389884135
8236,t,53.131082389884135,53.131082389884135
8237,t,53.131082389884135,53.131082389884135
8238,c,53.131082389884135,53.131082389884135
8239,t,53.131082389884135,53.131082389884135
8240,c,53.131082389884135,53.131082389884135
8241,c,18.005752431432004,21.06844346727007
8242,c,53.131082389884135,53.131082389884135
8243,c,4.756113588223492,5.412801760403915
8244,t,53.131082389884135,53.131082389884135
8245,c,53.131082389884135,53.131082389884135
8246,c,53.131082389884135,53.131082389884135
8247,t,53.131082389884135,53.131082389884135
8248,c,6.7951895507651185,16.454304521446307
8249,t,53.131082389884135,53.131082389884135
8250,c,53.131082389884135,53.131082389884135
8251,na,22.02258004307118,29.58435803483326
8252,c,53.131082389884135,53.131082389884135
8253,c,3.336242775104318,4.446445626779254
8254,na,-1,0
8255,na,3.7484348699876695,7.634586585938976
8256,c,53.131082389884135,53.131082389884135
8257,c,53.131082389884135,53.131082389884135
8258,na,7.14222418941332,7.171558795061656
8259,c,53.131082389884135,53.131082389884135
8260,c,53.131082389884135,53.131082389884135
8261,c,53.131082389884135,53.131082389884135
8262,c,53.131082389884135,53.131082389884135
8263,c,53.131082389884135,53.131082389884135
8264,c,53.131082389884135,53.131082389884135
8265,c,53.131082389884135,53.131082389884135
8266,c,8.185174165029288,9.718839454198275
8267,c,53.131082389884135,53.131082389884135
8268,t,53.131082389884135,53.131082389884135
8269,c,53.131082389884135,53.131082389884135
8270,c,53.131082389884135,53.131082389884135
8271,c,53.131082389884135,53.131082389884135
8272,t,53.131082389884135,53.131082389884135
8273,c,53.131082389884135,53.131082389884135
8274,c,53.131082389884135,53.131082389884135
8275,t,53.131082389884135,53.131082389884135
8276,c,53.131082389884135,53.131082389884135
8277,c,53.131082389884135,53.131082389884135
8278,c,53.131082389884135,53.131082389884135
8279,c,53.131082389884135,53.131082389884135
8280,c,53.131082389884135,53.131082389884135
8281,c,53.131082389884135,53.131082389884135
8282,c,53.131082389884135,53.131082389884135
8283,c,53.131082389884135,53.131082389884135
8284,c,19.20062472638416,24.27584378276357
8285,c,53.131082389884135,53.131082389884135
8286,c,53.131082389884135,53.131082389884135
8287,c,53.131082389884135,53.131082389884135
8288,c,53.131082389884135,53.131082389884135
8289,c,53.131082389884135,53.131082389884135
8290,c,53.131082389884135,53.131082389884135
8291,c,53.131082389884135,53.131082389884135
8292,c,53.131082389884135,53.131082389884135
8293,c,53.131082389884135,53.131082389884135
8294,c,53.131082389884135,53.131082389884135
8295,t,53.131082389884135,53.131082389884135
8296,c,53.131082389884135,53.131082389884135
8297,c,53.131082389884135,53.131082389884135
8298,c,53.131082389884135,53.131082389884135
8299,c,53.131082389884135,53.131082389884135
8300,c,53.131082389884135,53.131082389884135
8301,t,53.131082389884135,53.131082389884135
8302,c,53.131082389884135,53.131082389884135
8303,c,53.131082389884135,53.131082389884135
8304,c,53.131082389884135,53.131082389884135
8305,t,53.131082389884135,53.131082389884135
8306,c,53.131082389884135,53.131082389884135
8307,c,53.131082389884135,53.131082389884135
8308,c,53.131082389884135,53.131082389884135
8309,c,53.131082389884135,53.131082389884135
8310,c,53.131082389884135,53.131082389884135
8311,c,53.131082389884135,53.131082389884135
8312,c,53.131082389884135,53.131082389884135
8313,c,53.131082389884135,53.131082389884135
8314,c,53.131082389884135,53.131082389884135
8315,c,53.131082389884135,53.131082389884135
8316,t,53.131082389884135,53.131082389884135
8317,c,53.131082389884135,53.131082389884135
8318,c,53.131082389884135,53.131082389884135
8319,c,53.131082389884135,53.131082389884135
8320,c,53.131082389884135,53.131082389884135
8321,c,53.131082389884135,53.131082389884135
8322,c,53.131082389884135,53.131082389884135
8323,c,53.131082389884135,53.131082389884135
8324,t,53.131082389884135,53.131082389884135
8325,c,53.131082389884135,53.131082389884135
8326,c,53.131082389884135,53.131082389884135
8327,c,53.131082389884135,53.131082389884135
8328,t,53.131082389884135,53.131082389884135
8329,c,53.131082389884135,53.131082389884135
8330,t,53.131082389884135,53.131082389884135
8331,c,53.131082389884135,53.131082389884135
8332,c,7.5850919841410205,7.991550512181858
8333,c,53.131082389884135,53.131082389884135
8334,c,53.131082389884135,53.131082389884135
8335,t,53.131082389884135,53.131082389884135
8336,t,53.131082389884135,53.131082389884135
8337,c,53.131082389884135,53.131082389884135
8338,c,53.131082389884135,53.131082389884135
8339,c,53.131082389884135,53.131082389884135
8340,c,53.131082389884135,53.131082389884135
8341,c,53.131082389884135,53.131082389884135
8342,t,53.131082389884135,53.131082389884135
8343,c,25.015905616522552,26.614359185155227
8344,c,53.131082389884135,53.131082389884135
8345,t,53.131082389884135,53.131082389884135
8346,c,53.131082389884135,53.131082389884135
8347,c,53.131082389884135,53.131082389884135
8348,c,53.131082389884135,53.131082389884135
8349,c,53.131082389884135,53.131082389884135
8350,c,53.131082389884135,53.131082389884135
8351,c,53.131082389884135,53.131082389884135
8352,t,53.131082389884135,53.131082389884135
8353,t,53.131082389884135,53.131082389884135
8354,c,53.131082389884135,53.131082389884135
8355,c,53.131082389884135,53.131082389884135
8356,c,53.131082389884135,53.131082389884135
8357,c,53.131082389884135,53.131082389884135
8358,c,53.131082389884135,53.131082389884135
8359,t,53.131082389884135,53.131082389884135
8360,c,53.131082389884135,53.131082389884135
8361,c,53.131082389884135,53.131082389884135
8362,c,53.131082389884135,53.131082389884135
8363,c,53.131082389884135,53.131082389884135
8364,c,53.131082389884135,53.131082389884135
8365,t,53.131082389884135,53.131082389884135
8366,c,53.131082389884135,53.131082389884135
8367,c,53.131082389884135,53.131082389884135
8368,t,53.131082389884135,53.131082389884135
8369,c,53.131082389884135,53.131082389884135
8370,c,53.131082389884135,53.131082389884135
8371,c,53.131082389884135,53.131082389884135
8372,c,53.131082389884135,53.131082389884135
8373,c,53.131082389884135,53.131082389884135
8374,c,53.131082389884135,53.131082389884135
8375,c,53.131082389884135,53.131082389884135
8376,c,53.131082389884135,53.131082389884135
8377,c,53.131082389884135,53.131082389884135
8378,c,53.131082389884135,53.131082389884135
8379,t,53.131082389884135,53.131082389884135
8380,c,53.131082389884135,53.131082389884135
8381,c,53.131082389884135,53.131082389884135
8382,c,53.131082389884135,53.131082389884135
8383,c,53.131082389884135,53.131082389884135
8384,c,53.131082389884135,53.131082389884135
8385,c,53.131082389884135,53.131082389884135
8386,c,53.131082389884135,53.131082389884135
8387,c,53.131082389884135,53.131082389884135
8388,c,53.131082389884135,53.131082389884135
8389,c,53.131082389884135,53.131082389884135
8390,c,53.131082389884135,53.131082389884135
8391,c,53.131082389884135,53.131082389884135
8392,c,53.131082389884135,53.131082389884135
8393,t,53.131082389884135,53.131082389884135
8394,c,53.131082389884135,53.131082389884135
8395,c,53.131082389884135,53.131082389884135
8396,c,53.131082389884135,53.131082389884135
8397,c,53.131082389884135,53.131082389884135
8398,c,53.131082389884135,53.131082389884135
8399,c,53.131082389884135,53.131082389884135
8400,c,53.131082389884135,53.131082389884135
8401,c,5.952050688385175,8.31043190578801
8402,c,53.131082389884135,53.131082389884135
8403,c,53.131082389884135,53.131082389884135
8404,c,53.131082389884135,53.131082389884135
8405,c,53.131082389884135,53.131082389884135
8406,t,53.131082389884135,53.131082389884135
8407,c,53.131082389884135,53.131082389884135
8408,c,53.131082389884135,53.131082389884135
8409,t,53.131082389884135,53.131082389884135
8410,c,53.131082389884135,53.131082389884135
8411,t,53.131082389884135,53.131082389884135
8412,c,53.131082389884135,53.131082389884135
8413,t,53.131082389884135,53.131082389884135
8414,c,53.131082389884135,53.131082389884135
8415,c,53.131082389884135,53.131082389884135
8416,c,53.131082389884135,53.131082389884135
8417,c,53.131082389884135,53.131082389884135
8418,c,8.577675260271347,14.872189754404191
8419,t,53.131082389884135,53.131082389884135
8420,na,0.6131585742712298,16.547794786410833
8421,c,53.131082389884135,53.131082389884135
8422,c,53.131082389884135,53.131082389884135
8423,t,53.131082389884135,53.131082389884135
8424,c,53.131082389884135,53.131082389884135
8425,c,53.131082389884135,53.131082389884135
8426,c,53.131082389884135,53.131082389884135
8427,c,53.131082389884135,53.131082389884135
8428,c,53.131082389884135,53.131082389884135
8429,t,53.131082389884135,53.131082389884135
8430,c,53.131082389884135,53.131082389884135
8431,c,53.131082389884135,53.131082389884135
8432,c,53.131082389884135,53.131082389884135
8433,c,53.131082389884135,53.131082389884135
8434,c,13.7470268911409,17.369508422476144
8435,c,53.131082389884135,53.131082389884135
8436,c,53.131082389884135,53.131082389884135
8437,t,53.131082389884135,53.131082389884135
8438,c,9.864692840972916,10.019572256118316
8439,c,10.32478375526446,15.853738998015185
8440,c,53.131082389884135,53.131082389884135
8441,c,53.131082389884135,53.131082389884135
8442,c,53.131082389884135,53.131082389884135
8443,t,53.131082389884135,53.131082389884135
8444,c,53.131082389884135,53.131082389884135
8445,c,53.131082389884135,53.131082389884135
8446,t,53.131082389884135,53.131082389884135
8447,c,53.131082389884135,53.131082389884135
8448,c,53.131082389884135,53.131082389884135
8449,c,53.131082389884135,53.131082389884135
8450,c,53.131082389884135,53.131082389884135
8451,t,53.131082389884135,53.131082389884135
8452,c,53.131082389884135,53.131082389884135
8453,c,53.131082389884135,53.131082389884135
8454,c,53.131082389884135,53.131082389884135
8455,c,4.154430429476329,10.966823082034296
8456,t,53.131082389884135,53.131082389884135
8457,c,53.131082389884135,53.131082389884135
8458,c,53.131082389884135,53.131082389884135
8459,c,7.565564265114507,12.396869543191654
8460,c,53.131082389884135,53.131082389884135
8461,c,53.131082389884135,53.131082389884135
8462,t,53.131082389884135,53.131082389884135
8463,t,53.131082389884135,53.131082389884135
8464,c,53.131082389884135,53.131082389884135
8465,c,53.131082389884135,53.131082389884135
8466,c,16.216881497562518,19.028374654142088
8467,c,53.131082389884135,53.131082389884135
8468,c,53.131082389884135,53.131082389884135
8469,t,53.131082389884135,53.131082389884135
8470,c,53.131082389884135,53.131082389884135
8471,t,53.131082389884135,53.131082389884135
8472,t,53.131082389884135,53.131082389884135
8473,t,53.131082389884135,53.131082389884135
8474,t,53.131082389884135,53.131082389884135
8475,c,53.131082389884135,53.131082389884135
8476,c,53.131082389884135,53.131082389884135
8477,t,53.131082389884135,53.131082389884135
8478,t,53.131082389884135,53.131082389884135
8479,c,53.131082389884135,53.131082389884135
8480,c,53.131082389884135,53.131082389884135
8481,c,53.131082389884135,53.131082389884135
8482,c,53.131082389884135,53.131082389884135
8483,t,53.131082389884135,53.131082389884135
8484,t,53.131082389884135,53.131082389884135
8485,c,53.131082389884135,53.131082389884135
8486,c,53.131082389884135,53.131082389884135
8487,c,53.131082389884135,53.131082389884135
8488,t,53.131082389884135,53.131082389884135
8489,na,3.1561211143656993,3.9045968929359214
8490,c,53.131082389884135,53.131082389884135
8491,c,53.131082389884135,53.131082389884135
8492,na,9.043271039662969,17.152645201507116
8493,c,53.131082389884135,53.131082389884135
8494,c,53.131082389884135,53.131082389884135
8495,t,53.131082389884135,53.131082389884135
8496,c,53.131082389884135,53.131082389884135
8497,t,53.131082389884135,53.131082389884135
8498,c,53.131082389884135,53.131082389884135
8499,c,53.131082389884135,53.131082389884135
8500,c,53.131082389884135,53.131082389884135
8501,t,53.131082389884135,53.131082389884135
8502,c,53.131082389884135,53.131082389884135
8503,c,53.131082389884135,53.131082389884135
8504,c,53.131082389884135,53.131082389884135
8505,c,53.131082389884135,53.131082389884135
8506,c,53.131082389884135,53.131082389884135
8507,t,53.131082389884135,53.131082389884135
8508,c,53.131082389884135,53.131082389884135
8509,c,53.131082389884135,53.131082389884135
8510,c,53.131082389884135,53.131082389884135
8511,c,53.131082389884135,53.131082389884135
8512,c,53.131082389884135,53.131082389884135
8513,c,53.131082389884135,53.131082389884135
8514,c,53.131082389884135,53.131082389884135
8515,c,53.131082389884135,53.131082389884135
8516,c,53.131082389884135,53.131082389884135
8517,t,53.131082389884135,53.131082389884135
8518,c,53.131082389884135,53.131082389884135
8519,t,53.131082389884135,53.131082389884135
8520,c,53.131082389884135,53.131082389884135
8521,c,53.131082389884135,53.131082389884135
8522,c,53.131082389884135,53.131082389884135
8523,t,53.131082389884135,53.131082389884135
8524,t,53.131082389884135,53.131082389884135
8525,na,0.1637736129230772,4.63079212122543
8526,c,53.131082389884135,53.131082389884135
8527,t,53.131082389884135,53.131082389884135
8528,c,53.131082389884135,53.131082389884135
8529,c,16.10523632620453,19.05678132579945
8530,c,53.131082389884135,53.131082389884135
8531,c,53.131082389884135,53.131082389884135
8532,t,53.131082389884135,53.131082389884135
8533,c,53.131082389884135,53.131082389884135
8534,c,53.131082389884135,53.131082389884135
8535,c,53.131082389884135,53.131082389884135
8536,c,5.192269806864217,18.3042320871897
8537,c,53.131082389884135,53.131082389884135
8538,t,53.131082389884135,53.131082389884135
8539,c,53.131082389884135,53.131082389884135
8540,c,53.131082389884135,53.131082389884135
8541,t,53.131082389884135,53.131082389884135
8542,c,53.131082389884135,53.131082389884135
8543,c,53.131082389884135,53.131082389884135
8544,c,53.131082389884135,53.131082389884135
8545,t,53.131082389884135,53.131082389884135
8546,c,53.131082389884135,53.131082389884135
8547,t,53.131082389884135,53.131082389884135
8548,c,53.131082389884135,53.131082389884135
8549,c,53.131082389884135,53.131082389884135
8550,c,53.131082389884135,53.131082389884135
8551,t,53.131082389884135,53.131082389884135
8552,c,53.131082389884135,53.131082389884135
8553,c,53.131082389884135,53.131082389884135
8554,t,53.131082389884135,53.131082389884135
8555,na,53.131082389884135,53.131082389884135
8556,c,17.515997549859904,17.615744642745494
8557,t,53.131082389884135,53.131082389884135
8558,c,53.131082389884135,53.131082389884135
8559,c,53.131082389884135,53.131082389884135
8560,c,53.131082389884135,53.131082389884135
8561,c,53.131082389884135,53.131082389884135
8562,c,53.131082389884135,53.131082389884135
8563,c,53.131082389884135,53.131082389884135
8564,c,53.131082389884135,53.131082389884135
8565,c,53.131082389884135,53.131082389884135
8566,c,53.131082389884135,53.131082389884135
8567,c,53.131082389884135,53.131082389884135
8568,c,53.131082389884135,53.131082389884135
8569,c,53.131082389884135,53.131082389884135
8570,t,53.131082389884135,53.131082389884135
8571,c,53.131082389884135,53.131082389884135
8572,na,3.111268345453603,6.935437507122268
8573,c,53.131082389884135,53.131082389884135
8574,c,53.131082389884135,53.131082389884135
8575,t,53.131082389884135,53.131082389884135
8576,c,53.131082389884135,53.131082389884135
8577,c,53.131082389884135,53.131082389884135
8578,c,53.131082389884135,53.131082389884135
8579,c,53.131082389884135,53.131082389884135
8580,c,53.131082389884135,53.131082389884135
8581,t,53.131082389884135,53.131082389884135
8582,c,53.131082389884135,53.131082389884135
8583,c,53.131082389884135,53.131082389884135
8584,t,53.131082389884135,53.131082389884135
8585,c,53.131082389884135,53.131082389884135
8586,c,53.131082389884135,53.131082389884135
8587,c,53.131082389884135,53.131082389884135
8588,c,53.131082389884135,53.131082389884135
8589,c,53.131082389884135,53.131082389884135
8590,c,53.131082389884135,53.131082389884135
8591,c,53.131082389884135,53.131082389884135
8592,c,53.131082389884135,53.131082389884135
8593,c,53.131082389884135,53.131082389884135
8594,c,53.131082389884135,53.131082389884135
8595,c,53.131082389884135,53.131082389884135
8596,c,53.131082389884135,53.131082389884135
8597,c,53.131082389884135,53.131082389884135
8598,c,53.131082389884135,53.131082389884135
8599,c,53.131082389884135,53.131082389884135
8600,t,53.131082389884135,53.131082389884135
8601,na,-1,0
8602,c,53.131082389884135,53.131082389884135
8603,c,53.131082389884135,53.131082389884135
8604,t,53.131082389884135,53.131082389884135
8605,t,53.131082389884135,53.131082389884135
8606,na,53.131082389884135,53.131082389884135
8607,c,53.131082389884135,53.131082389884135
8608,c,53.131082389884135,53.131082389884135
8609,c,53.131082389884135,53.131082389884135
8610,c,53.131082389884135,53.131082389884135
8611,c,53.131082389884135,53.131082389884135
8612,c,53.131082389884135,53.131082389884135
8613,c,53.131082389884135,53.131082389884135
8614,c,53.131082389884135,53.131082389884135
8615,c,9.8762840726986,10.273075141324934
8616,c,19.84731952163556,33.062158727984595
8617,c,53.131082389884135,53.131082389884135
8618,t,53.131082389884135,53.131082389884135
8619,c,53.131082389884135,53.131082389884135
8620,c,53.131082389884135,53.131082389884135
8621,na,0,0.5867189120618658
8622,c,53.131082389884135,53.131082389884135
8623,t,53.131082389884135,53.131082389884135
8624,t,53.131082389884135,53.131082389884135
8625,c,53.131082389884135,53.131082389884135
8626,t,53.131082389884135,53.131082389884135
8627,c,53.131082389884135,53.131082389884135
8628,c,53.131082389884135,53.131082389884135
8629,t,53.131082389884135,53.131082389884135
8630,c,53.131082389884135,53.131082389884135
8631,c,53.131082389884135,53.131082389884135
8632,t,53.131082389884135,53.131082389884135
8633,na,1.7865949399249295,13.58036023683988
8634,t,53.131082389884135,53.131082389884135
8635,c,53.131082389884135,53.131082389884135
8636,c,53.131082389884135,53.131082389884135
8637,c,53.131082389884135,53.131082389884135
8638,c,53.131082389884135,53.131082389884135
8639,c,53.131082389884135,53.131082389884135
8640,t,53.131082389884135,53.131082389884135
8641,na,0,53.131082389884135
8642,c,53.131082389884135,53.131082389884135
8643,t,53.131082389884135,53.131082389884135
8644,c,53.131082389884135,53.131082389884135
8645,t,53.131082389884135,53.131082389884135
8646,t,53.131082389884135,53.131082389884135
8647,c,53.131082389884135,53.131082389884135
8648,t,53.131082389884135,53.131082389884135
8649,t,53.131082389884135,53.131082389884135
8650,c,8.281077593030362,9.61679546912283
8651,t,53.131082389884135,53.131082389884135
8652,c,53.131082389884135,53.131082389884135
8653,c,53.131082389884135,53.131082389884135
8654,c,53.131082389884135,53.131082389884135
8655,t,53.131082389884135,53.131082389884135
8656,t,53.131082389884135,53.131082389884135
8657,t,53.131082389884135,53.131082389884135
8658,t,53.131082389884135,53.131082389884135
8659,c,53.131082389884135,53.131082389884135
8660,c,53.131082389884135,53.131082389884135
8661,c,53.131082389884135,53.131082389884135
8662,t,53.131082389884135,53.131082389884135
8663,c,53.131082389884135,53.131082389884135
8664,c,53.131082389884135,53.131082389884135
8665,c,53.131082389884135,53.131082389884135
8666,t,53.131082389884135,53.131082389884135
8667,c,53.131082389884135,53.131082389884135
8668,c,53.131082389884135,53.131082389884135
8669,c,53.131082389884135,53.131082389884135
8670,c,53.131082389884135,53.131082389884135
8671,c,53.131082389884135,53.131082389884135
8672,c,53.131082389884135,53.131082389884135
8673,c,3.465525527624557,16.220767139862463
8674,c,53.131082389884135,53.131082389884135
8675,c,53.131082389884135,53.131082389884135
8676,t,53.131082389884135,53.131082389884135
8677,c,53.131082389884135,53.131082389884135
8678,t,53.131082389884135,53.131082389884135
8679,t,53.131082389884135,53.131082389884135
8680,c,53.131082389884135,53.131082389884135
8681,c,53.131082389884135,53.131082389884135
8682,c,53.131082389884135,53.131082389884135
8683,c,53.131082389884135,53.131082389884135
8684,c,53.131082389884135,53.131082389884135
8685,c,53.131082389884135,53.131082389884135
8686,c,53.131082389884135,53.131082389884135
8687,c,53.131082389884135,53.131082389884135
8688,t,53.131082389884135,53.131082389884135
8689,c,53.131082389884135,53.131082389884135
8690,c,53.131082389884135,53.131082389884135
8691,c,19.095630267663918,23.009130695753935
8692,t,53.131082389884135,53.131082389884135
8693,c,53.131082389884135,53.131082389884135
8694,c,53.131082389884135,53.131082389884135
8695,c,53.131082389884135,53.131082389884135
8696,c,53.131082389884135,53.131082389884135
8697,c,53.131082389884135,53.131082389884135
8698,c,53.131082389884135,53.131082389884135
8699,c,53.131082389884135,53.131082389884135
8700,t,53.131082389884135,53.131082389884135
8701,c,53.131082389884135,53.131082389884135
8702,c,53.131082389884135,53.131082389884135
8703,c,53.131082389884135,53.131082389884135
8704,c,53.131082389884135,53.131082389884135
8705,t,53.131082389884135,53.131082389884135
8706,c,53.131082389884135,53.131082389884135
8707,c,53.131082389884135,53.131082389884135
8708,c,53.131082389884135,53.131082389884135
8709,c,53.131082389884135,53.131082389884135
8710,c,53.131082389884135,53.131082389884135
8711,t,53.131082389884135,53.131082389884135
8712,c,53.131082389884135,53.131082389884135
8713,c,53.131082389884135,53.131082389884135
8714,c,53.131082389884135,53.131082389884135
8715,c,53.131082389884135,53.131082389884135
8716,c,3.9579640251935606,53.131082389884135
8717,c,53.131082389884135,53.131082389884135
8718,c,19.212169297822385,25.3696441676643
8719,c,53.131082389884135,53.131082389884135
8720,t,53.131082389884135,53.131082389884135
8721,c,53.131082389884135,53.131082389884135
8722,c,53.131082389884135,53.131082389884135
8723,c,53.131082389884135,53.131082389884135
8724,c,53.131082389884135,53.131082389884135
8725,c,53.131082389884135,53.131082389884135
8726,c,53.131082389884135,53.131082389884135
8727,t,53.131082389884135,53.131082389884135
8728,c,53.131082389884135,53.131082389884135
8729,c,53.131082389884135,53.131082389884135
8730,t,53.131082389884135,53.131082389884135
8731,c,53.131082389884135,53.131082389884135
8732,c,53.131082389884135,53.131082389884135
8733,c,53.131082389884135,53.131082389884135
8734,c,53.131082389884135,53.131082389884135
8735,c,53.131082389884135,53.131082389884135
8736,c,53.131082389884135,53.131082389884135
8737,na,0,1.1874036330716577
8738,c,53.131082389884135,53.131082389884135
8739,c,0.972331689978722,6.144351114721194
8740,t,53.131082389884135,53.131082389884135
8741,c,53.131082389884135,53.131082389884135
8742,c,53.131082389884135,53.131082389884135
8743,c,53.131082389884135,53.131082389884135
8744,c,53.131082389884135,53.131082389884135
8745,t,53.131082389884135,53.131082389884135
8746,c,53.131082389884135,53.131082389884135
8747,c,53.131082389884135,53.131082389884135
8748,c,53.131082389884135,53.131082389884135
8749,c,53.131082389884135,53.131082389884135
8750,c,53.131082389884135,53.131082389884135
8751,c,53.131082389884135,53.131082389884135
8752,c,53.131082389884135,53.131082389884135
8753,c,53.131082389884135,53.131082389884135
8754,c,53.131082389884135,53.131082389884135
8755,t,53.131082389884135,53.131082389884135
8756,t,53.131082389884135,53.131082389884135
8757,c,53.131082389884135,53.131082389884135
8758,c,53.131082389884135,53.131082389884135
8759,c,53.131082389884135,53.131082389884135
8760,c,53.131082389884135,53.131082389884135
8761,c,53.131082389884135,53.131082389884135
8762,c,53.131082389884135,53.131082389884135
8763,c,53.131082389884135,53.131082389884135
8764,t,53.131082389884135,53.131082389884135
8765,c,53.131082389884135,53.131082389884135
8766,c,53.131082389884135,53.131082389884135
8767,c,14.940468053626207,16.117495799027584
8768,c,53.131082389884135,53.131082389884135
8769,t,53.131082389884135,53.131082389884135
8770,t,53.131082389884135,53.131082389884135
8771,c,53.131082389884135,53.131082389884135
8772,c,53.131082389884135,53.131082389884135
8773,c,53.131082389884135,53.131082389884135
8774,c,53.131082389884135,53.131082389884135
8775,t,53.131082389884135,53.131082389884135
8776,c,53.131082389884135,53.131082389884135
8777,c,53.131082389884135,53.131082389884135
8778,c,53.131082389884135,53.131082389884135
8779,na,12.401677396923365,13.696961727679323
8780,c,53.131082389884135,53.131082389884135
8781,c,53.131082389884135,53.131082389884135
8782,c,53.131082389884135,53.131082389884135
8783,c,53.131082389884135,53.131082389884135
8784,c,6.096240658681339,6.575891174466462
8785,t,53.131082389884135,53.131082389884135
8786,c,53.131082389884135,53.131082389884135
8787,c,53.131082389884135,53.131082389884135
8788,c,53.131082389884135,53.131082389884135
8789,t,53.131082389884135,53.131082389884135
8790,c,53.131082389884135,53.131082389884135
8791,c,53.131082389884135,53.131082389884135
8792,c,53.131082389884135,53.131082389884135
8793,c,53.131082389884135,53.131082389884135
8794,c,53.131082389884135,53.131082389884135
8795,c,53.131082389884135,53.131082389884135
8796,c,53.131082389884135,53.131082389884135
8797,c,53.131082389884135,53.131082389884135
8798,c,53.131082389884135,53.131082389884135
8799,c,53.131082389884135,53.131082389884135
8800,t,53.131082389884135,53.131082389884135
8801,c,53.131082389884135,53.131082389884135
8802,t,53.131082389884135,53.131082389884135
8803,c,53.131082389884135,53.131082389884135
8804,c,53.131082389884135,53.131082389884135
8805,c,53.131082389884135,53.131082389884135
8806,c,53.131082389884135,53.131082389884135
8807,c,53.131082389884135,53.131082389884135
8808,c,53.131082389884135,53.131082389884135
8809,c,53.131082389884135,53.131082389884135
8810,c,53.131082389884135,53.131082389884135
8811,c,53.131082389884135,53.131082389884135
8812,c,53.131082389884135,53.131082389884135
8813,c,53.131082389884135,53.131082389884135
8814,na,0.813272471367219,4.132907256869059
8815,c,53.131082389884135,53.131082389884135
8816,c,53.131082389884135,53.131082389884135
8817,c,53.131082389884135,53.131082389884135
8818,c,53.131082389884135,53.131082389884135
8819,t,53.131082389884135,53.131082389884135
8820,c,53.131082389884135,53.131082389884135
8821,c,53.131082389884135,53.131082389884135
8822,na,11.301205033204065,34.70152064096192
8823,c,53.131082389884135,53.131082389884135
8824,c,53.131082389884135,53.131082389884135
8825,t,53.131082389884135,53.131082389884135
8826,t,53.131082389884135,53.131082389884135
8827,t,53.131082389884135,53.131082389884135
8828,c,9.43054613998768,16.86229997874491
8829,c,53.131082389884135,53.131082389884135
8830,t,53.131082389884135,53.131082389884135
8831,c,53.131082389884135,53.131082389884135
8832,c,53.131082389884135,53.131082389884135
8833,c,53.131082389884135,53.131082389884135
8834,c,53.131082389884135,53.131082389884135
8835,c,53.131082389884135,53.131082389884135
8836,c,53.131082389884135,53.131082389884135
8837,c,7.140641022139507,11.123047803268085
8838,t,53.131082389884135,53.131082389884135
8839,c,53.131082389884135,53.131082389884135
8840,t,53.131082389884135,53.131082389884135
8841,c,53.131082389884135,53.131082389884135
8842,c,53.131082389884135,53.131082389884135
8843,c,53.131082389884135,53.131082389884135
8844,c,53.131082389884135,53.131082389884135
8845,c,53.131082389884135,53.131082389884135
8846,c,53.131082389884135,53.131082389884135
8847,c,53.131082389884135,53.131082389884135
8848,t,53.131082389884135,53.131082389884135
8849,c,53.131082389884135,53.131082389884135
8850,t,53.131082389884135,53.131082389884135
8851,c,53.131082389884135,53.131082389884135
8852,c,53.131082389884135,53.131082389884135
8853,c,53.131082389884135,53.131082389884135
8854,c,53.131082389884135,53.131082389884135
8855,c,53.131082389884135,53.131082389884135
8856,c,53.131082389884135,53.131082389884135
8857,c,53.131082389884135,53.131082389884135
8858,c,53.131082389884135,53.131082389884135
8859,c,53.131082389884135,53.131082389884135
8860,c,53.131082389884135,53.131082389884135
8861,na,11.056870032622365,12.172814196436232
8862,c,53.131082389884135,53.131082389884135
8863,c,53.131082389884135,53.131082389884135
8864,t,53.131082389884135,53.131082389884135
8865,c,53.131082389884135,53.131082389884135
8866,c,53.131082389884135,53.131082389884135
8867,c,53.131082389884135,53.131082389884135
8868,c,53.131082389884135,53.131082389884135
8869,c,53.131082389884135,53.131082389884135
8870,c,53.131082389884135,53.131082389884135
8871,c,53.131082389884135,53.131082389884135
8872,c,53.131082389884135,53.131082389884135
8873,c,53.131082389884135,53.131082389884135
8874,c,53.131082389884135,53.131082389884135
8875,t,53.131082389884135,53.131082389884135
8876,t,53.131082389884135,53.131082389884135
8877,c,53.131082389884135,53.131082389884135
8878,c,53.131082389884135,53.131082389884135
8879,c,53.131082389884135,53.131082389884135
8880,c,53.131082389884135,53.131082389884135
8881,c,53.131082389884135,53.131082389884135
8882,t,53.131082389884135,53.131082389884135
8883,c,4.962663758983877,15.941015817738768
8884,c,53.131082389884135,53.131082389884135
8885,t,53.131082389884135,53.131082389884135
8886,t,53.131082389884135,53.131082389884135
8887,t,53.131082389884135,53.131082389884135
8888,c,53.131082389884135,53.131082389884135
8889,c,53.131082389884135,53.131082389884135
8890,c,53.131082389884135,53.131082389884135
8891,c,53.131082389884135,53.131082389884135
8892,c,53.131082389884135,53.131082389884135
8893,c,53.131082389884135,53.131082389884135
8894,t,53.131082389884135,53.131082389884135
8895,t,53.131082389884135,53.131082389884135
8896,c,53.131082389884135,53.131082389884135
8897,c,53.131082389884135,53.131082389884135
8898,c,11.429790923262571,12.811165737204878
8899,na,-1,0
8900,c,53.131082389884135,53.131082389884135
8901,c,53.131082389884135,53.131082389884135
8902,t,53.131082389884135,53.131082389884135
8903,c,53.131082389884135,53.131082389884135
8904,c,2.7523474899818576,3.709497368417139
8905,t,53.131082389884135,53.131082389884135
8906,c,53.131082389884135,53.131082389884135
8907,c,21.567032514548142,26.58341304055854
8908,c,53.131082389884135,53.131082389884135
8909,c,53.131082389884135,53.131082389884135
8910,c,53.131082389884135,53.131082389884135
8911,c,53.131082389884135,53.131082389884135
8912,t,53.131082389884135,53.131082389884135
8913,c,10.943539561829358,30.31050542733355
8914,t,53.131082389884135,53.131082389884135
8915,c,53.131082389884135,53.131082389884135
8916,c,53.131082389884135,53.131082389884135
8917,c,53.131082389884135,53.131082389884135
8918,c,53.131082389884135,53.131082389884135
8919,c,53.131082389884135,53.131082389884135
8920,c,53.131082389884135,53.131082389884135
8921,t,53.131082389884135,53.131082389884135
8922,c,53.131082389884135,53.131082389884135
8923,c,53.131082389884135,53.131082389884135
8924,c,53.131082389884135,53.131082389884135
8925,c,53.131082389884135,53.131082389884135
8926,c,53.131082389884135,53.131082389884135
8927,c,53.131082389884135,53.131082389884135
8928,c,53.131082389884135,53.131082389884135
8929,c,53.131082389884135,53.131082389884135
8930,t,53.131082389884135,53.131082389884135
8931,c,53.131082389884135,53.131082389884135
8932,c,53.131082389884135,53.131082389884135
8933,c,53.131082389884135,53.131082389884135
8934,t,53.131082389884135,53.131082389884135
8935,c,53.131082389884135,53.131082389884135
8936,c,53.131082389884135,53.131082389884135
8937,c,53.131082389884135,53.131082389884135
8938,c,53.131082389884135,53.131082389884135
8939,na,0.9527364731960963,1.2023175879542314
8940,t,53.131082389884135,53.131082389884135
8941,c,53.131082389884135,53.131082389884135
8942,c,53.131082389884135,53.131082389884135
8943,c,53.131082389884135,53.131082389884135
8944,t,53.131082389884135,53.131082389884135
8945,c,53.131082389884135,53.131082389884135
8946,c,53.131082389884135,53.131082389884135
8947,c,53.131082389884135,53.131082389884135
8948,c,53.131082389884135,53.131082389884135
8949,c,53.131082389884135,53.131082389884135
8950,c,53.131082389884135,53.131082389884135
8951,c,53.131082389884135,53.131082389884135
8952,c,53.131082389884135,53.131082389884135
8953,c,53.131082389884135,53.131082389884135
8954,c,53.131082389884135,53.131082389884135
8955,c,53.131082389884135,53.131082389884135
8956,c,53.131082389884135,53.131082389884135
8957,c,53.131082389884135,53.131082389884135
8958,c,53.131082389884135,53.131082389884135
8959,c,53.131082389884135,53.131082389884135
8960,c,53.131082389884135,53.131082389884135
8961,c,53.131082389884135,53.131082389884135
8962,c,53.131082389884135,53.131082389884135
8963,c,19.500469794921273,28.30999790373941
8964,c,53.131082389884135,53.131082389884135
8965,na,8.223785568967628,53.131082389884135
8966,t,53.131082389884135,53.131082389884135
8967,c,53.131082389884135,53.131082389884135
8968,c,53.131082389884135,53.131082389884135
8969,c,53.131082389884135,53.131082389884135
8970,c,53.131082389884135,53.131082389884135
8971,c,53.131082389884135,53.131082389884135
8972,c,23.609093633915855,53.131082389884135
8973,c,53.131082389884135,53.131082389884135
8974,c,53.131082389884135,53.131082389884135
8975,c,53.131082389884135,53.131082389884135
8976,c,53.131082389884135,53.131082389884135
8977,na,-1,0
8978,c,53.131082389884135,53.131082389884135
8979,t,53.131082389884135,53.131082389884135
8980,c,53.131082389884135,53.131082389884135
8981,c,53.131082389884135,53.131082389884135
8982,c,53.131082389884135,53.131082389884135
8983,c,53.131082389884135,53.131082389884135
8984,t,53.131082389884135,53.131082389884135
8985,c,53.131082389884135,53.131082389884135
8986,c,53.131082389884135,53.131082389884135
8987,c,53.131082389884135,53.131082389884135
8988,t,53.131082389884135,53.131082389884135
8989,t,53.131082389884135,53.131082389884135
8990,c,53.131082389884135,53.131082389884135
8991,c,53.131082389884135,53.131082389884135
8992,t,53.131082389884135,53.131082389884135
8993,c,53.131082389884135,53.131082389884135
8994,c,3.1305978047884495,28.222119588595806
8995,na,2.0865911191046784,8.782872787165775
8996,c,53.131082389884135,53.131082389884135
8997,c,53.131082389884135,53.131082389884135
8998,c,53.131082389884135,53.131082389884135
8999,c,53.131082389884135,53.131082389884135
9000,c,53.131082389884135,53.131082389884135
9001,c,53.131082389884135,53.131082389884135
9002,t,53.131082389884135,53.131082389884135
9003,c,53.131082389884135,53.131082389884135
9004,c,53.131082389884135,53.131082389884135
9005,c,53.131082389884135,53.131082389884135
9006,c,53.131082389884135,53.131082389884135
9007,c,53.131082389884135,53.131082389884135
9008,t,53.131082389884135,53.131082389884135
9009,c,53.131082389884135,53.131082389884135
9010,c,53.131082389884135,53.131082389884135
9011,c,53.131082389884135,53.131082389884135
9012,t,53.131082389884135,53.131082389884135
9013,c,53.131082389884135,53.131082389884135
9014,c,53.131082389884135,53.131082389884135
9015,c,12.458020544447134,15.020783721116372
9016,c,3.918993903852914,4.006415706415239
9017,t,53.131082389884135,53.131082389884135
9018,t,53.131082389884135,53.131082389884135
9019,c,53.131082389884135,53.131082389884135
9020,c,53.131082389884135,53.131082389884135
9021,c,53.131082389884135,53.131082389884135
9022,t,53.131082389884135,53.131082389884135
9023,c,53.131082389884135,53.131082389884135
9024,t,53.131082389884135,53.131082389884135
9025,t,53.131082389884135,53.131082389884135
9026,c,53.131082389884135,53.131082389884135
9027,c,53.131082389884135,53.131082389884135
9028,c,53.131082389884135,53.131082389884135
9029,c,53.131082389884135,53.131082389884135
9030,t,53.131082389884135,53.131082389884135
9031,c,53.131082389884135,53.131082389884135
9032,c,53.131082389884135,53.131082389884135
9033,t,53.131082389884135,53.131082389884135
9034,c,53.131082389884135,53.131082389884135
9035,c,53.131082389884135,53.131082389884135
9036,c,53.131082389884135,53.131082389884135
9037,c,49.4279610178936,51.21369580457289
9038,c,53.131082389884135,53.131082389884135
9039,c,53.131082389884135,53.131082389884135
9040,na,0,2.2306456590524064
9041,c,53.131082389884135,53.131082389884135
9042,c,53.131082389884135,53.131082389884135
9043,t,53.131082389884135,53.131082389884135
9044,c,53.131082389884135,53.131082389884135
9045,t,53.131082389884135,53.131082389884135
9046,c,53.131082389884135,53.131082389884135
9047,t,53.131082389884135,53.131082389884135
9048,c,53.131082389884135,53.131082389884135
9049,c,53.131082389884135,53.131082389884135
9050,c,22.071784970674464,24.835275104770904
9051,c,53.131082389884135,53.131082389884135
9052,t,53.131082389884135,53.131082389884135
9053,c,53.131082389884135,53.131082389884135
9054,t,53.131082389884135,53.131082389884135
9055,c,3.3007661956952346,53.131082389884135
9056,t,53.131082389884135,53.131082389884135
9057,c,53.131082389884135,53.131082389884135
9058,c,53.131082389884135,53.131082389884135
9059,c,53.131082389884135,53.131082389884135
9060,c,53.131082389884135,53.131082389884135
9061,c,53.131082389884135,53.131082389884135
9062,c,53.131082389884135,53.131082389884135
9063,c,53.131082389884135,53.131082389884135
9064,c,53.131082389884135,53.131082389884135
9065,t,53.131082389884135,53.131082389884135
9066,t,53.131082389884135,53.131082389884135
9067,c,53.131082389884135,53.131082389884135
9068,c,53.131082389884135,53.131082389884135
9069,c,53.131082389884135,53.131082389884135
9070,c,53.131082389884135,53.131082389884135
9071,c,53.131082389884135,53.131082389884135
9072,t,53.131082389884135,53.131082389884135
9073,na,2.9094017664858494,6.351577539126526
9074,c,53.131082389884135,53.131082389884135
9075,c,53.131082389884135,53.131082389884135
9076,c,53.131082389884135,53.131082389884135
9077,c,53.131082389884135,53.131082389884135
9078,t,53.131082389884135,53.131082389884135
9079,t,53.131082389884135,53.131082389884135
9080,t,53.131082389884135,53.131082389884135
9081,t,53.131082389884135,53.131082389884135
9082,c,53.131082389884135,53.131082389884135
9083,c,53.131082389884135,53.131082389884135
9084,c,53.131082389884135,53.131082389884135
9085,t,53.131082389884135,53.131082389884135
9086,c,53.131082389884135,53.131082389884135
9087,c,53.131082389884135,53.131082389884135
9088,c,53.131082389884135,53.131082389884135
9089,c,53.131082389884135,53.131082389884135
9090,c,53.131082389884135,53.131082389884135
9091,c,53.131082389884135,53.131082389884135
9092,c,53.131082389884135,53.131082389884135
9093,c,53.131082389884135,53.131082389884135
9094,t,53.131082389884135,53.131082389884135
9095,c,53.131082389884135,53.131082389884135
9096,c,53.131082389884135,53.131082389884135
9097,t,53.131082389884135,53.131082389884135
9098,c,53.131082389884135,53.131082389884135
9099,c,53.131082389884135,53.131082389884135
9100,c,53.131082389884135,53.131082389884135
9101,c,53.131082389884135,53.131082389884135
9102,t,53.131082389884135,53.131082389884135
9103,c,53.131082389884135,53.131082389884135
9104,t,53.131082389884135,53.131082389884135
9105,c,18.746312998978947,22.085513993188748
9106,c,53.131082389884135,53.131082389884135
9107,c,12.500493423482325,15.320096238762185
9108,c,53.131082389884135,53.131082389884135
9109,t,53.131082389884135,53.131082389884135
9110,c,53.131082389884135,53.131082389884135
9111,c,53.131082389884135,53.131082389884135
9112,t,53.131082389884135,53.131082389884135
9113,c,53.131082389884135,53.131082389884135
9114,c,53.131082389884135,53.131082389884135
9115,na,5.112306312027164,5.435393356812301
9116,c,53.131082389884135,53.131082389884135
9117,c,3.39682255560061,9.535436688517176
9118,c,53.131082389884135,53.131082389884135
9119,c,53.131082389884135,53.131082389884135
9120,c,53.131082389884135,53.131082389884135
9121,c,53.131082389884135,53.131082389884135
9122,c,53.131082389884135,53.131082389884135
9123,c,53.131082389884135,53.131082389884135
9124,c,53.131082389884135,53.131082389884135
9125,t,53.131082389884135,53.131082389884135
9126,na,-1,0
9127,na,-1,0
9128,c,53.131082389884135,53.131082389884135
9129,c,53.131082389884135,53.131082389884135
9130,c,53.131082389884135,53.131082389884135
9131,c,53.131082389884135,53.131082389884135
9132,c,53.131082389884135,53.131082389884135
9133,c,53.131082389884135,53.131082389884135
9134,c,53.131082389884135,53.131082389884135
9135,c,53.131082389884135,53.131082389884135
9136,c,53.131082389884135,53.131082389884135
9137,c,53.131082389884135,53.131082389884135
9138,c,53.131082389884135,53.131082389884135
9139,c,53.131082389884135,53.131082389884135
9140,c,53.131082389884135,53.131082389884135
9141,t,53.131082389884135,53.131082389884135
9142,c,53.131082389884135,53.131082389884135
9143,c,53.131082389884135,53.131082389884135
9144,c,53.131082389884135,53.131082389884135
9145,c,53.131082389884135,53.131082389884135
9146,c,53.131082389884135,53.131082389884135
9147,c,53.131082389884135,53.131082389884135
9148,c,53.131082389884135,53.131082389884135
9149,c,53.131082389884135,53.131082389884135
9150,t,53.131082389884135,53.131082389884135
9151,c,53.131082389884135,53.131082389884135
9152,c,53.131082389884135,53.131082389884135
9153,c,53.131082389884135,53.131082389884135
9154,t,53.131082389884135,53.131082389884135
9155,c,23.51714755568905,27.930700830953867
9156,na,5.482631212177068,8.749026663567529
9157,c,53.131082389884135,53.131082389884135
9158,c,53.131082389884135,53.131082389884135
9159,c,53.131082389884135,53.131082389884135
9160,c,53.131082389884135,53.131082389884135
9161,c,53.131082389884135,53.131082389884135
9162,c,53.131082389884135,53.131082389884135
9163,c,53.131082389884135,53.131082389884135
9164,t,53.131082389884135,53.131082389884135
9165,t,53.131082389884135,53.131082389884135
9166,c,53.131082389884135,53.131082389884135
9167,c,53.131082389884135,53.131082389884135
9168,c,53.131082389884135,53.131082389884135
9169,c,53.131082389884135,53.131082389884135
9170,c,53.131082389884135,53.131082389884135
9171,t,53.131082389884135,53.131082389884135
9172,c,53.131082389884135,53.131082389884135
9173,c,53.131082389884135,53.131082389884135
9174,c,53.131082389884135,53.131082389884135
9175,c,53.131082389884135,53.131082389884135
9176,c,53.131082389884135,53.131082389884135
9177,t,53.131082389884135,53.131082389884135
9178,t,53.131082389884135,53.131082389884135
9179,c,53.131082389884135,53.131082389884135
9180,c,53.131082389884135,53.131082389884135
9181,c,53.131082389884135,53.131082389884135
9182,c,53.131082389884135,53.131082389884135
9183,c,53.131082389884135,53.131082389884135
9184,c,53.131082389884135,53.131082389884135
9185,c,53.131082389884135,53.131082389884135
9186,c,53.131082389884135,53.131082389884135
9187,c,53.131082389884135,53.131082389884135
9188,c,53.131082389884135,53.131082389884135
9189,c,53.131082389884135,53.131082389884135
9190,c,53.131082389884135,53.131082389884135
9191,c,53.131082389884135,53.131082389884135
9192,na,0,12.794380767158462
9193,c,53.131082389884135,53.131082389884135
9194,c,53.131082389884135,53.131082389884135
9195,c,53.131082389884135,53.131082389884135
9196,c,53.131082389884135,53.131082389884135
9197,c,53.131082389884135,53.131082389884135
9198,c,53.131082389884135,53.131082389884135
9199,c,53.131082389884135,53.131082389884135
9200,c,53.131082389884135,53.131082389884135
9201,c,53.131082389884135,53.131082389884135
9202,c,4.559969268980415,10.383646208624205
9203,c,53.131082389884135,53.131082389884135
9204,c,53.131082389884135,53.131082389884135
9205,t,53.131082389884135,53.131082389884135
9206,t,53.131082389884135,53.131082389884135
9207,c,53.131082389884135,53.131082389884135
9208,c,53.131082389884135,53.131082389884135
9209,c,53.131082389884135,53.131082389884135
9210,c,53.131082389884135,53.131082389884135
9211,t,53.131082389884135,53.131082389884135
9212,c,53.131082389884135,53.131082389884135
9213,t,53.131082389884135,53.131082389884135
9214,c,53.131082389884135,53.131082389884135
9215,na,0,53.131082389884135
9216,c,53.131082389884135,53.131082389884135
9217,c,53.131082389884135,53.131082389884135
9218,c,53.131082389884135,53.131082389884135
9219,c,53.131082389884135,53.131082389884135
9220,c,53.131082389884135,53.131082389884135
9221,c,53.131082389884135,53.131082389884135
9222,c,16.217867272805776,19.68160933711624
9223,t,53.131082389884135,53.131082389884135
9224,c,9.478845890105326,20.46782812178121
9225,na,10.7897314968932,26.16081707411817
9226,t,53.131082389884135,53.131082389884135
9227,c,53.131082389884135,53.131082389884135
9228,c,53.131082389884135,53.131082389884135
9229,c,53.131082389884135,53.131082389884135
9230,t,53.131082389884135,53.131082389884135
9231,c,53.131082389884135,53.131082389884135
9232,c,53.131082389884135,53.131082389884135
9233,c,53.131082389884135,53.131082389884135
9234,t,53.131082389884135,53.131082389884135
9235,c,53.131082389884135,53.131082389884135
9236,c,9.791202230334713,10.24570156316062
9237,c,53.131082389884135,53.131082389884135
9238,t,53.131082389884135,53.131082389884135
9239,c,53.131082389884135,53.131082389884135
9240,c,53.131082389884135,53.131082389884135
9241,t,53.131082389884135,53.131082389884135
9242,c,53.131082389884135,53.131082389884135
9243,c,53.131082389884135,53.131082389884135
9244,c,53.131082389884135,53.131082389884135
9245,na,0,4.60359661229995
9246,t,53.131082389884135,53.131082389884135
9247,c,53.131082389884135,53.131082389884135
9248,c,53.131082389884135,53.131082389884135
9249,c,53.131082389884135,53.131082389884135
9250,c,53.131082389884135,53.131082389884135
9251,c,53.131082389884135,53.131082389884135
9252,c,53.131082389884135,53.131082389884135
9253,t,53.131082389884135,53.131082389884135
9254,c,53.131082389884135,53.131082389884135
9255,c,53.131082389884135,53.131082389884135
9256,c,53.131082389884135,53.131082389884135
9257,c,53.131082389884135,53.131082389884135
9258,c,53.131082389884135,53.131082389884135
9259,c,53.131082389884135,53.131082389884135
9260,c,53.131082389884135,53.131082389884135
9261,c,53.131082389884135,53.131082389884135
9262,c,53.131082389884135,53.131082389884135
9263,c,53.131082389884135,53.131082389884135
9264,c,53.131082389884135,53.131082389884135
9265,c,53.131082389884135,53.131082389884135
9266,t,53.131082389884135,53.131082389884135
9267,c,53.131082389884135,53.131082389884135
9268,c,53.131082389884135,53.131082389884135
9269,t,53.131082389884135,53.131082389884135
9270,c,53.131082389884135,53.131082389884135
9271,t,53.131082389884135,53.131082389884135
9272,c,53.131082389884135,53.131082389884135
9273,c,8.432127155120012,9.670225015468095
9274,c,53.131082389884135,53.131082389884135
9275,t,53.131082389884135,53.131082389884135
9276,c,53.131082389884135,53.131082389884135
9277,c,53.131082389884135,53.131082389884135
9278,c,53.131082389884135,53.131082389884135
9279,c,53.131082389884135,53.131082389884135
9280,c,53.131082389884135,53.131082389884135
9281,c,14.896122475369992,17.456779619263997
9282,c,53.131082389884135,53.131082389884135
9283,c,53.131082389884135,53.131082389884135
9284,c,53.131082389884135,53.131082389884135
9285,c,53.131082389884135,53.131082389884135
9286,c,53.131082389884135,53.131082389884135
9287,c,53.131082389884135,53.131082389884135
9288,c,53.131082389884135,53.131082389884135
9289,c,53.131082389884135,53.131082389884135
9290,c,53.131082389884135,53.131082389884135
9291,c,53.131082389884135,53.131082389884135
9292,c,53.131082389884135,53.131082389884135
9293,c,53.131082389884135,53.131082389884135
9294,c,53.131082389884135,53.131082389884135
9295,c,53.131082389884135,53.131082389884135
9296,c,53.131082389884135,53.131082389884135
9297,c,53.131082389884135,53.131082389884135
9298,c,53.131082389884135,53.131082389884135
9299,c,53.131082389884135,53.131082389884135
9300,c,12.781530802245959,13.979061324377946
9301,c,53.131082389884135,53.131082389884135
9302,t,53.131082389884135,53.131082389884135
9303,c,53.131082389884135,53.131082389884135
9304,c,53.131082389884135,53.131082389884135
9305,c,53.131082389884135,53.131082389884135
9306,t,53.131082389884135,53.131082389884135
9307,c,53.131082389884135,53.131082389884135
9308,c,53.131082389884135,53.131082389884135
9309,c,53.131082389884135,53.131082389884135
9310,t,53.131082389884135,53.131082389884135
9311,c,13.485922425409552,18.62690622949735
9312,t,53.131082389884135,53.131082389884135
9313,t,53.131082389884135,53.131082389884135
9314,t,53.131082389884135,53.131082389884135
9315,t,53.131082389884135,53.131082389884135
9316,t,53.131082389884135,53.131082389884135
9317,na,-1,0
9318,c,53.131082389884135,53.131082389884135
9319,t,53.131082389884135,53.131082389884135
9320,c,53.131082389884135,53.131082389884135
9321,c,53.131082389884135,53.131082389884135
9322,c,53.131082389884135,53.131082389884135
9323,c,53.131082389884135,53.131082389884135
9324,c,53.131082389884135,53.131082389884135
9325,c,53.131082389884135,53.131082389884135
9326,t,53.131082389884135,53.131082389884135
9327,c,53.131082389884135,53.131082389884135
9328,t,53.131082389884135,53.131082389884135
9329,c,53.131082389884135,53.131082389884135
9330,c,53.131082389884135,53.131082389884135
9331,t,53.131082389884135,53.131082389884135
9332,c,53.131082389884135,53.131082389884135
9333,c,53.131082389884135,53.131082389884135
9334,c,53.131082389884135,53.131082389884135
9335,c,53.131082389884135,53.131082389884135
9336,c,53.131082389884135,53.131082389884135
9337,c,8.782204833691564,15.775265073858598
9338,t,53.131082389884135,53.131082389884135
9339,c,53.131082389884135,53.131082389884135
9340,c,53.131082389884135,53.131082389884135
9341,c,53.131082389884135,53.131082389884135
9342,na,16.478840332605625,17.65127447306574
9343,c,53.131082389884135,53.131082389884135
9344,c,53.131082389884135,53.131082389884135
9345,c,53.131082389884135,53.131082389884135
9346,c,53.131082389884135,53.131082389884135
9347,c,53.131082389884135,53.131082389884135
9348,c,53.131082389884135,53.131082389884135
9349,c,53.131082389884135,53.131082389884135
9350,t,53.131082389884135,53.131082389884135
9351,c,53.131082389884135,53.131082389884135
9352,c,53.131082389884135,53.131082389884135
9353,c,53.131082389884135,53.131082389884135
9354,c,53.131082389884135,53.131082389884135
9355,c,53.131082389884135,53.131082389884135
9356,c,53.131082389884135,53.131082389884135
9357,c,53.131082389884135,53.131082389884135
9358,c,53.131082389884135,53.131082389884135
9359,c,53.131082389884135,53.131082389884135
9360,na,2.920951118228158,53.131082389884135
9361,c,53.131082389884135,53.131082389884135
9362,t,53.131082389884135,53.131082389884135
9363,c,53.131082389884135,53.131082389884135
9364,t,53.131082389884135,53.131082389884135
9365,c,53.131082389884135,53.131082389884135
9366,c,53.131082389884135,53.131082389884135
9367,c,53.131082389884135,53.131082389884135
9368,t,53.131082389884135,53.131082389884135
9369,c,53.131082389884135,53.131082389884135
9370,t,53.131082389884135,53.131082389884135
9371,t,53.131082389884135,53.131082389884135
9372,c,53.131082389884135,53.131082389884135
9373,c,53.131082389884135,53.131082389884135
9374,t,53.131082389884135,53.131082389884135
9375,c,53.131082389884135,53.131082389884135
9376,c,53.131082389884135,53.131082389884135
9377,t,53.131082389884135,53.131082389884135
9378,c,53.131082389884135,53.131082389884135
9379,c,53.131082389884135,53.131082389884135
9380,c,53.131082389884135,53.131082389884135
9381,c,53.131082389884135,53.131082389884135
9382,c,53.131082389884135,53.131082389884135
9383,c,53.131082389884135,53.131082389884135
9384,c,53.131082389884135,53.131082389884135
9385,c,53.131082389884135,53.131082389884135
9386,c,53.131082389884135,53.131082389884135
9387,c,53.131082389884135,53.131082389884135
9388,c,53.131082389884135,53.131082389884135
9389,c,53.131082389884135,53.131082389884135
9390,c,53.131082389884135,53.131082389884135
9391,c,53.131082389884135,53.131082389884135
9392,c,53.131082389884135,53.131082389884135
9393,c,53.131082389884135,53.131082389884135
9394,c,6.3319842452432376,6.506892192406629
9395,c,53.131082389884135,53.131082389884135
9396,t,53.131082389884135,53.131082389884135
9397,c,53.131082389884135,53.131082389884135
9398,c,53.131082389884135,53.131082389884135
9399,t,53.131082389884135,53.131082389884135
9400,c,53.131082389884135,53.131082389884135
9401,t,53.131082389884135,53.131082389884135
9402,t,53.131082389884135,53.131082389884135
9403,t,53.131082389884135,53.131082389884135
9404,c,53.131082389884135,53.131082389884135
9405,c,53.131082389884135,53.131082389884135
9406,c,53.131082389884135,53.131082389884135
9407,c,53.131082389884135,53.131082389884135
9408,c,53.131082389884135,53.131082389884135
9409,c,53.131082389884135,53.131082389884135
9410,c,53.131082389884135,53.131082389884135
9411,c,5.38893348951372,5.451998404323696
9412,c,53.131082389884135,53.131082389884135
9413,c,53.131082389884135,53.131082389884135
9414,c,53.131082389884135,53.131082389884135
9415,c,53.131082389884135,53.131082389884135
9416,c,53.131082389884135,53.131082389884135
9417,c,53.131082389884135,53.131082389884135
9418,c,53.131082389884135,53.131082389884135
9419,c,53.131082389884135,53.131082389884135
9420,c,53.131082389884135,53.131082389884135
9421,c,53.131082389884135,53.131082389884135
9422,c,53.131082389884135,53.131082389884135
9423,c,53.131082389884135,53.131082389884135
9424,c,53.131082389884135,53.131082389884135
9425,c,53.131082389884135,53.131082389884135
9426,c,53.131082389884135,53.131082389884135
9427,t,53.131082389884135,53.131082389884135
9428,c,53.131082389884135,53.131082389884135
9429,c,53.131082389884135,53.131082389884135
9430,c,53.131082389884135,53.131082389884135
9431,c,53.131082389884135,53.131082389884135
9432,t,53.131082389884135,53.131082389884135
9433,t,53.131082389884135,53.131082389884135
9434,t,53.131082389884135,53.131082389884135
9435,t,53.131082389884135,53.131082389884135
9436,c,53.131082389884135,53.131082389884135
9437,c,53.131082389884135,53.131082389884135
9438,c,53.131082389884135,53.131082389884135
9439,c,53.131082389884135,53.131082389884135
9440,c,53.131082389884135,53.131082389884135
9441,c,53.131082389884135,53.131082389884135
9442,c,53.131082389884135,53.131082389884135
9443,c,53.131082389884135,53.131082389884135
9444,na,1.1661629422395305,2.7623471656240413
9445,c,53.131082389884135,53.131082389884135
9446,c,16.060916841559614,20.255010147499355
9447,c,53.131082389884135,53.131082389884135
9448,c,53.131082389884135,53.131082389884135
9449,c,53.131082389884135,53.131082389884135
9450,c,53.131082389884135,53.131082389884135
9451,c,53.131082389884135,53.131082389884135
9452,c,53.131082389884135,53.131082389884135
9453,c,53.131082389884135,53.131082389884135
9454,c,53.131082389884135,53.131082389884135
9455,c,10.05050803441679,10.597982592537834
9456,c,53.131082389884135,53.131082389884135
9457,t,53.131082389884135,53.131082389884135
9458,c,53.131082389884135,53.131082389884135
9459,t,53.131082389884135,53.131082389884135
9460,na,0,4.83079085963928
9461,t,53.131082389884135,53.131082389884135
9462,c,53.131082389884135,53.131082389884135
9463,c,53.131082389884135,53.131082389884135
9464,c,53.131082389884135,53.131082389884135
9465,c,53.131082389884135,53.131082389884135
9466,c,53.131082389884135,53.131082389884135
9467,c,53.131082389884135,53.131082389884135
9468,c,53.131082389884135,53.131082389884135
9469,c,53.131082389884135,53.131082389884135
9470,t,53.131082389884135,53.131082389884135
9471,c,53.131082389884135,53.131082389884135
9472,c,53.131082389884135,53.131082389884135
9473,c,53.131082389884135,53.131082389884135
9474,c,53.131082389884135,53.131082389884135
9475,t,53.131082389884135,53.131082389884135
9476,t,53.131082389884135,53.131082389884135
9477,c,53.131082389884135,53.131082389884135
9478,c,53.131082389884135,53.131082389884135
9479,c,53.131082389884135,53.131082389884135
9480,c,53.131082389884135,53.131082389884135
9481,c,53.131082389884135,53.131082389884135
9482,c,53.131082389884135,53.131082389884135
9483,c,53.131082389884135,53.131082389884135
9484,c,53.131082389884135,53.131082389884135
9485,t,53.131082389884135,53.131082389884135
9486,c,53.131082389884135,53.131082389884135
9487,c,10.454130112519314,10.805051561968332
9488,c,53.131082389884135,53.131082389884135
9489,c,53.131082389884135,53.131082389884135
9490,c,13.48118788776623,14.828081733421861
9491,c,53.131082389884135,53.131082389884135
9492,c,53.131082389884135,53.131082389884135
9493,t,53.131082389884135,53.131082389884135
9494,c,53.131082389884135,53.131082389884135
9495,c,53.131082389884135,53.131082389884135
9496,c,53.131082389884135,53.131082389884135
9497,t,53.131082389884135,53.131082389884135
9498,c,53.131082389884135,53.131082389884135
9499,c,53.131082389884135,53.131082389884135
9500,c,53.131082389884135,53.131082389884135
9501,c,53.131082389884135,53.131082389884135
9502,c,53.131082389884135,53.131082389884135
9503,t,53.131082389884135,53.131082389884135
9504,c,53.131082389884135,53.131082389884135
9505,c,53.131082389884135,53.131082389884135
9506,c,53.131082389884135,53.131082389884135
9507,c,53.131082389884135,53.131082389884135
9508,c,53.131082389884135,53.131082389884135
9509,c,53.131082389884135,53.131082389884135
9510,c,40.96980925923484,45.025518833982154
9511,c,53.131082389884135,53.131082389884135
9512,t,53.131082389884135,53.131082389884135
9513,c,53.131082389884135,53.131082389884135
9514,t,53.131082389884135,53.131082389884135
9515,c,53.131082389884135,53.131082389884135
9516,c,53.131082389884135,53.131082389884135
9517,c,53.131082389884135,53.131082389884135
9518,c,12.843394961951631,13.088478483579726
9519,c,53.131082389884135,53.131082389884135
9520,c,53.131082389884135,53.131082389884135
9521,c,53.131082389884135,53.131082389884135
9522,c,53.131082389884135,53.131082389884135
9523,t,53.131082389884135,53.131082389884135
9524,c,53.131082389884135,53.131082389884135
9525,c,18.12598190992553,20.902574589109225
9526,t,53.131082389884135,53.131082389884135
9527,t,53.131082389884135,53.131082389884135
9528,t,53.131082389884135,53.131082389884135
9529,c,53.131082389884135,53.131082389884135
9530,c,53.131082389884135,53.131082389884135
9531,t,53.131082389884135,53.131082389884135
9532,t,53.131082389884135,53.131082389884135
9533,c,53.131082389884135,53.131082389884135
9534,c,53.131082389884135,53.131082389884135
9535,t,53.131082389884135,53.131082389884135
9536,c,53.131082389884135,53.131082389884135
9537,c,53.131082389884135,53.131082389884135
9538,c,53.131082389884135,53.131082389884135
9539,c,53.131082389884135,53.131082389884135
9540,c,53.131082389884135,53.131082389884135
9541,t,53.131082389884135,53.131082389884135
9542,t,53.131082389884135,53.131082389884135
9543,c,53.131082389884135,53.131082389884135
9544,c,53.131082389884135,53.131082389884135
9545,c,53.131082389884135,53.131082389884135
9546,t,53.131082389884135,53.131082389884135
9547,c,53.131082389884135,53.131082389884135
9548,c,53.131082389884135,53.131082389884135
9549,c,53.131082389884135,53.131082389884135
9550,c,53.131082389884135,53.131082389884135
9551,t,53.131082389884135,53.131082389884135
9552,c,53.131082389884135,53.131082389884135
9553,c,53.131082389884135,53.131082389884135
9554,c,53.131082389884135,53.131082389884135
9555,c,53.131082389884135,53.131082389884135
9556,c,53.131082389884135,53.131082389884135
9557,c,53.131082389884135,53.131082389884135
9558,c,53.131082389884135,53.131082389884135
9559,c,53.131082389884135,53.131082389884135
9560,c,53.131082389884135,53.131082389884135
9561,c,53.131082389884135,53.131082389884135
9562,c,53.131082389884135,53.131082389884135
9563,c,53.131082389884135,53.131082389884135
9564,c,53.131082389884135,53.131082389884135
9565,c,53.131082389884135,53.131082389884135
9566,c,53.131082389884135,53.131082389884135
9567,c,53.131082389884135,53.131082389884135
9568,c,53.131082389884135,53.131082389884135
9569,c,53.131082389884135,53.131082389884135
9570,c,53.131082389884135,53.131082389884135
9571,c,48.99687864939195,53.131082389884135
9572,c,53.131082389884135,53.131082389884135
9573,c,53.131082389884135,53.131082389884135
9574,c,53.131082389884135,53.131082389884135
9575,c,53.131082389884135,53.131082389884135
9576,c,53.131082389884135,53.131082389884135
9577,c,53.131082389884135,53.131082389884135
9578,c,53.131082389884135,53.131082389884135
9579,t,53.131082389884135,53.131082389884135
9580,c,53.131082389884135,53.131082389884135
9581,c,53.131082389884135,53.131082389884135
9582,t,53.131082389884135,53.131082389884135
9583,c,53.131082389884135,53.131082389884135
9584,c,53.131082389884135,53.131082389884135
9585,c,53.131082389884135,53.131082389884135
9586,c,15.497927582806716,18.00343682422221
9587,c,53.131082389884135,53.131082389884135
9588,c,53.131082389884135,53.131082389884135
9589,c,53.131082389884135,53.131082389884135
9590,c,53.131082389884135,53.131082389884135
9591,c,53.131082389884135,53.131082389884135
9592,c,53.131082389884135,53.131082389884135
9593,c,53.131082389884135,53.131082389884135
9594,c,53.131082389884135,53.131082389884135
9595,c,53.131082389884135,53.131082389884135
9596,t,53.131082389884135,53.131082389884135
9597,c,53.131082389884135,53.131082389884135
9598,c,53.131082389884135,53.131082389884135
9599,c,53.131082389884135,53.131082389884135
9600,c,53.131082389884135,53.131082389884135
9601,c,53.131082389884135,53.131082389884135
9602,c,53.131082389884135,53.131082389884135
9603,c,53.131082389884135,53.131082389884135
9604,c,53.131082389884135,53.131082389884135
9605,c,53.131082389884135,53.131082389884135
9606,c,53.131082389884135,53.131082389884135
9607,c,53.131082389884135,53.131082389884135
9608,c,53.131082389884135,53.131082389884135
9609,c,53.131082389884135,53.131082389884135
9610,t,53.131082389884135,53.131082389884135
9611,c,53.131082389884135,53.131082389884135
9612,c,53.131082389884135,53.131082389884135
9613,c,53.131082389884135,53.131082389884135
9614,c,53.131082389884135,53.131082389884135
9615,c,53.131082389884135,53.131082389884135
9616,c,53.131082389884135,53.131082389884135
9617,c,53.131082389884135,53.131082389884135
9618,c,53.131082389884135,53.131082389884135
9619,c,53.131082389884135,53.131082389884135
9620,t,53.131082389884135,53.131082389884135
9621,c,53.131082389884135,53.131082389884135
9622,c,53.131082389884135,53.131082389884135
9623,c,1.084249681978663,4.317144518304569
9624,c,53.131082389884135,53.131082389884135
9625,c,53.131082389884135,53.131082389884135
9626,c,53.131082389884135,53.131082389884135
9627,t,53.131082389884135,53.131082389884135
9628,c,53.131082389884135,53.131082389884135
9629,c,53.131082389884135,53.131082389884135
9630,c,53.131082389884135,53.131082389884135
9631,t,53.131082389884135,53.131082389884135
9632,t,53.131082389884135,53.131082389884135
9633,c,53.131082389884135,53.131082389884135
9634,c,53.131082389884135,53.131082389884135
9635,t,53.131082389884135,53.131082389884135
9636,c,53.131082389884135,53.131082389884135
9637,c,53.131082389884135,53.131082389884135
9638,c,53.131082389884135,53.131082389884135
9639,t,53.131082389884135,53.131082389884135
9640,c,53.131082389884135,53.131082389884135
9641,c,53.131082389884135,53.131082389884135
9642,c,2.7799448411983483,22.09019571608295
9643,c,53.131082389884135,53.131082389884135
9644,c,53.131082389884135,53.131082389884135
9645,c,53.131082389884135,53.131082389884135
9646,c,53.131082389884135,53.131082389884135
9647,c,53.131082389884135,53.131082389884135
9648,c,53.131082389884135,53.131082389884135
9649,c,53.131082389884135,53.131082389884135
9650,t,53.131082389884135,53.131082389884135
9651,t,53.131082389884135,53.131082389884135
9652,c,53.131082389884135,53.131082389884135
9653,c,53.131082389884135,53.131082389884135
9654,c,53.131082389884135,53.131082389884135
9655,c,53.131082389884135,53.131082389884135
9656,na,4.016470082767998,11.491573140031203
9657,t,53.131082389884135,53.131082389884135
9658,t,53.131082389884135,53.131082389884135
9659,t,53.131082389884135,53.131082389884135
9660,c,53.131082389884135,53.131082389884135
9661,c,53.131082389884135,53.131082389884135
9662,c,53.131082389884135,53.131082389884135
9663,c,53.131082389884135,53.131082389884135
9664,c,53.131082389884135,53.131082389884135
9665,na,7.436522740086657,7.656346774205772
9666,c,53.131082389884135,53.131082389884135
9667,c,13.344959618989353,15.115215035036982
9668,c,53.131082389884135,53.131082389884135
9669,t,53.131082389884135,53.131082389884135
9670,c,53.131082389884135,53.131082389884135
9671,c,15.669068463905688,19.68632952442484
9672,c,53.131082389884135,53.131082389884135
9673,t,53.131082389884135,53.131082389884135
9674,t,53.131082389884135,53.131082389884135
9675,c,53.131082389884135,53.131082389884135
9676,c,53.131082389884135,53.131082389884135
9677,c,53.131082389884135,53.131082389884135
9678,c,53.131082389884135,53.131082389884135
9679,t,53.131082389884135,53.131082389884135
9680,t,53.131082389884135,53.131082389884135
9681,c,53.131082389884135,53.131082389884135
9682,c,53.131082389884135,53.131082389884135
9683,t,53.131082389884135,53.131082389884135
9684,c,53.131082389884135,53.131082389884135
9685,t,53.131082389884135,53.131082389884135
9686,t,53.131082389884135,53.131082389884135
9687,c,53.131082389884135,53.131082389884135
9688,c,53.131082389884135,53.131082389884135
9689,c,53.131082389884135,53.131082389884135
9690,t,53.131082389884135,53.131082389884135
9691,c,53.131082389884135,53.131082389884135
9692,t,53.131082389884135,53.131082389884135
9693,t,53.131082389884135,53.131082389884135
9694,c,53.131082389884135,53.131082389884135
9695,c,53.131082389884135,53.131082389884135
9696,c,53.131082389884135,53.131082389884135
9697,c,53.131082389884135,53.131082389884135
9698,c,53.131082389884135,53.131082389884135
9699,c,53.131082389884135,53.131082389884135
9700,na,-1,0
9701,c,53.131082389884135,53.131082389884135
9702,c,53.131082389884135,53.131082389884135
9703,c,53.131082389884135,53.131082389884135
9704,c,53.131082389884135,53.131082389884135
9705,t,53.131082389884135,53.131082389884135
9706,t,53.131082389884135,53.131082389884135
9707,t,53.131082389884135,53.131082389884135
9708,t,53.131082389884135,53.131082389884135
9709,c,53.131082389884135,53.131082389884135
9710,c,53.131082389884135,53.131082389884135
9711,c,53.131082389884135,53.131082389884135
9712,c,53.131082389884135,53.131082389884135
9713,t,53.131082389884135,53.131082389884135
9714,c,53.131082389884135,53.131082389884135
9715,c,53.131082389884135,53.131082389884135
9716,c,53.131082389884135,53.131082389884135
9717,na,2.643171409698705,3.2020844525948675
9718,c,53.131082389884135,53.131082389884135
9719,c,53.131082389884135,53.131082389884135
9720,c,53.131082389884135,53.131082389884135
9721,c,53.131082389884135,53.131082389884135
9722,c,53.131082389884135,53.131082389884135
9723,t,53.131082389884135,53.131082389884135
9724,c,53.131082389884135,53.131082389884135
9725,c,53.131082389884135,53.131082389884135
9726,c,53.131082389884135,53.131082389884135
9727,c,53.131082389884135,53.131082389884135
9728,c,53.131082389884135,53.131082389884135
9729,c,19.337613244805944,24.607153456874244
9730,c,53.131082389884135,53.131082389884135
9731,c,53.131082389884135,53.131082389884135
9732,c,53.131082389884135,53.131082389884135
9733,t,53.131082389884135,53.131082389884135
9734,c,7.67947551142396,9.978535381787403
9735,c,53.131082389884135,53.131082389884135
9736,t,53.131082389884135,53.131082389884135
9737,t,53.131082389884135,53.131082389884135
9738,c,15.678074871307015,21.951481862659545
9739,c,2.0399330830702915,7.798478258805481
9740,c,53.131082389884135,53.131082389884135
9741,c,13.930843625610914,17.66510226458907
9742,c,53.131082389884135,53.131082389884135
9743,c,4.3677026713529665,14.171933808911557
9744,c,53.131082389884135,53.131082389884135
9745,c,53.131082389884135,53.131082389884135
9746,c,53.131082389884135,53.131082389884135
9747,c,53.131082389884135,53.131082389884135
9748,c,53.131082389884135,53.131082389884135
9749,c,53.131082389884135,53.131082389884135
9750,t,53.131082389884135,53.131082389884135
9751,c,16.60009232975317,53.131082389884135
9752,c,53.131082389884135,53.131082389884135
9753,c,53.131082389884135,53.131082389884135
9754,c,13.60154778553193,16.08958994196881
9755,t,53.131082389884135,53.131082389884135
9756,c,53.131082389884135,53.131082389884135
9757,c,53.131082389884135,53.131082389884135
9758,c,53.131082389884135,53.131082389884135
9759,c,53.131082389884135,53.131082389884135
9760,na,0,0.22783911742374782
9761,c,53.131082389884135,53.131082389884135
9762,c,53.131082389884135,53.131082389884135
9763,c,53.131082389884135,53.131082389884135
9764,t,53.131082389884135,53.131082389884135
9765,t,53.131082389884135,53.131082389884135
9766,c,53.131082389884135,53.131082389884135
9767,t,53.131082389884135,53.131082389884135
9768,c,53.131082389884135,53.131082389884135
9769,t,53.131082389884135,53.131082389884135
9770,c,53.131082389884135,53.131082389884135
9771,c,53.131082389884135,53.131082389884135
9772,c,53.131082389884135,53.131082389884135
9773,c,53.131082389884135,53.131082389884135
9774,c,53.131082389884135,53.131082389884135
9775,c,53.131082389884135,53.131082389884135
9776,c,53.131082389884135,53.131082389884135
9777,na,1.6361485840978893,3.8475153018337567
9778,c,53.131082389884135,53.131082389884135
9779,c,53.131082389884135,53.131082389884135
9780,c,53.131082389884135,53.131082389884135
9781,c,53.131082389884135,53.131082389884135
9782,c,53.131082389884135,53.131082389884135
9783,t,53.131082389884135,53.131082389884135
9784,c,53.131082389884135,53.131082389884135
9785,t,53.131082389884135,53.131082389884135
9786,c,53.131082389884135,53.131082389884135
9787,t,53.131082389884135,53.131082389884135
9788,t,53.131082389884135,53.131082389884135
9789,c,53.131082389884135,53.131082389884135
9790,c,6.522946772945868,20.959758245661572
9791,t,53.131082389884135,53.131082389884135
9792,c,53.131082389884135,53.131082389884135
9793,c,53.131082389884135,53.131082389884135
9794,c,53.131082389884135,53.131082389884135
9795,c,53.131082389884135,53.131082389884135
9796,c,53.131082389884135,53.131082389884135
9797,c,53.131082389884135,53.131082389884135
9798,c,53.131082389884135,53.131082389884135
9799,c,53.131082389884135,53.131082389884135
9800,c,53.131082389884135,53.131082389884135
9801,t,53.131082389884135,53.131082389884135
9802,na,0,4.361968526689772
9803,t,53.131082389884135,53.131082389884135
9804,c,53.131082389884135,53.131082389884135
9805,na,0,2.0237883649816846
9806,c,53.131082389884135,53.131082389884135
9807,c,53.131082389884135,53.131082389884135
9808,c,53.131082389884135,53.131082389884135
9809,c,53.131082389884135,53.131082389884135
9810,c,53.131082389884135,53.131082389884135
9811,na,0,0.4200027334822278
9812,c,53.131082389884135,53.131082389884135
9813,c,53.131082389884135,53.131082389884135
9814,c,53.131082389884135,53.131082389884135
9815,c,53.131082389884135,53.131082389884135
9816,c,53.131082389884135,53.131082389884135
9817,c,53.131082389884135,53.131082389884135
9818,c,53.131082389884135,53.131082389884135
9819,c,53.131082389884135,53.131082389884135
9820,t,53.131082389884135,53.131082389884135
9821,c,53.131082389884135,53.131082389884135
9822,c,53.131082389884135,53.131082389884135
9823,c,53.131082389884135,53.131082389884135
9824,c,53.131082389884135,53.131082389884135
9825,c,53.131082389884135,53.131082389884135
9826,c,53.131082389884135,53.131082389884135
9827,t,53.131082389884135,53.131082389884135
9828,c,53.131082389884135,53.131082389884135
9829,t,53.131082389884135,53.131082389884135
9830,c,53.131082389884135,53.131082389884135
9831,t,53.131082389884135,53.131082389884135
9832,t,53.131082389884135,53.131082389884135
9833,c,53.131082389884135,53.131082389884135
9834,c,53.131082389884135,53.131082389884135
9835,c,53.131082389884135,53.131082389884135
9836,c,53.131082389884135,53.131082389884135
9837,c,53.131082389884135,53.131082389884135
9838,c,53.131082389884135,53.131082389884135
9839,c,53.131082389884135,53.131082389884135
9840,t,53.131082389884135,53.131082389884135
9841,c,53.131082389884135,53.131082389884135
9842,c,53.131082389884135,53.131082389884135
9843,c,9.921896821568923,10.130715241473638
9844,t,53.131082389884135,53.131082389884135
9845,c,53.131082389884135,53.131082389884135
9846,c,53.131082389884135,53.131082389884135
9847,c,53.131082389884135,53.131082389884135
9848,c,53.131082389884135,53.131082389884135
9849,c,53.131082389884135,53.131082389884135
9850,na,-1,0
9851,c,53.131082389884135,53.131082389884135
9852,t,53.131082389884135,53.131082389884135
9853,c,53.131082389884135,53.131082389884135
9854,c,53.131082389884135,53.131082389884135
9855,c,53.131082389884135,53.131082389884135
9856,c,53.131082389884135,53.131082389884135
9857,c,53.131082389884135,53.131082389884135
9858,c,53.131082389884135,53.131082389884135
9859,c,53.131082389884135,53.131082389884135
9860,c,53.131082389884135,53.131082389884135
9861,c,53.131082389884135,53.131082389884135
9862,c,53.131082389884135,53.131082389884135
9863,c,53.131082389884135,53.131082389884135
9864,c,53.131082389884135,53.131082389884135
9865,c,53.131082389884135,53.131082389884135
9866,c,53.131082389884135,53.131082389884135
9867,c,5.203692517647566,16.550767183292653
9868,c,53.131082389884135,53.131082389884135
9869,t,53.131082389884135,53.131082389884135
9870,c,53.131082389884135,53.131082389884135
9871,na,0,4.82397731564762
9872,c,12.88668500689141,14.700964351892486
9873,c,53.131082389884135,53.131082389884135
9874,c,53.131082389884135,53.131082389884135
9875,c,12.403923878046259,19.225054838931477
9876,t,53.131082389884135,53.131082389884135
9877,t,53.131082389884135,53.131082389884135
9878,c,53.131082389884135,53.131082389884135
9879,c,53.131082389884135,53.131082389884135
9880,t,53.131082389884135,53.131082389884135
9881,c,53.131082389884135,53.131082389884135
9882,c,53.131082389884135,53.131082389884135
9883,c,53.131082389884135,53.131082389884135
9884,c,53.131082389884135,53.131082389884135
9885,c,53.131082389884135,53.131082389884135
9886,c,53.131082389884135,53.131082389884135
9887,c,53.131082389884135,53.131082389884135
9888,c,53.131082389884135,53.131082389884135
9889,c,53.131082389884135,53.131082389884135
9890,t,53.131082389884135,53.131082389884135
9891,t,53.131082389884135,53.131082389884135
9892,c,14.78652632186123,15.755413276841656
9893,c,53.131082389884135,53.131082389884135
9894,c,53.131082389884135,53.131082389884135
9895,c,53.131082389884135,53.131082389884135
9896,c,53.131082389884135,53.131082389884135
9897,c,14.177408540377554,16.52490740038858
9898,t,53.131082389884135,53.131082389884135
9899,c,53.131082389884135,53.131082389884135
9900,c,4.005597089812034,10.08503702382249
9901,c,53.131082389884135,53.131082389884135
9902,t,53.131082389884135,53.131082389884135
9903,c,53.131082389884135,53.131082389884135
9904,c,53.131082389884135,53.131082389884135
9905,c,53.131082389884135,53.131082389884135
9906,c,53.131082389884135,53.131082389884135
9907,c,53.131082389884135,53.131082389884135
9908,c,7.972244956395735,8.982156381400548
9909,c,53.131082389884135,53.131082389884135
9910,c,53.131082389884135,53.131082389884135
9911,c,53.131082389884135,53.131082389884135
9912,c,53.131082389884135,53.131082389884135
9913,c,53.131082389884135,53.131082389884135
9914,c,53.131082389884135,53.131082389884135
9915,c,53.131082389884135,53.131082389884135
9916,c,53.131082389884135,53.131082389884135
9917,c,7.242121737989866,8.034201671428212
9918,c,53.131082389884135,53.131082389884135
9919,c,53.131082389884135,53.131082389884135
9920,c,53.131082389884135,53.131082389884135
9921,c,53.131082389884135,53.131082389884135
9922,c,53.131082389884135,53.131082389884135
9923,c,53.131082389884135,53.131082389884135
9924,c,53.131082389884135,53.131082389884135
9925,c,53.131082389884135,53.131082389884135
9926,c,53.131082389884135,53.131082389884135
9927,c,53.131082389884135,53.131082389884135
9928,c,53.131082389884135,53.131082389884135
9929,c,53.131082389884135,53.131082389884135
9930,c,53.131082389884135,53.131082389884135
9931,c,53.131082389884135,53.131082389884135
9932,c,53.131082389884135,53.131082389884135
9933,t,53.131082389884135,53.131082389884135
9934,c,53.131082389884135,53.131082389884135
9935,t,53.131082389884135,53.131082389884135
9936,c,53.131082389884135,53.131082389884135
9937,t,53.131082389884135,53.131082389884135
9938,t,53.131082389884135,53.131082389884135
9939,t,53.131082389884135,53.131082389884135
9940,c,53.131082389884135,53.131082389884135
9941,c,53.131082389884135,53.131082389884135
9942,c,53.131082389884135,53.131082389884135
9943,t,53.131082389884135,53.131082389884135
9944,c,53.131082389884135,53.131082389884135
9945,c,53.131082389884135,53.131082389884135
9946,c,53.131082389884135,53.131082389884135
9947,c,53.131082389884135,53.131082389884135
9948,c,53.131082389884135,53.131082389884135
9949,c,53.131082389884135,53.131082389884135
9950,c,53.131082389884135,53.131082389884135
9951,c,53.131082389884135,53.131082389884135
9952,c,53.131082389884135,53.131082389884135
9953,c,53.131082389884135,53.131082389884135
9954,c,53.131082389884135,53.131082389884135
9955,c,53.131082389884135,53.131082389884135
9956,c,53.131082389884135,53.131082389884135
9957,c,53.131082389884135,53.131082389884135
9958,t,53.131082389884135,53.131082389884135
9959,t,53.131082389884135,53.131082389884135
9960,c,53.131082389884135,53.131082389884135
9961,c,3.610038297693607,3.9719042381899765
9962,c,53.131082389884135,53.131082389884135
9963,c,53.131082389884135,53.131082389884135
9964,na,5.8632819532753295,7.8271117180199345
9965,c,53.131082389884135,53.131082389884135
9966,c,53.131082389884135,53.131082389884135
9967,t,53.131082389884135,53.131082389884135
9968,t,53.131082389884135,53.131082389884135
9969,c,53.131082389884135,53.131082389884135
9970,c,53.131082389884135,53.131082389884135
9971,c,53.131082389884135,53.131082389884135
9972,t,53.131082389884135,53.131082389884135
9973,c,53.131082389884135,53.131082389884135
9974,t,53.131082389884135,53.131082389884135
9975,c,53.131082389884135,53.131082389884135
9976,c,53.131082389884135,53.131082389884135
9977,t,53.131082389884135,53.131082389884135
9978,c,53.131082389884135,53.131082389884135
9979,c,53.131082389884135,53.131082389884135
9980,na,0.7400967055651242,0.7525790373706932
9981,c,53.131082389884135,53.131082389884135
9982,t,53.131082389884135,53.131082389884135
9983,c,53.131082389884135,53.131082389884135
9984,c,14.58453441992169,19.12700180943051
9985,c,7.103351374274195,13.819632743838003
9986,c,53.131082389884135,53.131082389884135
9987,c,53.131082389884135,53.131082389884135
9988,c,53.131082389884135,53.131082389884135
9989,c,53.131082389884135,53.131082389884135
9990,c,53.131082389884135,53.131082389884135
9991,c,53.131082389884135,53.131082389884135
9992,t,53.131082389884135,53.131082389884135
9993,t,53.131082389884135,53.131082389884135
9994,c,53.131082389884135,53.131082389884135
9995,c,11.834789327516948,11.981362220146655
9996,c,53.131082389884135,53.131082389884135
9997,c,53.131082389884135,53.131082389884135
9998,c,53.131082389884135,53.131082389884135
9999,c,53.131082389884135,53.131082389884135
